Textbox554,Textbox598,Textbox510,Textbox466,Textbox7,Textbox35,Textbox62,Textbox134,Textbox141,Textbox144,Textbox148,Textbox171,Textbox158,Textbox161,Textbox168,Textbox151,Textbox299,Textbox6,Textbox8,Textbox10,Textbox12,Textbox14,Textbox16,Textbox18,Textbox22,Textbox24,Textbox26,Textbox66,Textbox36,Textbox34,Textbox32,Textbox30,Textbox28,Textbox63,Textbox61,Textbox58,Textbox56,Textbox54,Textbox50,Textbox48,Textbox46,Textbox44,Textbox42,Textbox40,Textbox65,Textbox85,Textbox83,Textbox81,Textbox79,Textbox77,Textbox73,Textbox87,Textbox71,Textbox152,Textbox69,Textbox67,Textbox38,LOCATION_NAME,IMS_YEAR,TN_PROPOSALS,TN_LEN,TN_AMT,POP1000,POP999,POP499,POP250,TU_PROPOSALS,TU_LEN,TU_AMT,TN_PROPOSALS_LSB,TOT_PROP,TOT_LEN,TOT_AMT,FUNDS_RELEASED,CN_PROPOSALS,CN_LEN,CN_AMT,CPOP1000,CPOP999,CPOP499,CPOP250,CU_PROPOSALS,CU_LEN,CU_AMT,CTOT_PROP,CTOT_LEN,CTOT_AMT,CCN_PROPOSALS,CCN_LEN,CCN_AMT,CCPOP1000,CCPOP999,CCPOP499,CCPOP2501,CCU_PROPOSALS,CCU_LEN,CCU_AMT,TN_COMPLETED_LSB,CCTOT_PROP,CCTOT_LEN,CCTOT_AMT,Textbox174,Textbox175,Textbox176,Textbox177,Textbox178,Textbox179,Textbox180,Textbox181,Textbox182,Textbox183,Textbox184,Textbox172,Textbox185,Textbox186,Textbox187,Textbox188,Textbox189,Textbox190,Textbox191,Textbox192,Textbox193,Textbox194,Textbox9,Textbox196,Textbox197,Textbox198,Textbox199,Textbox200,Textbox201,Textbox157,Textbox203,Textbox159,Textbox205,Textbox206,Textbox207,Textbox208,Textbox209,Textbox210,Textbox166,Textbox160,Textbox212,Textbox213,Textbox214,Textbox215,Textbox216,Textbox217,Textbox218,Textbox219,Textbox220,Textbox221,Textbox222,Textbox223,Textbox224,Textbox225,Textbox165,Textbox226,Textbox227,Textbox228,Textbox229,Textbox230,Textbox231,Textbox232,Textbox233,Textbox234,Textbox235,Textbox149,Textbox237,Textbox238,Textbox239,Textbox240,Textbox241,Textbox242,Textbox90,Textbox244,Textbox92,Textbox246,Textbox247,Textbox248,Textbox249,Textbox250,Textbox251,Textbox142,Textbox162,Textbox253,Textbox254,Textbox255,Textbox642
Pradhan Mantri Gram Sadak Yojana,Monthly Report Format for Physical & Financial Progress under PMGSY,State: Himachal Pradesh     District: All Districts     Block: All Blocks     Year: 2015     Month: January     Collaboration: All Collaborations     Agency:  Public Works Department   Scheme: All Scheme,Note : All Costs and Expenditures in Lakhs and Length in Kms.,Clearance,Progress During Month,Cumulative Progress,New Connectivity,Upgradation,Total,New Connectivity,Upgradation,Total,New Connectivity,Upgradation,Total,Sr.No.,Sanction Year,Nos.,Length,Cost,1000+,999-500,499-250 (Eligible),Nos.,Length,Cost,LSB Nos.,Road Nos.,Road Length,Cost,Funds Released,Nos.,Length,Expenditure,1000+,999-500,499-250 (Eligible),Nos.,Length,Expenditure,Nos.,Length,Expenditure,Nos.,Length,Expenditure,1000+,999-500,499-250 (Eligible),Nos.,Length,Expenditure,LSB Nos.,Road Nos.,Road Length,Expenditure,Bilaspur,2000 - 2001,5,22.585,275.00,1,1,6,0,0,0.000,0.00,0,5,22.585,275.00,0.00,0,0.000,191.79,0,0,0,0,0,0.000,0.00,0,0.000,191.79,5,22.580,191.79,1,1,6,0,0,0.000,0.00,0,5,22.580,191.79,Total,122,415.495,"11,413.03",14,58,61,0,54,579.020,"34,906.59",0,176,994.515,"46,319.62",0.00,0,0.000,"6,604.65",0,0,0,0,0,0.000,"2,512.86",0,0.000,"9,117.51",93,295.192,"6,658.76",13,56,35,0,8,158.805,"2,512.86",0,101,453.997,"9,171.62",Grand Total,"2,828","14,912.843","5,22,499.08",197,816,"1,549",0,"1,049","10,064.773","6,11,256.74",126,"3,877","24,977.616","11,33,755.83",0.00,7,32.021,"1,56,370.80",0,0,3,0,0,0.000,"42,249.24",7,32.021,"1,98,649.45","1,613","7,343.664","1,58,387.30",179,696,"1,041",0,227,"2,403.111","42,429.07",0,"1,840","9,746.775","2,00,991.92","Page 1 of 1     Generated on : 12/03/2025 23:17 PM     2014 NRRDA, All rights reserved"
Pradhan Mantri Gram Sadak Yojana,Monthly Report Format for Physical & Financial Progress under PMGSY,State: Himachal Pradesh     District: All Districts     Block: All Blocks     Year: 2015     Month: January     Collaboration: All Collaborations     Agency:  Public Works Department   Scheme: All Scheme,Note : All Costs and Expenditures in Lakhs and Length in Kms.,Clearance,Progress During Month,Cumulative Progress,New Connectivity,Upgradation,Total,New Connectivity,Upgradation,Total,New Connectivity,Upgradation,Total,Sr.No.,Sanction Year,Nos.,Length,Cost,1000+,999-500,499-250 (Eligible),Nos.,Length,Cost,LSB Nos.,Road Nos.,Road Length,Cost,Funds Released,Nos.,Length,Expenditure,1000+,999-500,499-250 (Eligible),Nos.,Length,Expenditure,Nos.,Length,Expenditure,Nos.,Length,Expenditure,1000+,999-500,499-250 (Eligible),Nos.,Length,Expenditure,LSB Nos.,Road Nos.,Road Length,Expenditure,Bilaspur,2001 - 2002,10,37.400,541.74,3,7,0,0,0,0.000,0.00,0,10,37.400,541.74,0.00,0,0.000,512.77,0,0,0,0,0,0.000,0.00,0,0.000,512.77,10,35.300,512.77,3,7,0,0,0,0.000,0.00,0,10,35.300,512.77,Total,122,415.495,"11,413.03",14,58,61,0,54,579.020,"34,906.59",0,176,994.515,"46,319.62",0.00,0,0.000,"6,604.65",0,0,0,0,0,0.000,"2,512.86",0,0.000,"9,117.51",93,295.192,"6,658.76",13,56,35,0,8,158.805,"2,512.86",0,101,453.997,"9,171.62",Grand Total,"2,828","14,912.843","5,22,499.08",197,816,"1,549",0,"1,049","10,064.773","6,11,256.74",126,"3,877","24,977.616","11,33,755.83",0.00,7,32.021,"1,56,370.80",0,0,3,0,0,0.000,"42,249.24",7,32.021,"1,98,649.45","1,613","7,343.664","1,58,387.30",179,696,"1,041",0,227,"2,403.111","42,429.07",0,"1,840","9,746.775","2,00,991.92","Page 1 of 1     Generated on : 12/03/2025 23:17 PM     2014 NRRDA, All rights reserved"
Pradhan Mantri Gram Sadak Yojana,Monthly Report Format for Physical & Financial Progress under PMGSY,State: Himachal Pradesh     District: All Districts     Block: All Blocks     Year: 2015     Month: January     Collaboration: All Collaborations     Agency:  Public Works Department   Scheme: All Scheme,Note : All Costs and Expenditures in Lakhs and Length in Kms.,Clearance,Progress During Month,Cumulative Progress,New Connectivity,Upgradation,Total,New Connectivity,Upgradation,Total,New Connectivity,Upgradation,Total,Sr.No.,Sanction Year,Nos.,Length,Cost,1000+,999-500,499-250 (Eligible),Nos.,Length,Cost,LSB Nos.,Road Nos.,Road Length,Cost,Funds Released,Nos.,Length,Expenditure,1000+,999-500,499-250 (Eligible),Nos.,Length,Expenditure,Nos.,Length,Expenditure,Nos.,Length,Expenditure,1000+,999-500,499-250 (Eligible),Nos.,Length,Expenditure,LSB Nos.,Road Nos.,Road Length,Expenditure,Bilaspur,2003 - 2004,23,90.950,"1,398.23",4,16,11,0,0,0.000,0.00,0,23,90.950,"1,398.23",0.00,0,0.000,"1,265.90",0,0,0,0,0,0.000,0.00,0,0.000,"1,265.90",22,86.550,"1,265.90",4,15,10,0,0,0.000,0.00,0,22,86.550,"1,265.90",Total,122,415.495,"11,413.03",14,58,61,0,54,579.020,"34,906.59",0,176,994.515,"46,319.62",0.00,0,0.000,"6,604.65",0,0,0,0,0,0.000,"2,512.86",0,0.000,"9,117.51",93,295.192,"6,658.76",13,56,35,0,8,158.805,"2,512.86",0,101,453.997,"9,171.62",Grand Total,"2,828","14,912.843","5,22,499.08",197,816,"1,549",0,"1,049","10,064.773","6,11,256.74",126,"3,877","24,977.616","11,33,755.83",0.00,7,32.021,"1,56,370.80",0,0,3,0,0,0.000,"42,249.24",7,32.021,"1,98,649.45","1,613","7,343.664","1,58,387.30",179,696,"1,041",0,227,"2,403.111","42,429.07",0,"1,840","9,746.775","2,00,991.92","Page 1 of 1     Generated on : 12/03/2025 23:17 PM     2014 NRRDA, All rights reserved"
Pradhan Mantri Gram Sadak Yojana,Monthly Report Format for Physical & Financial Progress under PMGSY,State: Himachal Pradesh     District: All Districts     Block: All Blocks     Year: 2015     Month: January     Collaboration: All Collaborations     Agency:  Public Works Department   Scheme: All Scheme,Note : All Costs and Expenditures in Lakhs and Length in Kms.,Clearance,Progress During Month,Cumulative Progress,New Connectivity,Upgradation,Total,New Connectivity,Upgradation,Total,New Connectivity,Upgradation,Total,Sr.No.,Sanction Year,Nos.,Length,Cost,1000+,999-500,499-250 (Eligible),Nos.,Length,Cost,LSB Nos.,Road Nos.,Road Length,Cost,Funds Released,Nos.,Length,Expenditure,1000+,999-500,499-250 (Eligible),Nos.,Length,Expenditure,Nos.,Length,Expenditure,Nos.,Length,Expenditure,1000+,999-500,499-250 (Eligible),Nos.,Length,Expenditure,LSB Nos.,Road Nos.,Road Length,Expenditure,Bilaspur,2004 - 2005,2,11.700,219.47,1,0,1,0,0,0.000,0.00,0,2,11.700,219.47,0.00,0,0.000,160.16,0,0,0,0,0,0.000,0.00,0,0.000,160.16,1,3.700,160.16,0,0,0,0,0,0.000,0.00,0,1,3.700,160.16,Total,122,415.495,"11,413.03",14,58,61,0,54,579.020,"34,906.59",0,176,994.515,"46,319.62",0.00,0,0.000,"6,604.65",0,0,0,0,0,0.000,"2,512.86",0,0.000,"9,117.51",93,295.192,"6,658.76",13,56,35,0,8,158.805,"2,512.86",0,101,453.997,"9,171.62",Grand Total,"2,828","14,912.843","5,22,499.08",197,816,"1,549",0,"1,049","10,064.773","6,11,256.74",126,"3,877","24,977.616","11,33,755.83",0.00,7,32.021,"1,56,370.80",0,0,3,0,0,0.000,"42,249.24",7,32.021,"1,98,649.45","1,613","7,343.664","1,58,387.30",179,696,"1,041",0,227,"2,403.111","42,429.07",0,"1,840","9,746.775","2,00,991.92","Page 1 of 1     Generated on : 12/03/2025 23:17 PM     2014 NRRDA, All rights reserved"
Pradhan Mantri Gram Sadak Yojana,Monthly Report Format for Physical & Financial Progress under PMGSY,State: Himachal Pradesh     District: All Districts     Block: All Blocks     Year: 2015     Month: January     Collaboration: All Collaborations     Agency:  Public Works Department   Scheme: All Scheme,Note : All Costs and Expenditures in Lakhs and Length in Kms.,Clearance,Progress During Month,Cumulative Progress,New Connectivity,Upgradation,Total,New Connectivity,Upgradation,Total,New Connectivity,Upgradation,Total,Sr.No.,Sanction Year,Nos.,Length,Cost,1000+,999-500,499-250 (Eligible),Nos.,Length,Cost,LSB Nos.,Road Nos.,Road Length,Cost,Funds Released,Nos.,Length,Expenditure,1000+,999-500,499-250 (Eligible),Nos.,Length,Expenditure,Nos.,Length,Expenditure,Nos.,Length,Expenditure,1000+,999-500,499-250 (Eligible),Nos.,Length,Expenditure,LSB Nos.,Road Nos.,Road Length,Expenditure,Bilaspur,2005 - 2006,6,19.330,544.80,1,1,4,0,0,0.000,0.00,0,6,19.330,544.80,0.00,0,0.000,418.15,0,0,0,0,0,0.000,0.00,0,0.000,418.15,5,17.270,418.15,1,1,3,0,0,0.000,0.00,0,5,17.270,418.15,Total,122,415.495,"11,413.03",14,58,61,0,54,579.020,"34,906.59",0,176,994.515,"46,319.62",0.00,0,0.000,"6,604.65",0,0,0,0,0,0.000,"2,512.86",0,0.000,"9,117.51",93,295.192,"6,658.76",13,56,35,0,8,158.805,"2,512.86",0,101,453.997,"9,171.62",Grand Total,"2,828","14,912.843","5,22,499.08",197,816,"1,549",0,"1,049","10,064.773","6,11,256.74",126,"3,877","24,977.616","11,33,755.83",0.00,7,32.021,"1,56,370.80",0,0,3,0,0,0.000,"42,249.24",7,32.021,"1,98,649.45","1,613","7,343.664","1,58,387.30",179,696,"1,041",0,227,"2,403.111","42,429.07",0,"1,840","9,746.775","2,00,991.92","Page 1 of 1     Generated on : 12/03/2025 23:17 PM     2014 NRRDA, All rights reserved"
Pradhan Mantri Gram Sadak Yojana,Monthly Report Format for Physical & Financial Progress under PMGSY,State: Himachal Pradesh     District: All Districts     Block: All Blocks     Year: 2015     Month: January     Collaboration: All Collaborations     Agency:  Public Works Department   Scheme: All Scheme,Note : All Costs and Expenditures in Lakhs and Length in Kms.,Clearance,Progress During Month,Cumulative Progress,New Connectivity,Upgradation,Total,New Connectivity,Upgradation,Total,New Connectivity,Upgradation,Total,Sr.No.,Sanction Year,Nos.,Length,Cost,1000+,999-500,499-250 (Eligible),Nos.,Length,Cost,LSB Nos.,Road Nos.,Road Length,Cost,Funds Released,Nos.,Length,Expenditure,1000+,999-500,499-250 (Eligible),Nos.,Length,Expenditure,Nos.,Length,Expenditure,Nos.,Length,Expenditure,1000+,999-500,499-250 (Eligible),Nos.,Length,Expenditure,LSB Nos.,Road Nos.,Road Length,Expenditure,Bilaspur,2006 - 2007,34,106.200,"2,684.71",4,32,2,0,7,122.805,"1,651.87",0,41,229.005,"4,336.58",0.00,0,0.000,"2,399.29",0,0,0,0,0,0.000,"1,682.95",0,0.000,"4,082.24",33,98.005,"2,399.29",4,31,2,0,7,122.805,"1,682.95",0,40,220.810,"4,082.24",Total,122,415.495,"11,413.03",14,58,61,0,54,579.020,"34,906.59",0,176,994.515,"46,319.62",0.00,0,0.000,"6,604.65",0,0,0,0,0,0.000,"2,512.86",0,0.000,"9,117.51",93,295.192,"6,658.76",13,56,35,0,8,158.805,"2,512.86",0,101,453.997,"9,171.62",Grand Total,"2,828","14,912.843","5,22,499.08",197,816,"1,549",0,"1,049","10,064.773","6,11,256.74",126,"3,877","24,977.616","11,33,755.83",0.00,7,32.021,"1,56,370.80",0,0,3,0,0,0.000,"42,249.24",7,32.021,"1,98,649.45","1,613","7,343.664","1,58,387.30",179,696,"1,041",0,227,"2,403.111","42,429.07",0,"1,840","9,746.775","2,00,991.92","Page 1 of 1     Generated on : 12/03/2025 23:17 PM     2014 NRRDA, All rights reserved"
Pradhan Mantri Gram Sadak Yojana,Monthly Report Format for Physical & Financial Progress under PMGSY,State: Himachal Pradesh     District: All Districts     Block: All Blocks     Year: 2015     Month: January     Collaboration: All Collaborations     Agency:  Public Works Department   Scheme: All Scheme,Note : All Costs and Expenditures in Lakhs and Length in Kms.,Clearance,Progress During Month,Cumulative Progress,New Connectivity,Upgradation,Total,New Connectivity,Upgradation,Total,New Connectivity,Upgradation,Total,Sr.No.,Sanction Year,Nos.,Length,Cost,1000+,999-500,499-250 (Eligible),Nos.,Length,Cost,LSB Nos.,Road Nos.,Road Length,Cost,Funds Released,Nos.,Length,Expenditure,1000+,999-500,499-250 (Eligible),Nos.,Length,Expenditure,Nos.,Length,Expenditure,Nos.,Length,Expenditure,1000+,999-500,499-250 (Eligible),Nos.,Length,Expenditure,LSB Nos.,Road Nos.,Road Length,Expenditure,Bilaspur,2007 - 2008,2,7.200,230.29,0,1,1,0,1,42.000,675.13,0,3,49.200,905.42,0.00,0,0.000,233.90,0,0,0,0,0,0.000,829.91,0,0.000,"1,063.81",2,7.200,233.90,0,1,1,0,1,36.000,829.91,0,3,43.200,"1,063.81",Total,122,415.495,"11,413.03",14,58,61,0,54,579.020,"34,906.59",0,176,994.515,"46,319.62",0.00,0,0.000,"6,604.65",0,0,0,0,0,0.000,"2,512.86",0,0.000,"9,117.51",93,295.192,"6,658.76",13,56,35,0,8,158.805,"2,512.86",0,101,453.997,"9,171.62",Grand Total,"2,828","14,912.843","5,22,499.08",197,816,"1,549",0,"1,049","10,064.773","6,11,256.74",126,"3,877","24,977.616","11,33,755.83",0.00,7,32.021,"1,56,370.80",0,0,3,0,0,0.000,"42,249.24",7,32.021,"1,98,649.45","1,613","7,343.664","1,58,387.30",179,696,"1,041",0,227,"2,403.111","42,429.07",0,"1,840","9,746.775","2,00,991.92","Page 1 of 1     Generated on : 12/03/2025 23:17 PM     2014 NRRDA, All rights reserved"
Pradhan Mantri Gram Sadak Yojana,Monthly Report Format for Physical & Financial Progress under PMGSY,State: Himachal Pradesh     District: All Districts     Block: All Blocks     Year: 2015     Month: January     Collaboration: All Collaborations     Agency:  Public Works Department   Scheme: All Scheme,Note : All Costs and Expenditures in Lakhs and Length in Kms.,Clearance,Progress During Month,Cumulative Progress,New Connectivity,Upgradation,Total,New Connectivity,Upgradation,Total,New Connectivity,Upgradation,Total,Sr.No.,Sanction Year,Nos.,Length,Cost,1000+,999-500,499-250 (Eligible),Nos.,Length,Cost,LSB Nos.,Road Nos.,Road Length,Cost,Funds Released,Nos.,Length,Expenditure,1000+,999-500,499-250 (Eligible),Nos.,Length,Expenditure,Nos.,Length,Expenditure,Nos.,Length,Expenditure,1000+,999-500,499-250 (Eligible),Nos.,Length,Expenditure,LSB Nos.,Road Nos.,Road Length,Expenditure,Bilaspur,2009 - 2010,17,31.175,"1,296.56",0,0,19,0,0,0.000,0.00,0,17,31.175,"1,296.56",0.00,0,0.000,855.17,0,0,0,0,0,0.000,0.00,0,0.000,855.17,13,21.792,909.28,0,0,13,0,0,0.000,0.00,0,13,21.792,909.28,Total,122,415.495,"11,413.03",14,58,61,0,54,579.020,"34,906.59",0,176,994.515,"46,319.62",0.00,0,0.000,"6,604.65",0,0,0,0,0,0.000,"2,512.86",0,0.000,"9,117.51",93,295.192,"6,658.76",13,56,35,0,8,158.805,"2,512.86",0,101,453.997,"9,171.62",Grand Total,"2,828","14,912.843","5,22,499.08",197,816,"1,549",0,"1,049","10,064.773","6,11,256.74",126,"3,877","24,977.616","11,33,755.83",0.00,7,32.021,"1,56,370.80",0,0,3,0,0,0.000,"42,249.24",7,32.021,"1,98,649.45","1,613","7,343.664","1,58,387.30",179,696,"1,041",0,227,"2,403.111","42,429.07",0,"1,840","9,746.775","2,00,991.92","Page 1 of 1     Generated on : 12/03/2025 23:17 PM     2014 NRRDA, All rights reserved"
Pradhan Mantri Gram Sadak Yojana,Monthly Report Format for Physical & Financial Progress under PMGSY,State: Himachal Pradesh     District: All Districts     Block: All Blocks     Year: 2015     Month: January     Collaboration: All Collaborations     Agency:  Public Works Department   Scheme: All Scheme,Note : All Costs and Expenditures in Lakhs and Length in Kms.,Clearance,Progress During Month,Cumulative Progress,New Connectivity,Upgradation,Total,New Connectivity,Upgradation,Total,New Connectivity,Upgradation,Total,Sr.No.,Sanction Year,Nos.,Length,Cost,1000+,999-500,499-250 (Eligible),Nos.,Length,Cost,LSB Nos.,Road Nos.,Road Length,Cost,Funds Released,Nos.,Length,Expenditure,1000+,999-500,499-250 (Eligible),Nos.,Length,Expenditure,Nos.,Length,Expenditure,Nos.,Length,Expenditure,1000+,999-500,499-250 (Eligible),Nos.,Length,Expenditure,LSB Nos.,Road Nos.,Road Length,Expenditure,Bilaspur,2011 - 2012,4,19.795,615.75,0,0,2,0,0,0.000,0.00,0,4,19.795,615.75,0.00,0,0.000,539.74,0,0,0,0,0,0.000,0.00,0,0.000,539.74,2,2.795,539.74,0,0,0,0,0,0.000,0.00,0,2,2.795,539.74,Total,122,415.495,"11,413.03",14,58,61,0,54,579.020,"34,906.59",0,176,994.515,"46,319.62",0.00,0,0.000,"6,604.65",0,0,0,0,0,0.000,"2,512.86",0,0.000,"9,117.51",93,295.192,"6,658.76",13,56,35,0,8,158.805,"2,512.86",0,101,453.997,"9,171.62",Grand Total,"2,828","14,912.843","5,22,499.08",197,816,"1,549",0,"1,049","10,064.773","6,11,256.74",126,"3,877","24,977.616","11,33,755.83",0.00,7,32.021,"1,56,370.80",0,0,3,0,0,0.000,"42,249.24",7,32.021,"1,98,649.45","1,613","7,343.664","1,58,387.30",179,696,"1,041",0,227,"2,403.111","42,429.07",0,"1,840","9,746.775","2,00,991.92","Page 1 of 1     Generated on : 12/03/2025 23:17 PM     2014 NRRDA, All rights reserved"
Pradhan Mantri Gram Sadak Yojana,Monthly Report Format for Physical & Financial Progress under PMGSY,State: Himachal Pradesh     District: All Districts     Block: All Blocks     Year: 2015     Month: January     Collaboration: All Collaborations     Agency:  Public Works Department   Scheme: All Scheme,Note : All Costs and Expenditures in Lakhs and Length in Kms.,Clearance,Progress During Month,Cumulative Progress,New Connectivity,Upgradation,Total,New Connectivity,Upgradation,Total,New Connectivity,Upgradation,Total,Sr.No.,Sanction Year,Nos.,Length,Cost,1000+,999-500,499-250 (Eligible),Nos.,Length,Cost,LSB Nos.,Road Nos.,Road Length,Cost,Funds Released,Nos.,Length,Expenditure,1000+,999-500,499-250 (Eligible),Nos.,Length,Expenditure,Nos.,Length,Expenditure,Nos.,Length,Expenditure,1000+,999-500,499-250 (Eligible),Nos.,Length,Expenditure,LSB Nos.,Road Nos.,Road Length,Expenditure,Bilaspur,2014 - 2015,2,3.480,202.74,0,0,2,0,0,0.000,0.00,0,2,3.480,202.74,0.00,0,0.000,27.78,0,0,0,0,0,0.000,0.00,0,0.000,27.78,0,0.000,27.78,0,0,0,0,0,0.000,0.00,0,0,0.000,27.78,Total,122,415.495,"11,413.03",14,58,61,0,54,579.020,"34,906.59",0,176,994.515,"46,319.62",0.00,0,0.000,"6,604.65",0,0,0,0,0,0.000,"2,512.86",0,0.000,"9,117.51",93,295.192,"6,658.76",13,56,35,0,8,158.805,"2,512.86",0,101,453.997,"9,171.62",Grand Total,"2,828","14,912.843","5,22,499.08",197,816,"1,549",0,"1,049","10,064.773","6,11,256.74",126,"3,877","24,977.616","11,33,755.83",0.00,7,32.021,"1,56,370.80",0,0,3,0,0,0.000,"42,249.24",7,32.021,"1,98,649.45","1,613","7,343.664","1,58,387.30",179,696,"1,041",0,227,"2,403.111","42,429.07",0,"1,840","9,746.775","2,00,991.92","Page 1 of 1     Generated on : 12/03/2025 23:17 PM     2014 NRRDA, All rights reserved"
Pradhan Mantri Gram Sadak Yojana,Monthly Report Format for Physical & Financial Progress under PMGSY,State: Himachal Pradesh     District: All Districts     Block: All Blocks     Year: 2015     Month: January     Collaboration: All Collaborations     Agency:  Public Works Department   Scheme: All Scheme,Note : All Costs and Expenditures in Lakhs and Length in Kms.,Clearance,Progress During Month,Cumulative Progress,New Connectivity,Upgradation,Total,New Connectivity,Upgradation,Total,New Connectivity,Upgradation,Total,Sr.No.,Sanction Year,Nos.,Length,Cost,1000+,999-500,499-250 (Eligible),Nos.,Length,Cost,LSB Nos.,Road Nos.,Road Length,Cost,Funds Released,Nos.,Length,Expenditure,1000+,999-500,499-250 (Eligible),Nos.,Length,Expenditure,Nos.,Length,Expenditure,Nos.,Length,Expenditure,1000+,999-500,499-250 (Eligible),Nos.,Length,Expenditure,LSB Nos.,Road Nos.,Road Length,Expenditure,Bilaspur,2016 - 2017,10,39.930,"1,810.10",0,0,8,0,6,39.720,"1,901.24",0,16,79.650,"3,711.34",0.00,0,0.000,0.00,0,0,0,0,0,0.000,0.00,0,0.000,0.00,0,0.000,,0,0,0,0,0,0.000,0.00,0,0,0.000,0.00,Total,122,415.495,"11,413.03",14,58,61,0,54,579.020,"34,906.59",0,176,994.515,"46,319.62",0.00,0,0.000,"6,604.65",0,0,0,0,0,0.000,"2,512.86",0,0.000,"9,117.51",93,295.192,"6,658.76",13,56,35,0,8,158.805,"2,512.86",0,101,453.997,"9,171.62",Grand Total,"2,828","14,912.843","5,22,499.08",197,816,"1,549",0,"1,049","10,064.773","6,11,256.74",126,"3,877","24,977.616","11,33,755.83",0.00,7,32.021,"1,56,370.80",0,0,3,0,0,0.000,"42,249.24",7,32.021,"1,98,649.45","1,613","7,343.664","1,58,387.30",179,696,"1,041",0,227,"2,403.111","42,429.07",0,"1,840","9,746.775","2,00,991.92","Page 1 of 1     Generated on : 12/03/2025 23:17 PM     2014 NRRDA, All rights reserved"
Pradhan Mantri Gram Sadak Yojana,Monthly Report Format for Physical & Financial Progress under PMGSY,State: Himachal Pradesh     District: All Districts     Block: All Blocks     Year: 2015     Month: January     Collaboration: All Collaborations     Agency:  Public Works Department   Scheme: All Scheme,Note : All Costs and Expenditures in Lakhs and Length in Kms.,Clearance,Progress During Month,Cumulative Progress,New Connectivity,Upgradation,Total,New Connectivity,Upgradation,Total,New Connectivity,Upgradation,Total,Sr.No.,Sanction Year,Nos.,Length,Cost,1000+,999-500,499-250 (Eligible),Nos.,Length,Cost,LSB Nos.,Road Nos.,Road Length,Cost,Funds Released,Nos.,Length,Expenditure,1000+,999-500,499-250 (Eligible),Nos.,Length,Expenditure,Nos.,Length,Expenditure,Nos.,Length,Expenditure,1000+,999-500,499-250 (Eligible),Nos.,Length,Expenditure,LSB Nos.,Road Nos.,Road Length,Expenditure,Bilaspur,2017 - 2018,3,7.510,364.42,0,0,2,0,0,0.000,0.00,0,3,7.510,364.42,0.00,0,0.000,0.00,0,0,0,0,0,0.000,0.00,0,0.000,0.00,0,0.000,,0,0,0,0,0,0.000,0.00,0,0,0.000,0.00,Total,122,415.495,"11,413.03",14,58,61,0,54,579.020,"34,906.59",0,176,994.515,"46,319.62",0.00,0,0.000,"6,604.65",0,0,0,0,0,0.000,"2,512.86",0,0.000,"9,117.51",93,295.192,"6,658.76",13,56,35,0,8,158.805,"2,512.86",0,101,453.997,"9,171.62",Grand Total,"2,828","14,912.843","5,22,499.08",197,816,"1,549",0,"1,049","10,064.773","6,11,256.74",126,"3,877","24,977.616","11,33,755.83",0.00,7,32.021,"1,56,370.80",0,0,3,0,0,0.000,"42,249.24",7,32.021,"1,98,649.45","1,613","7,343.664","1,58,387.30",179,696,"1,041",0,227,"2,403.111","42,429.07",0,"1,840","9,746.775","2,00,991.92","Page 1 of 1     Generated on : 12/03/2025 23:17 PM     2014 NRRDA, All rights reserved"
Pradhan Mantri Gram Sadak Yojana,Monthly Report Format for Physical & Financial Progress under PMGSY,State: Himachal Pradesh     District: All Districts     Block: All Blocks     Year: 2015     Month: January     Collaboration: All Collaborations     Agency:  Public Works Department   Scheme: All Scheme,Note : All Costs and Expenditures in Lakhs and Length in Kms.,Clearance,Progress During Month,Cumulative Progress,New Connectivity,Upgradation,Total,New Connectivity,Upgradation,Total,New Connectivity,Upgradation,Total,Sr.No.,Sanction Year,Nos.,Length,Cost,1000+,999-500,499-250 (Eligible),Nos.,Length,Cost,LSB Nos.,Road Nos.,Road Length,Cost,Funds Released,Nos.,Length,Expenditure,1000+,999-500,499-250 (Eligible),Nos.,Length,Expenditure,Nos.,Length,Expenditure,Nos.,Length,Expenditure,1000+,999-500,499-250 (Eligible),Nos.,Length,Expenditure,LSB Nos.,Road Nos.,Road Length,Expenditure,Bilaspur,2018 - 2019,4,18.240,"1,229.22",0,0,3,0,15,122.455,"7,935.55",0,19,140.695,"9,164.77",0.00,0,0.000,0.00,0,0,0,0,0,0.000,0.00,0,0.000,0.00,0,0.000,,0,0,0,0,0,0.000,0.00,0,0,0.000,0.00,Total,122,415.495,"11,413.03",14,58,61,0,54,579.020,"34,906.59",0,176,994.515,"46,319.62",0.00,0,0.000,"6,604.65",0,0,0,0,0,0.000,"2,512.86",0,0.000,"9,117.51",93,295.192,"6,658.76",13,56,35,0,8,158.805,"2,512.86",0,101,453.997,"9,171.62",Grand Total,"2,828","14,912.843","5,22,499.08",197,816,"1,549",0,"1,049","10,064.773","6,11,256.74",126,"3,877","24,977.616","11,33,755.83",0.00,7,32.021,"1,56,370.80",0,0,3,0,0,0.000,"42,249.24",7,32.021,"1,98,649.45","1,613","7,343.664","1,58,387.30",179,696,"1,041",0,227,"2,403.111","42,429.07",0,"1,840","9,746.775","2,00,991.92","Page 1 of 1     Generated on : 12/03/2025 23:17 PM     2014 NRRDA, All rights reserved"
Pradhan Mantri Gram Sadak Yojana,Monthly Report Format for Physical & Financial Progress under PMGSY,State: Himachal Pradesh     District: All Districts     Block: All Blocks     Year: 2015     Month: January     Collaboration: All Collaborations     Agency:  Public Works Department   Scheme: All Scheme,Note : All Costs and Expenditures in Lakhs and Length in Kms.,Clearance,Progress During Month,Cumulative Progress,New Connectivity,Upgradation,Total,New Connectivity,Upgradation,Total,New Connectivity,Upgradation,Total,Sr.No.,Sanction Year,Nos.,Length,Cost,1000+,999-500,499-250 (Eligible),Nos.,Length,Cost,LSB Nos.,Road Nos.,Road Length,Cost,Funds Released,Nos.,Length,Expenditure,1000+,999-500,499-250 (Eligible),Nos.,Length,Expenditure,Nos.,Length,Expenditure,Nos.,Length,Expenditure,1000+,999-500,499-250 (Eligible),Nos.,Length,Expenditure,LSB Nos.,Road Nos.,Road Length,Expenditure,Bilaspur,2019 - 2020,0,0.000,0.00,0,0,0,0,6,67.425,"5,645.92",0,6,67.425,"5,645.92",0.00,0,0.000,0.00,0,0,0,0,0,0.000,0.00,0,0.000,0.00,0,0.000,,0,0,0,0,0,0.000,0.00,0,0,0.000,0.00,Total,122,415.495,"11,413.03",14,58,61,0,54,579.020,"34,906.59",0,176,994.515,"46,319.62",0.00,0,0.000,"6,604.65",0,0,0,0,0,0.000,"2,512.86",0,0.000,"9,117.51",93,295.192,"6,658.76",13,56,35,0,8,158.805,"2,512.86",0,101,453.997,"9,171.62",Grand Total,"2,828","14,912.843","5,22,499.08",197,816,"1,549",0,"1,049","10,064.773","6,11,256.74",126,"3,877","24,977.616","11,33,755.83",0.00,7,32.021,"1,56,370.80",0,0,3,0,0,0.000,"42,249.24",7,32.021,"1,98,649.45","1,613","7,343.664","1,58,387.30",179,696,"1,041",0,227,"2,403.111","42,429.07",0,"1,840","9,746.775","2,00,991.92","Page 1 of 1     Generated on : 12/03/2025 23:17 PM     2014 NRRDA, All rights reserved"
Pradhan Mantri Gram Sadak Yojana,Monthly Report Format for Physical & Financial Progress under PMGSY,State: Himachal Pradesh     District: All Districts     Block: All Blocks     Year: 2015     Month: January     Collaboration: All Collaborations     Agency:  Public Works Department   Scheme: All Scheme,Note : All Costs and Expenditures in Lakhs and Length in Kms.,Clearance,Progress During Month,Cumulative Progress,New Connectivity,Upgradation,Total,New Connectivity,Upgradation,Total,New Connectivity,Upgradation,Total,Sr.No.,Sanction Year,Nos.,Length,Cost,1000+,999-500,499-250 (Eligible),Nos.,Length,Cost,LSB Nos.,Road Nos.,Road Length,Cost,Funds Released,Nos.,Length,Expenditure,1000+,999-500,499-250 (Eligible),Nos.,Length,Expenditure,Nos.,Length,Expenditure,Nos.,Length,Expenditure,1000+,999-500,499-250 (Eligible),Nos.,Length,Expenditure,LSB Nos.,Road Nos.,Road Length,Expenditure,Bilaspur,2023 - 2024,0,0.000,0.00,0,0,0,0,19,184.615,"17,096.88",0,19,184.615,"17,096.88",0.00,0,0.000,0.00,0,0,0,0,0,0.000,0.00,0,0.000,0.00,0,0.000,,0,0,0,0,0,0.000,0.00,0,0,0.000,0.00,Total,122,415.495,"11,413.03",14,58,61,0,54,579.020,"34,906.59",0,176,994.515,"46,319.62",0.00,0,0.000,"6,604.65",0,0,0,0,0,0.000,"2,512.86",0,0.000,"9,117.51",93,295.192,"6,658.76",13,56,35,0,8,158.805,"2,512.86",0,101,453.997,"9,171.62",Grand Total,"2,828","14,912.843","5,22,499.08",197,816,"1,549",0,"1,049","10,064.773","6,11,256.74",126,"3,877","24,977.616","11,33,755.83",0.00,7,32.021,"1,56,370.80",0,0,3,0,0,0.000,"42,249.24",7,32.021,"1,98,649.45","1,613","7,343.664","1,58,387.30",179,696,"1,041",0,227,"2,403.111","42,429.07",0,"1,840","9,746.775","2,00,991.92","Page 1 of 1     Generated on : 12/03/2025 23:17 PM     2014 NRRDA, All rights reserved"
Pradhan Mantri Gram Sadak Yojana,Monthly Report Format for Physical & Financial Progress under PMGSY,State: Himachal Pradesh     District: All Districts     Block: All Blocks     Year: 2015     Month: January     Collaboration: All Collaborations     Agency:  Public Works Department   Scheme: All Scheme,Note : All Costs and Expenditures in Lakhs and Length in Kms.,Clearance,Progress During Month,Cumulative Progress,New Connectivity,Upgradation,Total,New Connectivity,Upgradation,Total,New Connectivity,Upgradation,Total,Sr.No.,Sanction Year,Nos.,Length,Cost,1000+,999-500,499-250 (Eligible),Nos.,Length,Cost,LSB Nos.,Road Nos.,Road Length,Cost,Funds Released,Nos.,Length,Expenditure,1000+,999-500,499-250 (Eligible),Nos.,Length,Expenditure,Nos.,Length,Expenditure,Nos.,Length,Expenditure,1000+,999-500,499-250 (Eligible),Nos.,Length,Expenditure,LSB Nos.,Road Nos.,Road Length,Expenditure,Chamba,2000 - 2001,8,53.130,560.00,2,4,8,0,0,0.000,0.00,0,8,53.130,560.00,0.00,0,0.000,347.48,0,0,0,0,0,0.000,0.00,0,0.000,347.48,8,52.130,347.48,2,4,8,0,0,0.000,0.00,0,8,52.130,347.48,Total,317,"1,715.480","72,058.61",7,109,183,0,53,663.591,"50,450.15",15,370,"2,379.071","1,22,508.76",0.00,1,4.300,"14,797.28",0,0,0,0,0,0.000,748.39,1,4.300,"15,545.67",130,631.536,"14,929.89",7,69,101,0,5,40.150,748.39,0,135,671.686,"15,678.28",Grand Total,"2,828","14,912.843","5,22,499.08",197,816,"1,549",0,"1,049","10,064.773","6,11,256.74",126,"3,877","24,977.616","11,33,755.83",0.00,7,32.021,"1,56,370.80",0,0,3,0,0,0.000,"42,249.24",7,32.021,"1,98,649.45","1,613","7,343.664","1,58,387.30",179,696,"1,041",0,227,"2,403.111","42,429.07",0,"1,840","9,746.775","2,00,991.92","Page 1 of 1     Generated on : 12/03/2025 23:17 PM     2014 NRRDA, All rights reserved"
Pradhan Mantri Gram Sadak Yojana,Monthly Report Format for Physical & Financial Progress under PMGSY,State: Himachal Pradesh     District: All Districts     Block: All Blocks     Year: 2015     Month: January     Collaboration: All Collaborations     Agency:  Public Works Department   Scheme: All Scheme,Note : All Costs and Expenditures in Lakhs and Length in Kms.,Clearance,Progress During Month,Cumulative Progress,New Connectivity,Upgradation,Total,New Connectivity,Upgradation,Total,New Connectivity,Upgradation,Total,Sr.No.,Sanction Year,Nos.,Length,Cost,1000+,999-500,499-250 (Eligible),Nos.,Length,Cost,LSB Nos.,Road Nos.,Road Length,Cost,Funds Released,Nos.,Length,Expenditure,1000+,999-500,499-250 (Eligible),Nos.,Length,Expenditure,Nos.,Length,Expenditure,Nos.,Length,Expenditure,1000+,999-500,499-250 (Eligible),Nos.,Length,Expenditure,LSB Nos.,Road Nos.,Road Length,Expenditure,Chamba,2001 - 2002,20,83.050,"1,024.53",4,13,11,0,0,0.000,0.00,0,20,83.050,"1,024.53",0.00,0,0.000,"1,082.81",0,0,0,0,0,0.000,0.00,0,0.000,"1,082.81",20,83.050,"1,082.81",4,13,11,0,0,0.000,0.00,0,20,83.050,"1,082.81",Total,317,"1,715.480","72,058.61",7,109,183,0,53,663.591,"50,450.15",15,370,"2,379.071","1,22,508.76",0.00,1,4.300,"14,797.28",0,0,0,0,0,0.000,748.39,1,4.300,"15,545.67",130,631.536,"14,929.89",7,69,101,0,5,40.150,748.39,0,135,671.686,"15,678.28",Grand Total,"2,828","14,912.843","5,22,499.08",197,816,"1,549",0,"1,049","10,064.773","6,11,256.74",126,"3,877","24,977.616","11,33,755.83",0.00,7,32.021,"1,56,370.80",0,0,3,0,0,0.000,"42,249.24",7,32.021,"1,98,649.45","1,613","7,343.664","1,58,387.30",179,696,"1,041",0,227,"2,403.111","42,429.07",0,"1,840","9,746.775","2,00,991.92","Page 1 of 1     Generated on : 12/03/2025 23:17 PM     2014 NRRDA, All rights reserved"
Pradhan Mantri Gram Sadak Yojana,Monthly Report Format for Physical & Financial Progress under PMGSY,State: Himachal Pradesh     District: All Districts     Block: All Blocks     Year: 2015     Month: January     Collaboration: All Collaborations     Agency:  Public Works Department   Scheme: All Scheme,Note : All Costs and Expenditures in Lakhs and Length in Kms.,Clearance,Progress During Month,Cumulative Progress,New Connectivity,Upgradation,Total,New Connectivity,Upgradation,Total,New Connectivity,Upgradation,Total,Sr.No.,Sanction Year,Nos.,Length,Cost,1000+,999-500,499-250 (Eligible),Nos.,Length,Cost,LSB Nos.,Road Nos.,Road Length,Cost,Funds Released,Nos.,Length,Expenditure,1000+,999-500,499-250 (Eligible),Nos.,Length,Expenditure,Nos.,Length,Expenditure,Nos.,Length,Expenditure,1000+,999-500,499-250 (Eligible),Nos.,Length,Expenditure,LSB Nos.,Road Nos.,Road Length,Expenditure,Chamba,2003 - 2004,34,128.620,"3,258.89",0,15,28,0,0,0.000,0.00,0,34,128.620,"3,258.89",0.00,0,0.000,"2,912.57",0,0,0,0,0,0.000,0.00,0,0.000,"2,912.57",34,125.260,"2,913.60",0,15,28,0,0,0.000,0.00,0,34,125.260,"2,913.60",Total,317,"1,715.480","72,058.61",7,109,183,0,53,663.591,"50,450.15",15,370,"2,379.071","1,22,508.76",0.00,1,4.300,"14,797.28",0,0,0,0,0,0.000,748.39,1,4.300,"15,545.67",130,631.536,"14,929.89",7,69,101,0,5,40.150,748.39,0,135,671.686,"15,678.28",Grand Total,"2,828","14,912.843","5,22,499.08",197,816,"1,549",0,"1,049","10,064.773","6,11,256.74",126,"3,877","24,977.616","11,33,755.83",0.00,7,32.021,"1,56,370.80",0,0,3,0,0,0.000,"42,249.24",7,32.021,"1,98,649.45","1,613","7,343.664","1,58,387.30",179,696,"1,041",0,227,"2,403.111","42,429.07",0,"1,840","9,746.775","2,00,991.92","Page 1 of 1     Generated on : 12/03/2025 23:17 PM     2014 NRRDA, All rights reserved"
Pradhan Mantri Gram Sadak Yojana,Monthly Report Format for Physical & Financial Progress under PMGSY,State: Himachal Pradesh     District: All Districts     Block: All Blocks     Year: 2015     Month: January     Collaboration: All Collaborations     Agency:  Public Works Department   Scheme: All Scheme,Note : All Costs and Expenditures in Lakhs and Length in Kms.,Clearance,Progress During Month,Cumulative Progress,New Connectivity,Upgradation,Total,New Connectivity,Upgradation,Total,New Connectivity,Upgradation,Total,Sr.No.,Sanction Year,Nos.,Length,Cost,1000+,999-500,499-250 (Eligible),Nos.,Length,Cost,LSB Nos.,Road Nos.,Road Length,Cost,Funds Released,Nos.,Length,Expenditure,1000+,999-500,499-250 (Eligible),Nos.,Length,Expenditure,Nos.,Length,Expenditure,Nos.,Length,Expenditure,1000+,999-500,499-250 (Eligible),Nos.,Length,Expenditure,LSB Nos.,Road Nos.,Road Length,Expenditure,Chamba,2004 - 2005,9,57.350,"1,428.25",0,4,10,0,0,0.000,0.00,0,9,57.350,"1,428.25",0.00,0,0.000,"1,209.18",0,0,0,0,0,0.000,0.00,0,0.000,"1,209.18",9,57.350,"1,209.18",0,4,10,0,0,0.000,0.00,0,9,57.350,"1,209.18",Total,317,"1,715.480","72,058.61",7,109,183,0,53,663.591,"50,450.15",15,370,"2,379.071","1,22,508.76",0.00,1,4.300,"14,797.28",0,0,0,0,0,0.000,748.39,1,4.300,"15,545.67",130,631.536,"14,929.89",7,69,101,0,5,40.150,748.39,0,135,671.686,"15,678.28",Grand Total,"2,828","14,912.843","5,22,499.08",197,816,"1,549",0,"1,049","10,064.773","6,11,256.74",126,"3,877","24,977.616","11,33,755.83",0.00,7,32.021,"1,56,370.80",0,0,3,0,0,0.000,"42,249.24",7,32.021,"1,98,649.45","1,613","7,343.664","1,58,387.30",179,696,"1,041",0,227,"2,403.111","42,429.07",0,"1,840","9,746.775","2,00,991.92","Page 1 of 1     Generated on : 12/03/2025 23:17 PM     2014 NRRDA, All rights reserved"
Pradhan Mantri Gram Sadak Yojana,Monthly Report Format for Physical & Financial Progress under PMGSY,State: Himachal Pradesh     District: All Districts     Block: All Blocks     Year: 2015     Month: January     Collaboration: All Collaborations     Agency:  Public Works Department   Scheme: All Scheme,Note : All Costs and Expenditures in Lakhs and Length in Kms.,Clearance,Progress During Month,Cumulative Progress,New Connectivity,Upgradation,Total,New Connectivity,Upgradation,Total,New Connectivity,Upgradation,Total,Sr.No.,Sanction Year,Nos.,Length,Cost,1000+,999-500,499-250 (Eligible),Nos.,Length,Cost,LSB Nos.,Road Nos.,Road Length,Cost,Funds Released,Nos.,Length,Expenditure,1000+,999-500,499-250 (Eligible),Nos.,Length,Expenditure,Nos.,Length,Expenditure,Nos.,Length,Expenditure,1000+,999-500,499-250 (Eligible),Nos.,Length,Expenditure,LSB Nos.,Road Nos.,Road Length,Expenditure,Chamba,2005 - 2006,16,95.720,"2,586.16",1,11,15,0,0,0.000,0.00,0,16,95.720,"2,586.16",0.00,0,0.000,"2,152.63",0,0,0,0,0,0.000,0.00,0,0.000,"2,152.63",14,71.665,"2,152.63",1,9,14,0,0,0.000,0.00,0,14,71.665,"2,152.63",Total,317,"1,715.480","72,058.61",7,109,183,0,53,663.591,"50,450.15",15,370,"2,379.071","1,22,508.76",0.00,1,4.300,"14,797.28",0,0,0,0,0,0.000,748.39,1,4.300,"15,545.67",130,631.536,"14,929.89",7,69,101,0,5,40.150,748.39,0,135,671.686,"15,678.28",Grand Total,"2,828","14,912.843","5,22,499.08",197,816,"1,549",0,"1,049","10,064.773","6,11,256.74",126,"3,877","24,977.616","11,33,755.83",0.00,7,32.021,"1,56,370.80",0,0,3,0,0,0.000,"42,249.24",7,32.021,"1,98,649.45","1,613","7,343.664","1,58,387.30",179,696,"1,041",0,227,"2,403.111","42,429.07",0,"1,840","9,746.775","2,00,991.92","Page 1 of 1     Generated on : 12/03/2025 23:17 PM     2014 NRRDA, All rights reserved"
Pradhan Mantri Gram Sadak Yojana,Monthly Report Format for Physical & Financial Progress under PMGSY,State: Himachal Pradesh     District: All Districts     Block: All Blocks     Year: 2015     Month: January     Collaboration: All Collaborations     Agency:  Public Works Department   Scheme: All Scheme,Note : All Costs and Expenditures in Lakhs and Length in Kms.,Clearance,Progress During Month,Cumulative Progress,New Connectivity,Upgradation,Total,New Connectivity,Upgradation,Total,New Connectivity,Upgradation,Total,Sr.No.,Sanction Year,Nos.,Length,Cost,1000+,999-500,499-250 (Eligible),Nos.,Length,Cost,LSB Nos.,Road Nos.,Road Length,Cost,Funds Released,Nos.,Length,Expenditure,1000+,999-500,499-250 (Eligible),Nos.,Length,Expenditure,Nos.,Length,Expenditure,Nos.,Length,Expenditure,1000+,999-500,499-250 (Eligible),Nos.,Length,Expenditure,LSB Nos.,Road Nos.,Road Length,Expenditure,Chamba,2006 - 2007,44,273.980,"6,607.00",0,31,49,0,1,7.000,153.35,0,45,280.980,"6,760.35",0.00,0,0.000,"5,185.07",0,0,0,0,0,0.000,142.73,0,0.000,"5,327.80",29,172.600,"5,205.24",0,22,27,0,1,7.000,142.73,0,30,179.600,"5,347.97",Total,317,"1,715.480","72,058.61",7,109,183,0,53,663.591,"50,450.15",15,370,"2,379.071","1,22,508.76",0.00,1,4.300,"14,797.28",0,0,0,0,0,0.000,748.39,1,4.300,"15,545.67",130,631.536,"14,929.89",7,69,101,0,5,40.150,748.39,0,135,671.686,"15,678.28",Grand Total,"2,828","14,912.843","5,22,499.08",197,816,"1,549",0,"1,049","10,064.773","6,11,256.74",126,"3,877","24,977.616","11,33,755.83",0.00,7,32.021,"1,56,370.80",0,0,3,0,0,0.000,"42,249.24",7,32.021,"1,98,649.45","1,613","7,343.664","1,58,387.30",179,696,"1,041",0,227,"2,403.111","42,429.07",0,"1,840","9,746.775","2,00,991.92","Page 1 of 1     Generated on : 12/03/2025 23:17 PM     2014 NRRDA, All rights reserved"
Pradhan Mantri Gram Sadak Yojana,Monthly Report Format for Physical & Financial Progress under PMGSY,State: Himachal Pradesh     District: All Districts     Block: All Blocks     Year: 2015     Month: January     Collaboration: All Collaborations     Agency:  Public Works Department   Scheme: All Scheme,Note : All Costs and Expenditures in Lakhs and Length in Kms.,Clearance,Progress During Month,Cumulative Progress,New Connectivity,Upgradation,Total,New Connectivity,Upgradation,Total,New Connectivity,Upgradation,Total,Sr.No.,Sanction Year,Nos.,Length,Cost,1000+,999-500,499-250 (Eligible),Nos.,Length,Cost,LSB Nos.,Road Nos.,Road Length,Cost,Funds Released,Nos.,Length,Expenditure,1000+,999-500,499-250 (Eligible),Nos.,Length,Expenditure,Nos.,Length,Expenditure,Nos.,Length,Expenditure,1000+,999-500,499-250 (Eligible),Nos.,Length,Expenditure,LSB Nos.,Road Nos.,Road Length,Expenditure,Chamba,2007 - 2008,10,68.530,"2,030.72",0,10,8,0,4,33.150,605.56,0,14,101.680,"2,636.28",0.00,0,0.000,647.13,0,0,0,0,0,0.000,605.66,0,0.000,"1,252.79",2,11.830,647.13,0,1,3,0,4,33.150,605.66,0,6,44.980,"1,252.79",Total,317,"1,715.480","72,058.61",7,109,183,0,53,663.591,"50,450.15",15,370,"2,379.071","1,22,508.76",0.00,1,4.300,"14,797.28",0,0,0,0,0,0.000,748.39,1,4.300,"15,545.67",130,631.536,"14,929.89",7,69,101,0,5,40.150,748.39,0,135,671.686,"15,678.28",Grand Total,"2,828","14,912.843","5,22,499.08",197,816,"1,549",0,"1,049","10,064.773","6,11,256.74",126,"3,877","24,977.616","11,33,755.83",0.00,7,32.021,"1,56,370.80",0,0,3,0,0,0.000,"42,249.24",7,32.021,"1,98,649.45","1,613","7,343.664","1,58,387.30",179,696,"1,041",0,227,"2,403.111","42,429.07",0,"1,840","9,746.775","2,00,991.92","Page 1 of 1     Generated on : 12/03/2025 23:17 PM     2014 NRRDA, All rights reserved"
Pradhan Mantri Gram Sadak Yojana,Monthly Report Format for Physical & Financial Progress under PMGSY,State: Himachal Pradesh     District: All Districts     Block: All Blocks     Year: 2015     Month: January     Collaboration: All Collaborations     Agency:  Public Works Department   Scheme: All Scheme,Note : All Costs and Expenditures in Lakhs and Length in Kms.,Clearance,Progress During Month,Cumulative Progress,New Connectivity,Upgradation,Total,New Connectivity,Upgradation,Total,New Connectivity,Upgradation,Total,Sr.No.,Sanction Year,Nos.,Length,Cost,1000+,999-500,499-250 (Eligible),Nos.,Length,Cost,LSB Nos.,Road Nos.,Road Length,Cost,Funds Released,Nos.,Length,Expenditure,1000+,999-500,499-250 (Eligible),Nos.,Length,Expenditure,Nos.,Length,Expenditure,Nos.,Length,Expenditure,1000+,999-500,499-250 (Eligible),Nos.,Length,Expenditure,LSB Nos.,Road Nos.,Road Length,Expenditure,Chamba,2008 - 2009,1,3.720,190.60,0,1,0,0,0,0.000,0.00,0,1,3.720,190.60,0.00,0,0.000,106.18,0,0,0,0,0,0.000,0.00,0,0.000,106.18,1,3.720,106.18,0,1,0,0,0,0.000,0.00,0,1,3.720,106.18,Total,317,"1,715.480","72,058.61",7,109,183,0,53,663.591,"50,450.15",15,370,"2,379.071","1,22,508.76",0.00,1,4.300,"14,797.28",0,0,0,0,0,0.000,748.39,1,4.300,"15,545.67",130,631.536,"14,929.89",7,69,101,0,5,40.150,748.39,0,135,671.686,"15,678.28",Grand Total,"2,828","14,912.843","5,22,499.08",197,816,"1,549",0,"1,049","10,064.773","6,11,256.74",126,"3,877","24,977.616","11,33,755.83",0.00,7,32.021,"1,56,370.80",0,0,3,0,0,0.000,"42,249.24",7,32.021,"1,98,649.45","1,613","7,343.664","1,58,387.30",179,696,"1,041",0,227,"2,403.111","42,429.07",0,"1,840","9,746.775","2,00,991.92","Page 1 of 1     Generated on : 12/03/2025 23:17 PM     2014 NRRDA, All rights reserved"
Pradhan Mantri Gram Sadak Yojana,Monthly Report Format for Physical & Financial Progress under PMGSY,State: Himachal Pradesh     District: All Districts     Block: All Blocks     Year: 2015     Month: January     Collaboration: All Collaborations     Agency:  Public Works Department   Scheme: All Scheme,Note : All Costs and Expenditures in Lakhs and Length in Kms.,Clearance,Progress During Month,Cumulative Progress,New Connectivity,Upgradation,Total,New Connectivity,Upgradation,Total,New Connectivity,Upgradation,Total,Sr.No.,Sanction Year,Nos.,Length,Cost,1000+,999-500,499-250 (Eligible),Nos.,Length,Cost,LSB Nos.,Road Nos.,Road Length,Cost,Funds Released,Nos.,Length,Expenditure,1000+,999-500,499-250 (Eligible),Nos.,Length,Expenditure,Nos.,Length,Expenditure,Nos.,Length,Expenditure,1000+,999-500,499-250 (Eligible),Nos.,Length,Expenditure,LSB Nos.,Road Nos.,Road Length,Expenditure,Chamba,2009 - 2010,0,0.000,0.00,0,0,0,0,0,0.000,0.00,0,0,0.000,0.00,0.00,0,0.000,0.00,0,0,0,0,0,0.000,0.00,0,0.000,0.00,0,0.000,,0,0,0,0,0,0.000,0.00,0,0,0.000,0.00,Total,317,"1,715.480","72,058.61",7,109,183,0,53,663.591,"50,450.15",15,370,"2,379.071","1,22,508.76",0.00,1,4.300,"14,797.28",0,0,0,0,0,0.000,748.39,1,4.300,"15,545.67",130,631.536,"14,929.89",7,69,101,0,5,40.150,748.39,0,135,671.686,"15,678.28",Grand Total,"2,828","14,912.843","5,22,499.08",197,816,"1,549",0,"1,049","10,064.773","6,11,256.74",126,"3,877","24,977.616","11,33,755.83",0.00,7,32.021,"1,56,370.80",0,0,3,0,0,0.000,"42,249.24",7,32.021,"1,98,649.45","1,613","7,343.664","1,58,387.30",179,696,"1,041",0,227,"2,403.111","42,429.07",0,"1,840","9,746.775","2,00,991.92","Page 1 of 1     Generated on : 12/03/2025 23:17 PM     2014 NRRDA, All rights reserved"
Pradhan Mantri Gram Sadak Yojana,Monthly Report Format for Physical & Financial Progress under PMGSY,State: Himachal Pradesh     District: All Districts     Block: All Blocks     Year: 2015     Month: January     Collaboration: All Collaborations     Agency:  Public Works Department   Scheme: All Scheme,Note : All Costs and Expenditures in Lakhs and Length in Kms.,Clearance,Progress During Month,Cumulative Progress,New Connectivity,Upgradation,Total,New Connectivity,Upgradation,Total,New Connectivity,Upgradation,Total,Sr.No.,Sanction Year,Nos.,Length,Cost,1000+,999-500,499-250 (Eligible),Nos.,Length,Cost,LSB Nos.,Road Nos.,Road Length,Cost,Funds Released,Nos.,Length,Expenditure,1000+,999-500,499-250 (Eligible),Nos.,Length,Expenditure,Nos.,Length,Expenditure,Nos.,Length,Expenditure,1000+,999-500,499-250 (Eligible),Nos.,Length,Expenditure,LSB Nos.,Road Nos.,Road Length,Expenditure,Chamba,2011 - 2012,52,273.670,"6,159.43",0,0,0,0,0,0.000,0.00,0,52,273.670,"6,159.43",0.00,1,4.300,957.85,0,0,0,0,0,0.000,0.00,1,4.300,957.85,10,44.831,"1,069.26",0,0,0,0,0,0.000,0.00,0,10,44.831,"1,069.26",Total,317,"1,715.480","72,058.61",7,109,183,0,53,663.591,"50,450.15",15,370,"2,379.071","1,22,508.76",0.00,1,4.300,"14,797.28",0,0,0,0,0,0.000,748.39,1,4.300,"15,545.67",130,631.536,"14,929.89",7,69,101,0,5,40.150,748.39,0,135,671.686,"15,678.28",Grand Total,"2,828","14,912.843","5,22,499.08",197,816,"1,549",0,"1,049","10,064.773","6,11,256.74",126,"3,877","24,977.616","11,33,755.83",0.00,7,32.021,"1,56,370.80",0,0,3,0,0,0.000,"42,249.24",7,32.021,"1,98,649.45","1,613","7,343.664","1,58,387.30",179,696,"1,041",0,227,"2,403.111","42,429.07",0,"1,840","9,746.775","2,00,991.92","Page 1 of 1     Generated on : 12/03/2025 23:17 PM     2014 NRRDA, All rights reserved"
Pradhan Mantri Gram Sadak Yojana,Monthly Report Format for Physical & Financial Progress under PMGSY,State: Himachal Pradesh     District: All Districts     Block: All Blocks     Year: 2015     Month: January     Collaboration: All Collaborations     Agency:  Public Works Department   Scheme: All Scheme,Note : All Costs and Expenditures in Lakhs and Length in Kms.,Clearance,Progress During Month,Cumulative Progress,New Connectivity,Upgradation,Total,New Connectivity,Upgradation,Total,New Connectivity,Upgradation,Total,Sr.No.,Sanction Year,Nos.,Length,Cost,1000+,999-500,499-250 (Eligible),Nos.,Length,Cost,LSB Nos.,Road Nos.,Road Length,Cost,Funds Released,Nos.,Length,Expenditure,1000+,999-500,499-250 (Eligible),Nos.,Length,Expenditure,Nos.,Length,Expenditure,Nos.,Length,Expenditure,1000+,999-500,499-250 (Eligible),Nos.,Length,Expenditure,LSB Nos.,Road Nos.,Road Length,Expenditure,Chamba,2013 - 2014,10,42.600,912.95,0,0,0,0,0,0.000,0.00,0,10,42.600,912.95,0.00,0,0.000,196.38,0,0,0,0,0,0.000,0.00,0,0.000,196.38,3,9.100,196.38,0,0,0,0,0,0.000,0.00,0,3,9.100,196.38,Total,317,"1,715.480","72,058.61",7,109,183,0,53,663.591,"50,450.15",15,370,"2,379.071","1,22,508.76",0.00,1,4.300,"14,797.28",0,0,0,0,0,0.000,748.39,1,4.300,"15,545.67",130,631.536,"14,929.89",7,69,101,0,5,40.150,748.39,0,135,671.686,"15,678.28",Grand Total,"2,828","14,912.843","5,22,499.08",197,816,"1,549",0,"1,049","10,064.773","6,11,256.74",126,"3,877","24,977.616","11,33,755.83",0.00,7,32.021,"1,56,370.80",0,0,3,0,0,0.000,"42,249.24",7,32.021,"1,98,649.45","1,613","7,343.664","1,58,387.30",179,696,"1,041",0,227,"2,403.111","42,429.07",0,"1,840","9,746.775","2,00,991.92","Page 1 of 1     Generated on : 12/03/2025 23:17 PM     2014 NRRDA, All rights reserved"
Pradhan Mantri Gram Sadak Yojana,Monthly Report Format for Physical & Financial Progress under PMGSY,State: Himachal Pradesh     District: All Districts     Block: All Blocks     Year: 2015     Month: January     Collaboration: All Collaborations     Agency:  Public Works Department   Scheme: All Scheme,Note : All Costs and Expenditures in Lakhs and Length in Kms.,Clearance,Progress During Month,Cumulative Progress,New Connectivity,Upgradation,Total,New Connectivity,Upgradation,Total,New Connectivity,Upgradation,Total,Sr.No.,Sanction Year,Nos.,Length,Cost,1000+,999-500,499-250 (Eligible),Nos.,Length,Cost,LSB Nos.,Road Nos.,Road Length,Cost,Funds Released,Nos.,Length,Expenditure,1000+,999-500,499-250 (Eligible),Nos.,Length,Expenditure,Nos.,Length,Expenditure,Nos.,Length,Expenditure,1000+,999-500,499-250 (Eligible),Nos.,Length,Expenditure,LSB Nos.,Road Nos.,Road Length,Expenditure,Chamba,2014 - 2015,3,13.580,"1,061.98",0,0,1,0,0,0.000,0.00,3,3,13.580,"1,061.98",0.00,0,0.000,0.00,0,0,0,0,0,0.000,0.00,0,0.000,0.00,0,0.000,,0,0,0,0,0,0.000,0.00,0,0,0.000,0.00,Total,317,"1,715.480","72,058.61",7,109,183,0,53,663.591,"50,450.15",15,370,"2,379.071","1,22,508.76",0.00,1,4.300,"14,797.28",0,0,0,0,0,0.000,748.39,1,4.300,"15,545.67",130,631.536,"14,929.89",7,69,101,0,5,40.150,748.39,0,135,671.686,"15,678.28",Grand Total,"2,828","14,912.843","5,22,499.08",197,816,"1,549",0,"1,049","10,064.773","6,11,256.74",126,"3,877","24,977.616","11,33,755.83",0.00,7,32.021,"1,56,370.80",0,0,3,0,0,0.000,"42,249.24",7,32.021,"1,98,649.45","1,613","7,343.664","1,58,387.30",179,696,"1,041",0,227,"2,403.111","42,429.07",0,"1,840","9,746.775","2,00,991.92","Page 1 of 1     Generated on : 12/03/2025 23:17 PM     2014 NRRDA, All rights reserved"
Pradhan Mantri Gram Sadak Yojana,Monthly Report Format for Physical & Financial Progress under PMGSY,State: Himachal Pradesh     District: All Districts     Block: All Blocks     Year: 2015     Month: January     Collaboration: All Collaborations     Agency:  Public Works Department   Scheme: All Scheme,Note : All Costs and Expenditures in Lakhs and Length in Kms.,Clearance,Progress During Month,Cumulative Progress,New Connectivity,Upgradation,Total,New Connectivity,Upgradation,Total,New Connectivity,Upgradation,Total,Sr.No.,Sanction Year,Nos.,Length,Cost,1000+,999-500,499-250 (Eligible),Nos.,Length,Cost,LSB Nos.,Road Nos.,Road Length,Cost,Funds Released,Nos.,Length,Expenditure,1000+,999-500,499-250 (Eligible),Nos.,Length,Expenditure,Nos.,Length,Expenditure,Nos.,Length,Expenditure,1000+,999-500,499-250 (Eligible),Nos.,Length,Expenditure,LSB Nos.,Road Nos.,Road Length,Expenditure,Chamba,2016 - 2017,24,135.435,"8,787.21",0,1,13,0,4,81.000,"3,838.76",1,28,216.435,"12,625.97",0.00,0,0.000,0.00,0,0,0,0,0,0.000,0.00,0,0.000,0.00,0,0.000,,0,0,0,0,0,0.000,0.00,0,0,0.000,0.00,Total,317,"1,715.480","72,058.61",7,109,183,0,53,663.591,"50,450.15",15,370,"2,379.071","1,22,508.76",0.00,1,4.300,"14,797.28",0,0,0,0,0,0.000,748.39,1,4.300,"15,545.67",130,631.536,"14,929.89",7,69,101,0,5,40.150,748.39,0,135,671.686,"15,678.28",Grand Total,"2,828","14,912.843","5,22,499.08",197,816,"1,549",0,"1,049","10,064.773","6,11,256.74",126,"3,877","24,977.616","11,33,755.83",0.00,7,32.021,"1,56,370.80",0,0,3,0,0,0.000,"42,249.24",7,32.021,"1,98,649.45","1,613","7,343.664","1,58,387.30",179,696,"1,041",0,227,"2,403.111","42,429.07",0,"1,840","9,746.775","2,00,991.92","Page 1 of 1     Generated on : 12/03/2025 23:17 PM     2014 NRRDA, All rights reserved"
Pradhan Mantri Gram Sadak Yojana,Monthly Report Format for Physical & Financial Progress under PMGSY,State: Himachal Pradesh     District: All Districts     Block: All Blocks     Year: 2015     Month: January     Collaboration: All Collaborations     Agency:  Public Works Department   Scheme: All Scheme,Note : All Costs and Expenditures in Lakhs and Length in Kms.,Clearance,Progress During Month,Cumulative Progress,New Connectivity,Upgradation,Total,New Connectivity,Upgradation,Total,New Connectivity,Upgradation,Total,Sr.No.,Sanction Year,Nos.,Length,Cost,1000+,999-500,499-250 (Eligible),Nos.,Length,Cost,LSB Nos.,Road Nos.,Road Length,Cost,Funds Released,Nos.,Length,Expenditure,1000+,999-500,499-250 (Eligible),Nos.,Length,Expenditure,Nos.,Length,Expenditure,Nos.,Length,Expenditure,1000+,999-500,499-250 (Eligible),Nos.,Length,Expenditure,LSB Nos.,Road Nos.,Road Length,Expenditure,Chamba,2017 - 2018,34,200.055,"13,316.09",0,4,17,0,0,0.000,0.00,3,34,200.055,"13,316.09",0.00,0,0.000,0.00,0,0,0,0,0,0.000,0.00,0,0.000,0.00,0,0.000,,0,0,0,0,0,0.000,0.00,0,0,0.000,0.00,Total,317,"1,715.480","72,058.61",7,109,183,0,53,663.591,"50,450.15",15,370,"2,379.071","1,22,508.76",0.00,1,4.300,"14,797.28",0,0,0,0,0,0.000,748.39,1,4.300,"15,545.67",130,631.536,"14,929.89",7,69,101,0,5,40.150,748.39,0,135,671.686,"15,678.28",Grand Total,"2,828","14,912.843","5,22,499.08",197,816,"1,549",0,"1,049","10,064.773","6,11,256.74",126,"3,877","24,977.616","11,33,755.83",0.00,7,32.021,"1,56,370.80",0,0,3,0,0,0.000,"42,249.24",7,32.021,"1,98,649.45","1,613","7,343.664","1,58,387.30",179,696,"1,041",0,227,"2,403.111","42,429.07",0,"1,840","9,746.775","2,00,991.92","Page 1 of 1     Generated on : 12/03/2025 23:17 PM     2014 NRRDA, All rights reserved"
Pradhan Mantri Gram Sadak Yojana,Monthly Report Format for Physical & Financial Progress under PMGSY,State: Himachal Pradesh     District: All Districts     Block: All Blocks     Year: 2015     Month: January     Collaboration: All Collaborations     Agency:  Public Works Department   Scheme: All Scheme,Note : All Costs and Expenditures in Lakhs and Length in Kms.,Clearance,Progress During Month,Cumulative Progress,New Connectivity,Upgradation,Total,New Connectivity,Upgradation,Total,New Connectivity,Upgradation,Total,Sr.No.,Sanction Year,Nos.,Length,Cost,1000+,999-500,499-250 (Eligible),Nos.,Length,Cost,LSB Nos.,Road Nos.,Road Length,Cost,Funds Released,Nos.,Length,Expenditure,1000+,999-500,499-250 (Eligible),Nos.,Length,Expenditure,Nos.,Length,Expenditure,Nos.,Length,Expenditure,1000+,999-500,499-250 (Eligible),Nos.,Length,Expenditure,LSB Nos.,Road Nos.,Road Length,Expenditure,Chamba,2018 - 2019,52,286.040,"24,134.80",0,15,23,0,15,210.185,"12,326.47",7,67,496.225,"36,461.27",0.00,0,0.000,0.00,0,0,0,0,0,0.000,0.00,0,0.000,0.00,0,0.000,,0,0,0,0,0,0.000,0.00,0,0,0.000,0.00,Total,317,"1,715.480","72,058.61",7,109,183,0,53,663.591,"50,450.15",15,370,"2,379.071","1,22,508.76",0.00,1,4.300,"14,797.28",0,0,0,0,0,0.000,748.39,1,4.300,"15,545.67",130,631.536,"14,929.89",7,69,101,0,5,40.150,748.39,0,135,671.686,"15,678.28",Grand Total,"2,828","14,912.843","5,22,499.08",197,816,"1,549",0,"1,049","10,064.773","6,11,256.74",126,"3,877","24,977.616","11,33,755.83",0.00,7,32.021,"1,56,370.80",0,0,3,0,0,0.000,"42,249.24",7,32.021,"1,98,649.45","1,613","7,343.664","1,58,387.30",179,696,"1,041",0,227,"2,403.111","42,429.07",0,"1,840","9,746.775","2,00,991.92","Page 1 of 1     Generated on : 12/03/2025 23:17 PM     2014 NRRDA, All rights reserved"
Pradhan Mantri Gram Sadak Yojana,Monthly Report Format for Physical & Financial Progress under PMGSY,State: Himachal Pradesh     District: All Districts     Block: All Blocks     Year: 2015     Month: January     Collaboration: All Collaborations     Agency:  Public Works Department   Scheme: All Scheme,Note : All Costs and Expenditures in Lakhs and Length in Kms.,Clearance,Progress During Month,Cumulative Progress,New Connectivity,Upgradation,Total,New Connectivity,Upgradation,Total,New Connectivity,Upgradation,Total,Sr.No.,Sanction Year,Nos.,Length,Cost,1000+,999-500,499-250 (Eligible),Nos.,Length,Cost,LSB Nos.,Road Nos.,Road Length,Cost,Funds Released,Nos.,Length,Expenditure,1000+,999-500,499-250 (Eligible),Nos.,Length,Expenditure,Nos.,Length,Expenditure,Nos.,Length,Expenditure,1000+,999-500,499-250 (Eligible),Nos.,Length,Expenditure,LSB Nos.,Road Nos.,Road Length,Expenditure,Chamba,2019 - 2020,0,0.000,0.00,0,0,0,0,6,109.530,"8,798.40",0,6,109.530,"8,798.40",0.00,0,0.000,0.00,0,0,0,0,0,0.000,0.00,0,0.000,0.00,0,0.000,,0,0,0,0,0,0.000,0.00,0,0,0.000,0.00,Total,317,"1,715.480","72,058.61",7,109,183,0,53,663.591,"50,450.15",15,370,"2,379.071","1,22,508.76",0.00,1,4.300,"14,797.28",0,0,0,0,0,0.000,748.39,1,4.300,"15,545.67",130,631.536,"14,929.89",7,69,101,0,5,40.150,748.39,0,135,671.686,"15,678.28",Grand Total,"2,828","14,912.843","5,22,499.08",197,816,"1,549",0,"1,049","10,064.773","6,11,256.74",126,"3,877","24,977.616","11,33,755.83",0.00,7,32.021,"1,56,370.80",0,0,3,0,0,0.000,"42,249.24",7,32.021,"1,98,649.45","1,613","7,343.664","1,58,387.30",179,696,"1,041",0,227,"2,403.111","42,429.07",0,"1,840","9,746.775","2,00,991.92","Page 1 of 1     Generated on : 12/03/2025 23:17 PM     2014 NRRDA, All rights reserved"
Pradhan Mantri Gram Sadak Yojana,Monthly Report Format for Physical & Financial Progress under PMGSY,State: Himachal Pradesh     District: All Districts     Block: All Blocks     Year: 2015     Month: January     Collaboration: All Collaborations     Agency:  Public Works Department   Scheme: All Scheme,Note : All Costs and Expenditures in Lakhs and Length in Kms.,Clearance,Progress During Month,Cumulative Progress,New Connectivity,Upgradation,Total,New Connectivity,Upgradation,Total,New Connectivity,Upgradation,Total,Sr.No.,Sanction Year,Nos.,Length,Cost,1000+,999-500,499-250 (Eligible),Nos.,Length,Cost,LSB Nos.,Road Nos.,Road Length,Cost,Funds Released,Nos.,Length,Expenditure,1000+,999-500,499-250 (Eligible),Nos.,Length,Expenditure,Nos.,Length,Expenditure,Nos.,Length,Expenditure,1000+,999-500,499-250 (Eligible),Nos.,Length,Expenditure,LSB Nos.,Road Nos.,Road Length,Expenditure,Chamba,2022 - 2023,0,0.000,0.00,0,0,0,0,6,55.380,"4,931.28",0,6,55.380,"4,931.28",0.00,0,0.000,0.00,0,0,0,0,0,0.000,0.00,0,0.000,0.00,0,0.000,,0,0,0,0,0,0.000,0.00,0,0,0.000,0.00,Total,317,"1,715.480","72,058.61",7,109,183,0,53,663.591,"50,450.15",15,370,"2,379.071","1,22,508.76",0.00,1,4.300,"14,797.28",0,0,0,0,0,0.000,748.39,1,4.300,"15,545.67",130,631.536,"14,929.89",7,69,101,0,5,40.150,748.39,0,135,671.686,"15,678.28",Grand Total,"2,828","14,912.843","5,22,499.08",197,816,"1,549",0,"1,049","10,064.773","6,11,256.74",126,"3,877","24,977.616","11,33,755.83",0.00,7,32.021,"1,56,370.80",0,0,3,0,0,0.000,"42,249.24",7,32.021,"1,98,649.45","1,613","7,343.664","1,58,387.30",179,696,"1,041",0,227,"2,403.111","42,429.07",0,"1,840","9,746.775","2,00,991.92","Page 1 of 1     Generated on : 12/03/2025 23:17 PM     2014 NRRDA, All rights reserved"
Pradhan Mantri Gram Sadak Yojana,Monthly Report Format for Physical & Financial Progress under PMGSY,State: Himachal Pradesh     District: All Districts     Block: All Blocks     Year: 2015     Month: January     Collaboration: All Collaborations     Agency:  Public Works Department   Scheme: All Scheme,Note : All Costs and Expenditures in Lakhs and Length in Kms.,Clearance,Progress During Month,Cumulative Progress,New Connectivity,Upgradation,Total,New Connectivity,Upgradation,Total,New Connectivity,Upgradation,Total,Sr.No.,Sanction Year,Nos.,Length,Cost,1000+,999-500,499-250 (Eligible),Nos.,Length,Cost,LSB Nos.,Road Nos.,Road Length,Cost,Funds Released,Nos.,Length,Expenditure,1000+,999-500,499-250 (Eligible),Nos.,Length,Expenditure,Nos.,Length,Expenditure,Nos.,Length,Expenditure,1000+,999-500,499-250 (Eligible),Nos.,Length,Expenditure,LSB Nos.,Road Nos.,Road Length,Expenditure,Chamba,2023 - 2024,0,0.000,0.00,0,0,0,0,17,167.346,"19,796.33",1,17,167.346,"19,796.33",0.00,0,0.000,0.00,0,0,0,0,0,0.000,0.00,0,0.000,0.00,0,0.000,,0,0,0,0,0,0.000,0.00,0,0,0.000,0.00,Total,317,"1,715.480","72,058.61",7,109,183,0,53,663.591,"50,450.15",15,370,"2,379.071","1,22,508.76",0.00,1,4.300,"14,797.28",0,0,0,0,0,0.000,748.39,1,4.300,"15,545.67",130,631.536,"14,929.89",7,69,101,0,5,40.150,748.39,0,135,671.686,"15,678.28",Grand Total,"2,828","14,912.843","5,22,499.08",197,816,"1,549",0,"1,049","10,064.773","6,11,256.74",126,"3,877","24,977.616","11,33,755.83",0.00,7,32.021,"1,56,370.80",0,0,3,0,0,0.000,"42,249.24",7,32.021,"1,98,649.45","1,613","7,343.664","1,58,387.30",179,696,"1,041",0,227,"2,403.111","42,429.07",0,"1,840","9,746.775","2,00,991.92","Page 1 of 1     Generated on : 12/03/2025 23:17 PM     2014 NRRDA, All rights reserved"
Pradhan Mantri Gram Sadak Yojana,Monthly Report Format for Physical & Financial Progress under PMGSY,State: Himachal Pradesh     District: All Districts     Block: All Blocks     Year: 2015     Month: January     Collaboration: All Collaborations     Agency:  Public Works Department   Scheme: All Scheme,Note : All Costs and Expenditures in Lakhs and Length in Kms.,Clearance,Progress During Month,Cumulative Progress,New Connectivity,Upgradation,Total,New Connectivity,Upgradation,Total,New Connectivity,Upgradation,Total,Sr.No.,Sanction Year,Nos.,Length,Cost,1000+,999-500,499-250 (Eligible),Nos.,Length,Cost,LSB Nos.,Road Nos.,Road Length,Cost,Funds Released,Nos.,Length,Expenditure,1000+,999-500,499-250 (Eligible),Nos.,Length,Expenditure,Nos.,Length,Expenditure,Nos.,Length,Expenditure,1000+,999-500,499-250 (Eligible),Nos.,Length,Expenditure,LSB Nos.,Road Nos.,Road Length,Expenditure,Hamirpur,2000 - 2001,13,42.645,620.00,1,3,8,0,0,0.000,0.00,0,13,42.645,620.00,0.00,0,0.000,620.00,0,0,0,0,0,0.000,0.00,0,0.000,620.00,13,42.650,620.00,1,3,8,0,0,0.000,0.00,0,13,42.650,620.00,Total,106,327.783,"8,667.92",6,30,67,0,75,689.571,"38,175.41",6,181,"1,017.354","46,843.33",0.00,0,0.000,"5,573.74",0,0,0,0,0,0.000,"2,994.91",0,0.000,"8,568.65",89,285.971,"5,652.75",6,30,56,0,16,217.580,"2,994.91",0,105,503.551,"8,647.66",Grand Total,"2,828","14,912.843","5,22,499.08",197,816,"1,549",0,"1,049","10,064.773","6,11,256.74",126,"3,877","24,977.616","11,33,755.83",0.00,7,32.021,"1,56,370.80",0,0,3,0,0,0.000,"42,249.24",7,32.021,"1,98,649.45","1,613","7,343.664","1,58,387.30",179,696,"1,041",0,227,"2,403.111","42,429.07",0,"1,840","9,746.775","2,00,991.92","Page 1 of 1     Generated on : 12/03/2025 23:17 PM     2014 NRRDA, All rights reserved"
Pradhan Mantri Gram Sadak Yojana,Monthly Report Format for Physical & Financial Progress under PMGSY,State: Himachal Pradesh     District: All Districts     Block: All Blocks     Year: 2015     Month: January     Collaboration: All Collaborations     Agency:  Public Works Department   Scheme: All Scheme,Note : All Costs and Expenditures in Lakhs and Length in Kms.,Clearance,Progress During Month,Cumulative Progress,New Connectivity,Upgradation,Total,New Connectivity,Upgradation,Total,New Connectivity,Upgradation,Total,Sr.No.,Sanction Year,Nos.,Length,Cost,1000+,999-500,499-250 (Eligible),Nos.,Length,Cost,LSB Nos.,Road Nos.,Road Length,Cost,Funds Released,Nos.,Length,Expenditure,1000+,999-500,499-250 (Eligible),Nos.,Length,Expenditure,Nos.,Length,Expenditure,Nos.,Length,Expenditure,1000+,999-500,499-250 (Eligible),Nos.,Length,Expenditure,LSB Nos.,Road Nos.,Road Length,Expenditure,Hamirpur,2001 - 2002,21,67.791,"1,191.52",1,5,19,0,0,0.000,0.00,0,21,67.791,"1,191.52",0.00,0,0.000,"1,098.38",0,0,0,0,0,0.000,0.00,0,0.000,"1,098.38",21,67.791,"1,100.78",1,5,19,0,0,0.000,0.00,0,21,67.791,"1,100.78",Total,106,327.783,"8,667.92",6,30,67,0,75,689.571,"38,175.41",6,181,"1,017.354","46,843.33",0.00,0,0.000,"5,573.74",0,0,0,0,0,0.000,"2,994.91",0,0.000,"8,568.65",89,285.971,"5,652.75",6,30,56,0,16,217.580,"2,994.91",0,105,503.551,"8,647.66",Grand Total,"2,828","14,912.843","5,22,499.08",197,816,"1,549",0,"1,049","10,064.773","6,11,256.74",126,"3,877","24,977.616","11,33,755.83",0.00,7,32.021,"1,56,370.80",0,0,3,0,0,0.000,"42,249.24",7,32.021,"1,98,649.45","1,613","7,343.664","1,58,387.30",179,696,"1,041",0,227,"2,403.111","42,429.07",0,"1,840","9,746.775","2,00,991.92","Page 1 of 1     Generated on : 12/03/2025 23:17 PM     2014 NRRDA, All rights reserved"
Pradhan Mantri Gram Sadak Yojana,Monthly Report Format for Physical & Financial Progress under PMGSY,State: Himachal Pradesh     District: All Districts     Block: All Blocks     Year: 2015     Month: January     Collaboration: All Collaborations     Agency:  Public Works Department   Scheme: All Scheme,Note : All Costs and Expenditures in Lakhs and Length in Kms.,Clearance,Progress During Month,Cumulative Progress,New Connectivity,Upgradation,Total,New Connectivity,Upgradation,Total,New Connectivity,Upgradation,Total,Sr.No.,Sanction Year,Nos.,Length,Cost,1000+,999-500,499-250 (Eligible),Nos.,Length,Cost,LSB Nos.,Road Nos.,Road Length,Cost,Funds Released,Nos.,Length,Expenditure,1000+,999-500,499-250 (Eligible),Nos.,Length,Expenditure,Nos.,Length,Expenditure,Nos.,Length,Expenditure,1000+,999-500,499-250 (Eligible),Nos.,Length,Expenditure,LSB Nos.,Road Nos.,Road Length,Expenditure,Hamirpur,2003 - 2004,14,76.030,"1,157.53",3,7,8,0,0,0.000,0.00,0,14,76.030,"1,157.53",0.00,0,0.000,917.27,0,0,0,0,0,0.000,0.00,0,0.000,917.27,14,76.030,917.27,3,7,8,0,0,0.000,0.00,0,14,76.030,917.27,Total,106,327.783,"8,667.92",6,30,67,0,75,689.571,"38,175.41",6,181,"1,017.354","46,843.33",0.00,0,0.000,"5,573.74",0,0,0,0,0,0.000,"2,994.91",0,0.000,"8,568.65",89,285.971,"5,652.75",6,30,56,0,16,217.580,"2,994.91",0,105,503.551,"8,647.66",Grand Total,"2,828","14,912.843","5,22,499.08",197,816,"1,549",0,"1,049","10,064.773","6,11,256.74",126,"3,877","24,977.616","11,33,755.83",0.00,7,32.021,"1,56,370.80",0,0,3,0,0,0.000,"42,249.24",7,32.021,"1,98,649.45","1,613","7,343.664","1,58,387.30",179,696,"1,041",0,227,"2,403.111","42,429.07",0,"1,840","9,746.775","2,00,991.92","Page 1 of 1     Generated on : 12/03/2025 23:17 PM     2014 NRRDA, All rights reserved"
Pradhan Mantri Gram Sadak Yojana,Monthly Report Format for Physical & Financial Progress under PMGSY,State: Himachal Pradesh     District: All Districts     Block: All Blocks     Year: 2015     Month: January     Collaboration: All Collaborations     Agency:  Public Works Department   Scheme: All Scheme,Note : All Costs and Expenditures in Lakhs and Length in Kms.,Clearance,Progress During Month,Cumulative Progress,New Connectivity,Upgradation,Total,New Connectivity,Upgradation,Total,New Connectivity,Upgradation,Total,Sr.No.,Sanction Year,Nos.,Length,Cost,1000+,999-500,499-250 (Eligible),Nos.,Length,Cost,LSB Nos.,Road Nos.,Road Length,Cost,Funds Released,Nos.,Length,Expenditure,1000+,999-500,499-250 (Eligible),Nos.,Length,Expenditure,Nos.,Length,Expenditure,Nos.,Length,Expenditure,1000+,999-500,499-250 (Eligible),Nos.,Length,Expenditure,LSB Nos.,Road Nos.,Road Length,Expenditure,Hamirpur,2004 - 2005,2,8.760,132.18,0,2,1,0,0,0.000,0.00,0,2,8.760,132.18,0.00,0,0.000,79.67,0,0,0,0,0,0.000,0.00,0,0.000,79.67,2,8.760,79.67,0,2,1,0,0,0.000,0.00,0,2,8.760,79.67,Total,106,327.783,"8,667.92",6,30,67,0,75,689.571,"38,175.41",6,181,"1,017.354","46,843.33",0.00,0,0.000,"5,573.74",0,0,0,0,0,0.000,"2,994.91",0,0.000,"8,568.65",89,285.971,"5,652.75",6,30,56,0,16,217.580,"2,994.91",0,105,503.551,"8,647.66",Grand Total,"2,828","14,912.843","5,22,499.08",197,816,"1,549",0,"1,049","10,064.773","6,11,256.74",126,"3,877","24,977.616","11,33,755.83",0.00,7,32.021,"1,56,370.80",0,0,3,0,0,0.000,"42,249.24",7,32.021,"1,98,649.45","1,613","7,343.664","1,58,387.30",179,696,"1,041",0,227,"2,403.111","42,429.07",0,"1,840","9,746.775","2,00,991.92","Page 1 of 1     Generated on : 12/03/2025 23:17 PM     2014 NRRDA, All rights reserved"
Pradhan Mantri Gram Sadak Yojana,Monthly Report Format for Physical & Financial Progress under PMGSY,State: Himachal Pradesh     District: All Districts     Block: All Blocks     Year: 2015     Month: January     Collaboration: All Collaborations     Agency:  Public Works Department   Scheme: All Scheme,Note : All Costs and Expenditures in Lakhs and Length in Kms.,Clearance,Progress During Month,Cumulative Progress,New Connectivity,Upgradation,Total,New Connectivity,Upgradation,Total,New Connectivity,Upgradation,Total,Sr.No.,Sanction Year,Nos.,Length,Cost,1000+,999-500,499-250 (Eligible),Nos.,Length,Cost,LSB Nos.,Road Nos.,Road Length,Cost,Funds Released,Nos.,Length,Expenditure,1000+,999-500,499-250 (Eligible),Nos.,Length,Expenditure,Nos.,Length,Expenditure,Nos.,Length,Expenditure,1000+,999-500,499-250 (Eligible),Nos.,Length,Expenditure,LSB Nos.,Road Nos.,Road Length,Expenditure,Hamirpur,2005 - 2006,11,32.875,714.17,0,2,11,0,0,0.000,0.00,0,11,32.875,714.17,0.00,0,0.000,617.09,0,0,0,0,0,0.000,0.00,0,0.000,617.09,11,32.875,617.09,0,2,11,0,0,0.000,0.00,0,11,32.875,617.09,Total,106,327.783,"8,667.92",6,30,67,0,75,689.571,"38,175.41",6,181,"1,017.354","46,843.33",0.00,0,0.000,"5,573.74",0,0,0,0,0,0.000,"2,994.91",0,0.000,"8,568.65",89,285.971,"5,652.75",6,30,56,0,16,217.580,"2,994.91",0,105,503.551,"8,647.66",Grand Total,"2,828","14,912.843","5,22,499.08",197,816,"1,549",0,"1,049","10,064.773","6,11,256.74",126,"3,877","24,977.616","11,33,755.83",0.00,7,32.021,"1,56,370.80",0,0,3,0,0,0.000,"42,249.24",7,32.021,"1,98,649.45","1,613","7,343.664","1,58,387.30",179,696,"1,041",0,227,"2,403.111","42,429.07",0,"1,840","9,746.775","2,00,991.92","Page 1 of 1     Generated on : 12/03/2025 23:17 PM     2014 NRRDA, All rights reserved"
Pradhan Mantri Gram Sadak Yojana,Monthly Report Format for Physical & Financial Progress under PMGSY,State: Himachal Pradesh     District: All Districts     Block: All Blocks     Year: 2015     Month: January     Collaboration: All Collaborations     Agency:  Public Works Department   Scheme: All Scheme,Note : All Costs and Expenditures in Lakhs and Length in Kms.,Clearance,Progress During Month,Cumulative Progress,New Connectivity,Upgradation,Total,New Connectivity,Upgradation,Total,New Connectivity,Upgradation,Total,Sr.No.,Sanction Year,Nos.,Length,Cost,1000+,999-500,499-250 (Eligible),Nos.,Length,Cost,LSB Nos.,Road Nos.,Road Length,Cost,Funds Released,Nos.,Length,Expenditure,1000+,999-500,499-250 (Eligible),Nos.,Length,Expenditure,Nos.,Length,Expenditure,Nos.,Length,Expenditure,1000+,999-500,499-250 (Eligible),Nos.,Length,Expenditure,LSB Nos.,Road Nos.,Road Length,Expenditure,Hamirpur,2006 - 2007,15,31.512,"1,015.46",1,11,2,0,13,171.095,"2,253.89",0,28,202.607,"3,269.35",0.00,0,0.000,969.26,0,0,0,0,0,0.000,"2,292.78",0,0.000,"3,262.04",15,31.512,969.26,1,11,2,0,13,171.095,"2,292.78",0,28,202.607,"3,262.04",Total,106,327.783,"8,667.92",6,30,67,0,75,689.571,"38,175.41",6,181,"1,017.354","46,843.33",0.00,0,0.000,"5,573.74",0,0,0,0,0,0.000,"2,994.91",0,0.000,"8,568.65",89,285.971,"5,652.75",6,30,56,0,16,217.580,"2,994.91",0,105,503.551,"8,647.66",Grand Total,"2,828","14,912.843","5,22,499.08",197,816,"1,549",0,"1,049","10,064.773","6,11,256.74",126,"3,877","24,977.616","11,33,755.83",0.00,7,32.021,"1,56,370.80",0,0,3,0,0,0.000,"42,249.24",7,32.021,"1,98,649.45","1,613","7,343.664","1,58,387.30",179,696,"1,041",0,227,"2,403.111","42,429.07",0,"1,840","9,746.775","2,00,991.92","Page 1 of 1     Generated on : 12/03/2025 23:17 PM     2014 NRRDA, All rights reserved"
Pradhan Mantri Gram Sadak Yojana,Monthly Report Format for Physical & Financial Progress under PMGSY,State: Himachal Pradesh     District: All Districts     Block: All Blocks     Year: 2015     Month: January     Collaboration: All Collaborations     Agency:  Public Works Department   Scheme: All Scheme,Note : All Costs and Expenditures in Lakhs and Length in Kms.,Clearance,Progress During Month,Cumulative Progress,New Connectivity,Upgradation,Total,New Connectivity,Upgradation,Total,New Connectivity,Upgradation,Total,Sr.No.,Sanction Year,Nos.,Length,Cost,1000+,999-500,499-250 (Eligible),Nos.,Length,Cost,LSB Nos.,Road Nos.,Road Length,Cost,Funds Released,Nos.,Length,Expenditure,1000+,999-500,499-250 (Eligible),Nos.,Length,Expenditure,Nos.,Length,Expenditure,Nos.,Length,Expenditure,1000+,999-500,499-250 (Eligible),Nos.,Length,Expenditure,LSB Nos.,Road Nos.,Road Length,Expenditure,Hamirpur,2007 - 2008,1,2.510,40.75,0,0,0,0,3,46.485,752.66,0,4,48.995,793.41,0.00,0,0.000,40.29,0,0,0,0,0,0.000,702.13,0,0.000,742.42,1,2.510,40.29,0,0,0,0,3,46.485,702.13,0,4,48.995,742.42,Total,106,327.783,"8,667.92",6,30,67,0,75,689.571,"38,175.41",6,181,"1,017.354","46,843.33",0.00,0,0.000,"5,573.74",0,0,0,0,0,0.000,"2,994.91",0,0.000,"8,568.65",89,285.971,"5,652.75",6,30,56,0,16,217.580,"2,994.91",0,105,503.551,"8,647.66",Grand Total,"2,828","14,912.843","5,22,499.08",197,816,"1,549",0,"1,049","10,064.773","6,11,256.74",126,"3,877","24,977.616","11,33,755.83",0.00,7,32.021,"1,56,370.80",0,0,3,0,0,0.000,"42,249.24",7,32.021,"1,98,649.45","1,613","7,343.664","1,58,387.30",179,696,"1,041",0,227,"2,403.111","42,429.07",0,"1,840","9,746.775","2,00,991.92","Page 1 of 1     Generated on : 12/03/2025 23:17 PM     2014 NRRDA, All rights reserved"
Pradhan Mantri Gram Sadak Yojana,Monthly Report Format for Physical & Financial Progress under PMGSY,State: Himachal Pradesh     District: All Districts     Block: All Blocks     Year: 2015     Month: January     Collaboration: All Collaborations     Agency:  Public Works Department   Scheme: All Scheme,Note : All Costs and Expenditures in Lakhs and Length in Kms.,Clearance,Progress During Month,Cumulative Progress,New Connectivity,Upgradation,Total,New Connectivity,Upgradation,Total,New Connectivity,Upgradation,Total,Sr.No.,Sanction Year,Nos.,Length,Cost,1000+,999-500,499-250 (Eligible),Nos.,Length,Cost,LSB Nos.,Road Nos.,Road Length,Cost,Funds Released,Nos.,Length,Expenditure,1000+,999-500,499-250 (Eligible),Nos.,Length,Expenditure,Nos.,Length,Expenditure,Nos.,Length,Expenditure,1000+,999-500,499-250 (Eligible),Nos.,Length,Expenditure,LSB Nos.,Road Nos.,Road Length,Expenditure,Hamirpur,2008 - 2009,1,5.000,215.35,0,0,1,0,0,0.000,0.00,0,1,5.000,215.35,0.00,0,0.000,176.63,0,0,0,0,0,0.000,0.00,0,0.000,176.63,1,4.500,176.63,0,0,1,0,0,0.000,0.00,0,1,4.500,176.63,Total,106,327.783,"8,667.92",6,30,67,0,75,689.571,"38,175.41",6,181,"1,017.354","46,843.33",0.00,0,0.000,"5,573.74",0,0,0,0,0,0.000,"2,994.91",0,0.000,"8,568.65",89,285.971,"5,652.75",6,30,56,0,16,217.580,"2,994.91",0,105,503.551,"8,647.66",Grand Total,"2,828","14,912.843","5,22,499.08",197,816,"1,549",0,"1,049","10,064.773","6,11,256.74",126,"3,877","24,977.616","11,33,755.83",0.00,7,32.021,"1,56,370.80",0,0,3,0,0,0.000,"42,249.24",7,32.021,"1,98,649.45","1,613","7,343.664","1,58,387.30",179,696,"1,041",0,227,"2,403.111","42,429.07",0,"1,840","9,746.775","2,00,991.92","Page 1 of 1     Generated on : 12/03/2025 23:17 PM     2014 NRRDA, All rights reserved"
Pradhan Mantri Gram Sadak Yojana,Monthly Report Format for Physical & Financial Progress under PMGSY,State: Himachal Pradesh     District: All Districts     Block: All Blocks     Year: 2015     Month: January     Collaboration: All Collaborations     Agency:  Public Works Department   Scheme: All Scheme,Note : All Costs and Expenditures in Lakhs and Length in Kms.,Clearance,Progress During Month,Cumulative Progress,New Connectivity,Upgradation,Total,New Connectivity,Upgradation,Total,New Connectivity,Upgradation,Total,Sr.No.,Sanction Year,Nos.,Length,Cost,1000+,999-500,499-250 (Eligible),Nos.,Length,Cost,LSB Nos.,Road Nos.,Road Length,Cost,Funds Released,Nos.,Length,Expenditure,1000+,999-500,499-250 (Eligible),Nos.,Length,Expenditure,Nos.,Length,Expenditure,Nos.,Length,Expenditure,1000+,999-500,499-250 (Eligible),Nos.,Length,Expenditure,LSB Nos.,Road Nos.,Road Length,Expenditure,Hamirpur,2009 - 2010,12,28.990,"1,365.27",0,0,12,0,0,0.000,0.00,0,12,28.990,"1,365.27",0.00,0,0.000,806.17,0,0,0,0,0,0.000,0.00,0,0.000,806.17,6,11.945,859.93,0,0,6,0,0,0.000,0.00,0,6,11.945,859.93,Total,106,327.783,"8,667.92",6,30,67,0,75,689.571,"38,175.41",6,181,"1,017.354","46,843.33",0.00,0,0.000,"5,573.74",0,0,0,0,0,0.000,"2,994.91",0,0.000,"8,568.65",89,285.971,"5,652.75",6,30,56,0,16,217.580,"2,994.91",0,105,503.551,"8,647.66",Grand Total,"2,828","14,912.843","5,22,499.08",197,816,"1,549",0,"1,049","10,064.773","6,11,256.74",126,"3,877","24,977.616","11,33,755.83",0.00,7,32.021,"1,56,370.80",0,0,3,0,0,0.000,"42,249.24",7,32.021,"1,98,649.45","1,613","7,343.664","1,58,387.30",179,696,"1,041",0,227,"2,403.111","42,429.07",0,"1,840","9,746.775","2,00,991.92","Page 1 of 1     Generated on : 12/03/2025 23:17 PM     2014 NRRDA, All rights reserved"
Pradhan Mantri Gram Sadak Yojana,Monthly Report Format for Physical & Financial Progress under PMGSY,State: Himachal Pradesh     District: All Districts     Block: All Blocks     Year: 2015     Month: January     Collaboration: All Collaborations     Agency:  Public Works Department   Scheme: All Scheme,Note : All Costs and Expenditures in Lakhs and Length in Kms.,Clearance,Progress During Month,Cumulative Progress,New Connectivity,Upgradation,Total,New Connectivity,Upgradation,Total,New Connectivity,Upgradation,Total,Sr.No.,Sanction Year,Nos.,Length,Cost,1000+,999-500,499-250 (Eligible),Nos.,Length,Cost,LSB Nos.,Road Nos.,Road Length,Cost,Funds Released,Nos.,Length,Expenditure,1000+,999-500,499-250 (Eligible),Nos.,Length,Expenditure,Nos.,Length,Expenditure,Nos.,Length,Expenditure,1000+,999-500,499-250 (Eligible),Nos.,Length,Expenditure,LSB Nos.,Road Nos.,Road Length,Expenditure,Hamirpur,2011 - 2012,7,12.220,297.85,0,0,0,0,0,0.000,0.00,0,7,12.220,297.85,0.00,0,0.000,196.53,0,0,0,0,0,0.000,0.00,0,0.000,196.53,4,5.398,219.38,0,0,0,0,0,0.000,0.00,0,4,5.398,219.38,Total,106,327.783,"8,667.92",6,30,67,0,75,689.571,"38,175.41",6,181,"1,017.354","46,843.33",0.00,0,0.000,"5,573.74",0,0,0,0,0,0.000,"2,994.91",0,0.000,"8,568.65",89,285.971,"5,652.75",6,30,56,0,16,217.580,"2,994.91",0,105,503.551,"8,647.66",Grand Total,"2,828","14,912.843","5,22,499.08",197,816,"1,549",0,"1,049","10,064.773","6,11,256.74",126,"3,877","24,977.616","11,33,755.83",0.00,7,32.021,"1,56,370.80",0,0,3,0,0,0.000,"42,249.24",7,32.021,"1,98,649.45","1,613","7,343.664","1,58,387.30",179,696,"1,041",0,227,"2,403.111","42,429.07",0,"1,840","9,746.775","2,00,991.92","Page 1 of 1     Generated on : 12/03/2025 23:17 PM     2014 NRRDA, All rights reserved"
Pradhan Mantri Gram Sadak Yojana,Monthly Report Format for Physical & Financial Progress under PMGSY,State: Himachal Pradesh     District: All Districts     Block: All Blocks     Year: 2015     Month: January     Collaboration: All Collaborations     Agency:  Public Works Department   Scheme: All Scheme,Note : All Costs and Expenditures in Lakhs and Length in Kms.,Clearance,Progress During Month,Cumulative Progress,New Connectivity,Upgradation,Total,New Connectivity,Upgradation,Total,New Connectivity,Upgradation,Total,Sr.No.,Sanction Year,Nos.,Length,Cost,1000+,999-500,499-250 (Eligible),Nos.,Length,Cost,LSB Nos.,Road Nos.,Road Length,Cost,Funds Released,Nos.,Length,Expenditure,1000+,999-500,499-250 (Eligible),Nos.,Length,Expenditure,Nos.,Length,Expenditure,Nos.,Length,Expenditure,1000+,999-500,499-250 (Eligible),Nos.,Length,Expenditure,LSB Nos.,Road Nos.,Road Length,Expenditure,Hamirpur,2013 - 2014,1,2.000,55.08,0,0,0,0,0,0.000,0.00,0,1,2.000,55.08,0.00,0,0.000,52.45,0,0,0,0,0,0.000,0.00,0,0.000,52.45,1,2.000,52.45,0,0,0,0,0,0.000,0.00,0,1,2.000,52.45,Total,106,327.783,"8,667.92",6,30,67,0,75,689.571,"38,175.41",6,181,"1,017.354","46,843.33",0.00,0,0.000,"5,573.74",0,0,0,0,0,0.000,"2,994.91",0,0.000,"8,568.65",89,285.971,"5,652.75",6,30,56,0,16,217.580,"2,994.91",0,105,503.551,"8,647.66",Grand Total,"2,828","14,912.843","5,22,499.08",197,816,"1,549",0,"1,049","10,064.773","6,11,256.74",126,"3,877","24,977.616","11,33,755.83",0.00,7,32.021,"1,56,370.80",0,0,3,0,0,0.000,"42,249.24",7,32.021,"1,98,649.45","1,613","7,343.664","1,58,387.30",179,696,"1,041",0,227,"2,403.111","42,429.07",0,"1,840","9,746.775","2,00,991.92","Page 1 of 1     Generated on : 12/03/2025 23:17 PM     2014 NRRDA, All rights reserved"
Pradhan Mantri Gram Sadak Yojana,Monthly Report Format for Physical & Financial Progress under PMGSY,State: Himachal Pradesh     District: All Districts     Block: All Blocks     Year: 2015     Month: January     Collaboration: All Collaborations     Agency:  Public Works Department   Scheme: All Scheme,Note : All Costs and Expenditures in Lakhs and Length in Kms.,Clearance,Progress During Month,Cumulative Progress,New Connectivity,Upgradation,Total,New Connectivity,Upgradation,Total,New Connectivity,Upgradation,Total,Sr.No.,Sanction Year,Nos.,Length,Cost,1000+,999-500,499-250 (Eligible),Nos.,Length,Cost,LSB Nos.,Road Nos.,Road Length,Cost,Funds Released,Nos.,Length,Expenditure,1000+,999-500,499-250 (Eligible),Nos.,Length,Expenditure,Nos.,Length,Expenditure,Nos.,Length,Expenditure,1000+,999-500,499-250 (Eligible),Nos.,Length,Expenditure,LSB Nos.,Road Nos.,Road Length,Expenditure,Hamirpur,2014 - 2015,0,0.000,148.68,0,0,0,0,0,0.000,0.00,1,0,0.000,148.68,0.00,0,0.000,0.00,0,0,0,0,0,0.000,0.00,0,0.000,0.00,0,0.000,,0,0,0,0,0,0.000,0.00,0,0,0.000,0.00,Total,106,327.783,"8,667.92",6,30,67,0,75,689.571,"38,175.41",6,181,"1,017.354","46,843.33",0.00,0,0.000,"5,573.74",0,0,0,0,0,0.000,"2,994.91",0,0.000,"8,568.65",89,285.971,"5,652.75",6,30,56,0,16,217.580,"2,994.91",0,105,503.551,"8,647.66",Grand Total,"2,828","14,912.843","5,22,499.08",197,816,"1,549",0,"1,049","10,064.773","6,11,256.74",126,"3,877","24,977.616","11,33,755.83",0.00,7,32.021,"1,56,370.80",0,0,3,0,0,0.000,"42,249.24",7,32.021,"1,98,649.45","1,613","7,343.664","1,58,387.30",179,696,"1,041",0,227,"2,403.111","42,429.07",0,"1,840","9,746.775","2,00,991.92","Page 1 of 1     Generated on : 12/03/2025 23:17 PM     2014 NRRDA, All rights reserved"
Pradhan Mantri Gram Sadak Yojana,Monthly Report Format for Physical & Financial Progress under PMGSY,State: Himachal Pradesh     District: All Districts     Block: All Blocks     Year: 2015     Month: January     Collaboration: All Collaborations     Agency:  Public Works Department   Scheme: All Scheme,Note : All Costs and Expenditures in Lakhs and Length in Kms.,Clearance,Progress During Month,Cumulative Progress,New Connectivity,Upgradation,Total,New Connectivity,Upgradation,Total,New Connectivity,Upgradation,Total,Sr.No.,Sanction Year,Nos.,Length,Cost,1000+,999-500,499-250 (Eligible),Nos.,Length,Cost,LSB Nos.,Road Nos.,Road Length,Cost,Funds Released,Nos.,Length,Expenditure,1000+,999-500,499-250 (Eligible),Nos.,Length,Expenditure,Nos.,Length,Expenditure,Nos.,Length,Expenditure,1000+,999-500,499-250 (Eligible),Nos.,Length,Expenditure,LSB Nos.,Road Nos.,Road Length,Expenditure,Hamirpur,2016 - 2017,3,6.470,313.01,0,0,2,0,6,64.810,"2,920.67",1,9,71.280,"3,233.68",0.00,0,0.000,0.00,0,0,0,0,0,0.000,0.00,0,0.000,0.00,0,0.000,,0,0,0,0,0,0.000,0.00,0,0,0.000,0.00,Total,106,327.783,"8,667.92",6,30,67,0,75,689.571,"38,175.41",6,181,"1,017.354","46,843.33",0.00,0,0.000,"5,573.74",0,0,0,0,0,0.000,"2,994.91",0,0.000,"8,568.65",89,285.971,"5,652.75",6,30,56,0,16,217.580,"2,994.91",0,105,503.551,"8,647.66",Grand Total,"2,828","14,912.843","5,22,499.08",197,816,"1,549",0,"1,049","10,064.773","6,11,256.74",126,"3,877","24,977.616","11,33,755.83",0.00,7,32.021,"1,56,370.80",0,0,3,0,0,0.000,"42,249.24",7,32.021,"1,98,649.45","1,613","7,343.664","1,58,387.30",179,696,"1,041",0,227,"2,403.111","42,429.07",0,"1,840","9,746.775","2,00,991.92","Page 1 of 1     Generated on : 12/03/2025 23:17 PM     2014 NRRDA, All rights reserved"
Pradhan Mantri Gram Sadak Yojana,Monthly Report Format for Physical & Financial Progress under PMGSY,State: Himachal Pradesh     District: All Districts     Block: All Blocks     Year: 2015     Month: January     Collaboration: All Collaborations     Agency:  Public Works Department   Scheme: All Scheme,Note : All Costs and Expenditures in Lakhs and Length in Kms.,Clearance,Progress During Month,Cumulative Progress,New Connectivity,Upgradation,Total,New Connectivity,Upgradation,Total,New Connectivity,Upgradation,Total,Sr.No.,Sanction Year,Nos.,Length,Cost,1000+,999-500,499-250 (Eligible),Nos.,Length,Cost,LSB Nos.,Road Nos.,Road Length,Cost,Funds Released,Nos.,Length,Expenditure,1000+,999-500,499-250 (Eligible),Nos.,Length,Expenditure,Nos.,Length,Expenditure,Nos.,Length,Expenditure,1000+,999-500,499-250 (Eligible),Nos.,Length,Expenditure,LSB Nos.,Road Nos.,Road Length,Expenditure,Hamirpur,2017 - 2018,5,10.980,626.62,0,0,3,0,1,27.210,"1,408.55",0,6,38.190,"2,035.17",0.00,0,0.000,0.00,0,0,0,0,0,0.000,0.00,0,0.000,0.00,0,0.000,,0,0,0,0,0,0.000,0.00,0,0,0.000,0.00,Total,106,327.783,"8,667.92",6,30,67,0,75,689.571,"38,175.41",6,181,"1,017.354","46,843.33",0.00,0,0.000,"5,573.74",0,0,0,0,0,0.000,"2,994.91",0,0.000,"8,568.65",89,285.971,"5,652.75",6,30,56,0,16,217.580,"2,994.91",0,105,503.551,"8,647.66",Grand Total,"2,828","14,912.843","5,22,499.08",197,816,"1,549",0,"1,049","10,064.773","6,11,256.74",126,"3,877","24,977.616","11,33,755.83",0.00,7,32.021,"1,56,370.80",0,0,3,0,0,0.000,"42,249.24",7,32.021,"1,98,649.45","1,613","7,343.664","1,58,387.30",179,696,"1,041",0,227,"2,403.111","42,429.07",0,"1,840","9,746.775","2,00,991.92","Page 1 of 1     Generated on : 12/03/2025 23:17 PM     2014 NRRDA, All rights reserved"
Pradhan Mantri Gram Sadak Yojana,Monthly Report Format for Physical & Financial Progress under PMGSY,State: Himachal Pradesh     District: All Districts     Block: All Blocks     Year: 2015     Month: January     Collaboration: All Collaborations     Agency:  Public Works Department   Scheme: All Scheme,Note : All Costs and Expenditures in Lakhs and Length in Kms.,Clearance,Progress During Month,Cumulative Progress,New Connectivity,Upgradation,Total,New Connectivity,Upgradation,Total,New Connectivity,Upgradation,Total,Sr.No.,Sanction Year,Nos.,Length,Cost,1000+,999-500,499-250 (Eligible),Nos.,Length,Cost,LSB Nos.,Road Nos.,Road Length,Cost,Funds Released,Nos.,Length,Expenditure,1000+,999-500,499-250 (Eligible),Nos.,Length,Expenditure,Nos.,Length,Expenditure,Nos.,Length,Expenditure,1000+,999-500,499-250 (Eligible),Nos.,Length,Expenditure,LSB Nos.,Road Nos.,Road Length,Expenditure,Hamirpur,2018 - 2019,0,0.000,774.45,0,0,0,0,22,121.655,"6,785.67",4,22,121.655,"7,560.12",0.00,0,0.000,0.00,0,0,0,0,0,0.000,0.00,0,0.000,0.00,0,0.000,,0,0,0,0,0,0.000,0.00,0,0,0.000,0.00,Total,106,327.783,"8,667.92",6,30,67,0,75,689.571,"38,175.41",6,181,"1,017.354","46,843.33",0.00,0,0.000,"5,573.74",0,0,0,0,0,0.000,"2,994.91",0,0.000,"8,568.65",89,285.971,"5,652.75",6,30,56,0,16,217.580,"2,994.91",0,105,503.551,"8,647.66",Grand Total,"2,828","14,912.843","5,22,499.08",197,816,"1,549",0,"1,049","10,064.773","6,11,256.74",126,"3,877","24,977.616","11,33,755.83",0.00,7,32.021,"1,56,370.80",0,0,3,0,0,0.000,"42,249.24",7,32.021,"1,98,649.45","1,613","7,343.664","1,58,387.30",179,696,"1,041",0,227,"2,403.111","42,429.07",0,"1,840","9,746.775","2,00,991.92","Page 1 of 1     Generated on : 12/03/2025 23:17 PM     2014 NRRDA, All rights reserved"
Pradhan Mantri Gram Sadak Yojana,Monthly Report Format for Physical & Financial Progress under PMGSY,State: Himachal Pradesh     District: All Districts     Block: All Blocks     Year: 2015     Month: January     Collaboration: All Collaborations     Agency:  Public Works Department   Scheme: All Scheme,Note : All Costs and Expenditures in Lakhs and Length in Kms.,Clearance,Progress During Month,Cumulative Progress,New Connectivity,Upgradation,Total,New Connectivity,Upgradation,Total,New Connectivity,Upgradation,Total,Sr.No.,Sanction Year,Nos.,Length,Cost,1000+,999-500,499-250 (Eligible),Nos.,Length,Cost,LSB Nos.,Road Nos.,Road Length,Cost,Funds Released,Nos.,Length,Expenditure,1000+,999-500,499-250 (Eligible),Nos.,Length,Expenditure,Nos.,Length,Expenditure,Nos.,Length,Expenditure,1000+,999-500,499-250 (Eligible),Nos.,Length,Expenditure,LSB Nos.,Road Nos.,Road Length,Expenditure,Hamirpur,2019 - 2020,0,0.000,0.00,0,0,0,0,9,80.406,"6,476.17",0,9,80.406,"6,476.17",0.00,0,0.000,0.00,0,0,0,0,0,0.000,0.00,0,0.000,0.00,0,0.000,,0,0,0,0,0,0.000,0.00,0,0,0.000,0.00,Total,106,327.783,"8,667.92",6,30,67,0,75,689.571,"38,175.41",6,181,"1,017.354","46,843.33",0.00,0,0.000,"5,573.74",0,0,0,0,0,0.000,"2,994.91",0,0.000,"8,568.65",89,285.971,"5,652.75",6,30,56,0,16,217.580,"2,994.91",0,105,503.551,"8,647.66",Grand Total,"2,828","14,912.843","5,22,499.08",197,816,"1,549",0,"1,049","10,064.773","6,11,256.74",126,"3,877","24,977.616","11,33,755.83",0.00,7,32.021,"1,56,370.80",0,0,3,0,0,0.000,"42,249.24",7,32.021,"1,98,649.45","1,613","7,343.664","1,58,387.30",179,696,"1,041",0,227,"2,403.111","42,429.07",0,"1,840","9,746.775","2,00,991.92","Page 1 of 1     Generated on : 12/03/2025 23:17 PM     2014 NRRDA, All rights reserved"
Pradhan Mantri Gram Sadak Yojana,Monthly Report Format for Physical & Financial Progress under PMGSY,State: Himachal Pradesh     District: All Districts     Block: All Blocks     Year: 2015     Month: January     Collaboration: All Collaborations     Agency:  Public Works Department   Scheme: All Scheme,Note : All Costs and Expenditures in Lakhs and Length in Kms.,Clearance,Progress During Month,Cumulative Progress,New Connectivity,Upgradation,Total,New Connectivity,Upgradation,Total,New Connectivity,Upgradation,Total,Sr.No.,Sanction Year,Nos.,Length,Cost,1000+,999-500,499-250 (Eligible),Nos.,Length,Cost,LSB Nos.,Road Nos.,Road Length,Cost,Funds Released,Nos.,Length,Expenditure,1000+,999-500,499-250 (Eligible),Nos.,Length,Expenditure,Nos.,Length,Expenditure,Nos.,Length,Expenditure,1000+,999-500,499-250 (Eligible),Nos.,Length,Expenditure,LSB Nos.,Road Nos.,Road Length,Expenditure,Hamirpur,2023 - 2024,0,0.000,0.00,0,0,0,0,21,177.910,"17,577.80",0,21,177.910,"17,577.80",0.00,0,0.000,0.00,0,0,0,0,0,0.000,0.00,0,0.000,0.00,0,0.000,,0,0,0,0,0,0.000,0.00,0,0,0.000,0.00,Total,106,327.783,"8,667.92",6,30,67,0,75,689.571,"38,175.41",6,181,"1,017.354","46,843.33",0.00,0,0.000,"5,573.74",0,0,0,0,0,0.000,"2,994.91",0,0.000,"8,568.65",89,285.971,"5,652.75",6,30,56,0,16,217.580,"2,994.91",0,105,503.551,"8,647.66",Grand Total,"2,828","14,912.843","5,22,499.08",197,816,"1,549",0,"1,049","10,064.773","6,11,256.74",126,"3,877","24,977.616","11,33,755.83",0.00,7,32.021,"1,56,370.80",0,0,3,0,0,0.000,"42,249.24",7,32.021,"1,98,649.45","1,613","7,343.664","1,58,387.30",179,696,"1,041",0,227,"2,403.111","42,429.07",0,"1,840","9,746.775","2,00,991.92","Page 1 of 1     Generated on : 12/03/2025 23:17 PM     2014 NRRDA, All rights reserved"
Pradhan Mantri Gram Sadak Yojana,Monthly Report Format for Physical & Financial Progress under PMGSY,State: Himachal Pradesh     District: All Districts     Block: All Blocks     Year: 2015     Month: January     Collaboration: All Collaborations     Agency:  Public Works Department   Scheme: All Scheme,Note : All Costs and Expenditures in Lakhs and Length in Kms.,Clearance,Progress During Month,Cumulative Progress,New Connectivity,Upgradation,Total,New Connectivity,Upgradation,Total,New Connectivity,Upgradation,Total,Sr.No.,Sanction Year,Nos.,Length,Cost,1000+,999-500,499-250 (Eligible),Nos.,Length,Cost,LSB Nos.,Road Nos.,Road Length,Cost,Funds Released,Nos.,Length,Expenditure,1000+,999-500,499-250 (Eligible),Nos.,Length,Expenditure,Nos.,Length,Expenditure,Nos.,Length,Expenditure,1000+,999-500,499-250 (Eligible),Nos.,Length,Expenditure,LSB Nos.,Road Nos.,Road Length,Expenditure,Kangra,2000 - 2001,31,161.080,"1,300.00",4,11,19,0,0,0.000,0.00,0,31,161.080,"1,300.00",0.00,0,0.000,"1,314.39",0,0,0,0,0,0.000,0.00,0,0.000,"1,314.39",31,157.290,"1,314.39",4,11,19,0,0,0.000,0.00,0,31,157.290,"1,314.39",Total,535,"1,737.964","55,250.70",35,179,356,0,326,"2,205.223","1,11,453.49",23,861,"3,943.187","1,66,704.19",0.00,4,8.971,"28,829.33",0,0,2,0,0,0.000,"9,674.59",4,8.971,"38,522.98",430,"1,312.660","28,893.81",35,173,286,0,86,733.770,"9,690.71",0,516,"2,046.430","38,603.58",Grand Total,"2,828","14,912.843","5,22,499.08",197,816,"1,549",0,"1,049","10,064.773","6,11,256.74",126,"3,877","24,977.616","11,33,755.83",0.00,7,32.021,"1,56,370.80",0,0,3,0,0,0.000,"42,249.24",7,32.021,"1,98,649.45","1,613","7,343.664","1,58,387.30",179,696,"1,041",0,227,"2,403.111","42,429.07",0,"1,840","9,746.775","2,00,991.92","Page 1 of 1     Generated on : 12/03/2025 23:17 PM     2014 NRRDA, All rights reserved"
Pradhan Mantri Gram Sadak Yojana,Monthly Report Format for Physical & Financial Progress under PMGSY,State: Himachal Pradesh     District: All Districts     Block: All Blocks     Year: 2015     Month: January     Collaboration: All Collaborations     Agency:  Public Works Department   Scheme: All Scheme,Note : All Costs and Expenditures in Lakhs and Length in Kms.,Clearance,Progress During Month,Cumulative Progress,New Connectivity,Upgradation,Total,New Connectivity,Upgradation,Total,New Connectivity,Upgradation,Total,Sr.No.,Sanction Year,Nos.,Length,Cost,1000+,999-500,499-250 (Eligible),Nos.,Length,Cost,LSB Nos.,Road Nos.,Road Length,Cost,Funds Released,Nos.,Length,Expenditure,1000+,999-500,499-250 (Eligible),Nos.,Length,Expenditure,Nos.,Length,Expenditure,Nos.,Length,Expenditure,1000+,999-500,499-250 (Eligible),Nos.,Length,Expenditure,LSB Nos.,Road Nos.,Road Length,Expenditure,Kangra,2001 - 2002,73,194.070,"2,647.16",16,47,27,0,0,0.000,0.00,0,73,194.070,"2,647.16",0.00,0,0.000,"2,516.61",0,0,0,0,0,0.000,0.00,0,0.000,"2,516.61",73,194.065,"2,516.61",16,47,27,0,0,0.000,0.00,0,73,194.065,"2,516.61",Total,535,"1,737.964","55,250.70",35,179,356,0,326,"2,205.223","1,11,453.49",23,861,"3,943.187","1,66,704.19",0.00,4,8.971,"28,829.33",0,0,2,0,0,0.000,"9,674.59",4,8.971,"38,522.98",430,"1,312.660","28,893.81",35,173,286,0,86,733.770,"9,690.71",0,516,"2,046.430","38,603.58",Grand Total,"2,828","14,912.843","5,22,499.08",197,816,"1,549",0,"1,049","10,064.773","6,11,256.74",126,"3,877","24,977.616","11,33,755.83",0.00,7,32.021,"1,56,370.80",0,0,3,0,0,0.000,"42,249.24",7,32.021,"1,98,649.45","1,613","7,343.664","1,58,387.30",179,696,"1,041",0,227,"2,403.111","42,429.07",0,"1,840","9,746.775","2,00,991.92","Page 1 of 1     Generated on : 12/03/2025 23:17 PM     2014 NRRDA, All rights reserved"
Pradhan Mantri Gram Sadak Yojana,Monthly Report Format for Physical & Financial Progress under PMGSY,State: Himachal Pradesh     District: All Districts     Block: All Blocks     Year: 2015     Month: January     Collaboration: All Collaborations     Agency:  Public Works Department   Scheme: All Scheme,Note : All Costs and Expenditures in Lakhs and Length in Kms.,Clearance,Progress During Month,Cumulative Progress,New Connectivity,Upgradation,Total,New Connectivity,Upgradation,Total,New Connectivity,Upgradation,Total,Sr.No.,Sanction Year,Nos.,Length,Cost,1000+,999-500,499-250 (Eligible),Nos.,Length,Cost,LSB Nos.,Road Nos.,Road Length,Cost,Funds Released,Nos.,Length,Expenditure,1000+,999-500,499-250 (Eligible),Nos.,Length,Expenditure,Nos.,Length,Expenditure,Nos.,Length,Expenditure,1000+,999-500,499-250 (Eligible),Nos.,Length,Expenditure,LSB Nos.,Road Nos.,Road Length,Expenditure,Kangra,2003 - 2004,122,372.815,"5,752.81",5,54,102,0,0,0.000,0.00,0,122,372.815,"5,752.81",0.00,0,0.000,"5,293.13",0,0,0,0,0,0.000,0.00,0,0.000,"5,293.13",119,353.175,"5,300.85",5,53,100,0,0,0.000,0.00,0,119,353.175,"5,300.85",Total,535,"1,737.964","55,250.70",35,179,356,0,326,"2,205.223","1,11,453.49",23,861,"3,943.187","1,66,704.19",0.00,4,8.971,"28,829.33",0,0,2,0,0,0.000,"9,674.59",4,8.971,"38,522.98",430,"1,312.660","28,893.81",35,173,286,0,86,733.770,"9,690.71",0,516,"2,046.430","38,603.58",Grand Total,"2,828","14,912.843","5,22,499.08",197,816,"1,549",0,"1,049","10,064.773","6,11,256.74",126,"3,877","24,977.616","11,33,755.83",0.00,7,32.021,"1,56,370.80",0,0,3,0,0,0.000,"42,249.24",7,32.021,"1,98,649.45","1,613","7,343.664","1,58,387.30",179,696,"1,041",0,227,"2,403.111","42,429.07",0,"1,840","9,746.775","2,00,991.92","Page 1 of 1     Generated on : 12/03/2025 23:17 PM     2014 NRRDA, All rights reserved"
Pradhan Mantri Gram Sadak Yojana,Monthly Report Format for Physical & Financial Progress under PMGSY,State: Himachal Pradesh     District: All Districts     Block: All Blocks     Year: 2015     Month: January     Collaboration: All Collaborations     Agency:  Public Works Department   Scheme: All Scheme,Note : All Costs and Expenditures in Lakhs and Length in Kms.,Clearance,Progress During Month,Cumulative Progress,New Connectivity,Upgradation,Total,New Connectivity,Upgradation,Total,New Connectivity,Upgradation,Total,Sr.No.,Sanction Year,Nos.,Length,Cost,1000+,999-500,499-250 (Eligible),Nos.,Length,Cost,LSB Nos.,Road Nos.,Road Length,Cost,Funds Released,Nos.,Length,Expenditure,1000+,999-500,499-250 (Eligible),Nos.,Length,Expenditure,Nos.,Length,Expenditure,Nos.,Length,Expenditure,1000+,999-500,499-250 (Eligible),Nos.,Length,Expenditure,LSB Nos.,Road Nos.,Road Length,Expenditure,Kangra,2004 - 2005,32,112.130,"2,484.10",5,10,26,0,0,0.000,0.00,0,32,112.130,"2,484.10",0.00,0,0.000,"2,338.35",0,0,0,0,0,0.000,0.00,0,0.000,"2,338.35",31,103.980,"2,338.35",5,10,25,0,0,0.000,0.00,0,31,103.980,"2,338.35",Total,535,"1,737.964","55,250.70",35,179,356,0,326,"2,205.223","1,11,453.49",23,861,"3,943.187","1,66,704.19",0.00,4,8.971,"28,829.33",0,0,2,0,0,0.000,"9,674.59",4,8.971,"38,522.98",430,"1,312.660","28,893.81",35,173,286,0,86,733.770,"9,690.71",0,516,"2,046.430","38,603.58",Grand Total,"2,828","14,912.843","5,22,499.08",197,816,"1,549",0,"1,049","10,064.773","6,11,256.74",126,"3,877","24,977.616","11,33,755.83",0.00,7,32.021,"1,56,370.80",0,0,3,0,0,0.000,"42,249.24",7,32.021,"1,98,649.45","1,613","7,343.664","1,58,387.30",179,696,"1,041",0,227,"2,403.111","42,429.07",0,"1,840","9,746.775","2,00,991.92","Page 1 of 1     Generated on : 12/03/2025 23:17 PM     2014 NRRDA, All rights reserved"
Pradhan Mantri Gram Sadak Yojana,Monthly Report Format for Physical & Financial Progress under PMGSY,State: Himachal Pradesh     District: All Districts     Block: All Blocks     Year: 2015     Month: January     Collaboration: All Collaborations     Agency:  Public Works Department   Scheme: All Scheme,Note : All Costs and Expenditures in Lakhs and Length in Kms.,Clearance,Progress During Month,Cumulative Progress,New Connectivity,Upgradation,Total,New Connectivity,Upgradation,Total,New Connectivity,Upgradation,Total,Sr.No.,Sanction Year,Nos.,Length,Cost,1000+,999-500,499-250 (Eligible),Nos.,Length,Cost,LSB Nos.,Road Nos.,Road Length,Cost,Funds Released,Nos.,Length,Expenditure,1000+,999-500,499-250 (Eligible),Nos.,Length,Expenditure,Nos.,Length,Expenditure,Nos.,Length,Expenditure,1000+,999-500,499-250 (Eligible),Nos.,Length,Expenditure,LSB Nos.,Road Nos.,Road Length,Expenditure,Kangra,2005 - 2006,44,108.651,"3,026.32",3,13,36,0,0,0.000,0.00,0,44,108.651,"3,026.32",0.00,0,0.000,"2,702.38",0,0,0,0,0,0.000,0.00,0,0.000,"2,702.38",43,106.095,"2,702.38",3,12,36,0,0,0.000,0.00,0,43,106.095,"2,702.38",Total,535,"1,737.964","55,250.70",35,179,356,0,326,"2,205.223","1,11,453.49",23,861,"3,943.187","1,66,704.19",0.00,4,8.971,"28,829.33",0,0,2,0,0,0.000,"9,674.59",4,8.971,"38,522.98",430,"1,312.660","28,893.81",35,173,286,0,86,733.770,"9,690.71",0,516,"2,046.430","38,603.58",Grand Total,"2,828","14,912.843","5,22,499.08",197,816,"1,549",0,"1,049","10,064.773","6,11,256.74",126,"3,877","24,977.616","11,33,755.83",0.00,7,32.021,"1,56,370.80",0,0,3,0,0,0.000,"42,249.24",7,32.021,"1,98,649.45","1,613","7,343.664","1,58,387.30",179,696,"1,041",0,227,"2,403.111","42,429.07",0,"1,840","9,746.775","2,00,991.92","Page 1 of 1     Generated on : 12/03/2025 23:17 PM     2014 NRRDA, All rights reserved"
Pradhan Mantri Gram Sadak Yojana,Monthly Report Format for Physical & Financial Progress under PMGSY,State: Himachal Pradesh     District: All Districts     Block: All Blocks     Year: 2015     Month: January     Collaboration: All Collaborations     Agency:  Public Works Department   Scheme: All Scheme,Note : All Costs and Expenditures in Lakhs and Length in Kms.,Clearance,Progress During Month,Cumulative Progress,New Connectivity,Upgradation,Total,New Connectivity,Upgradation,Total,New Connectivity,Upgradation,Total,Sr.No.,Sanction Year,Nos.,Length,Cost,1000+,999-500,499-250 (Eligible),Nos.,Length,Cost,LSB Nos.,Road Nos.,Road Length,Cost,Funds Released,Nos.,Length,Expenditure,1000+,999-500,499-250 (Eligible),Nos.,Length,Expenditure,Nos.,Length,Expenditure,Nos.,Length,Expenditure,1000+,999-500,499-250 (Eligible),Nos.,Length,Expenditure,LSB Nos.,Road Nos.,Road Length,Expenditure,Kangra,2006 - 2007,43,147.763,"4,851.84",0,32,17,0,72,637.195,"8,167.27",0,115,784.958,"13,019.11",0.00,0,0.000,"4,501.76",0,0,0,0,0,0.000,"7,845.69",0,0.000,"12,347.45",43,147.763,"4,501.76",0,32,17,0,71,627.410,"7,845.69",0,114,775.173,"12,347.45",Total,535,"1,737.964","55,250.70",35,179,356,0,326,"2,205.223","1,11,453.49",23,861,"3,943.187","1,66,704.19",0.00,4,8.971,"28,829.33",0,0,2,0,0,0.000,"9,674.59",4,8.971,"38,522.98",430,"1,312.660","28,893.81",35,173,286,0,86,733.770,"9,690.71",0,516,"2,046.430","38,603.58",Grand Total,"2,828","14,912.843","5,22,499.08",197,816,"1,549",0,"1,049","10,064.773","6,11,256.74",126,"3,877","24,977.616","11,33,755.83",0.00,7,32.021,"1,56,370.80",0,0,3,0,0,0.000,"42,249.24",7,32.021,"1,98,649.45","1,613","7,343.664","1,58,387.30",179,696,"1,041",0,227,"2,403.111","42,429.07",0,"1,840","9,746.775","2,00,991.92","Page 1 of 1     Generated on : 12/03/2025 23:17 PM     2014 NRRDA, All rights reserved"
Pradhan Mantri Gram Sadak Yojana,Monthly Report Format for Physical & Financial Progress under PMGSY,State: Himachal Pradesh     District: All Districts     Block: All Blocks     Year: 2015     Month: January     Collaboration: All Collaborations     Agency:  Public Works Department   Scheme: All Scheme,Note : All Costs and Expenditures in Lakhs and Length in Kms.,Clearance,Progress During Month,Cumulative Progress,New Connectivity,Upgradation,Total,New Connectivity,Upgradation,Total,New Connectivity,Upgradation,Total,Sr.No.,Sanction Year,Nos.,Length,Cost,1000+,999-500,499-250 (Eligible),Nos.,Length,Cost,LSB Nos.,Road Nos.,Road Length,Cost,Funds Released,Nos.,Length,Expenditure,1000+,999-500,499-250 (Eligible),Nos.,Length,Expenditure,Nos.,Length,Expenditure,Nos.,Length,Expenditure,1000+,999-500,499-250 (Eligible),Nos.,Length,Expenditure,LSB Nos.,Road Nos.,Road Length,Expenditure,Kangra,2007 - 2008,14,48.255,"1,880.32",2,5,14,0,13,100.760,"1,363.14",0,27,149.015,"3,243.46",0.00,0,0.000,"1,702.61",0,0,0,0,0,0.000,"1,363.26",0,0.000,"3,065.87",14,48.255,"1,702.61",2,5,14,0,13,100.760,"1,363.26",0,27,149.015,"3,065.87",Total,535,"1,737.964","55,250.70",35,179,356,0,326,"2,205.223","1,11,453.49",23,861,"3,943.187","1,66,704.19",0.00,4,8.971,"28,829.33",0,0,2,0,0,0.000,"9,674.59",4,8.971,"38,522.98",430,"1,312.660","28,893.81",35,173,286,0,86,733.770,"9,690.71",0,516,"2,046.430","38,603.58",Grand Total,"2,828","14,912.843","5,22,499.08",197,816,"1,549",0,"1,049","10,064.773","6,11,256.74",126,"3,877","24,977.616","11,33,755.83",0.00,7,32.021,"1,56,370.80",0,0,3,0,0,0.000,"42,249.24",7,32.021,"1,98,649.45","1,613","7,343.664","1,58,387.30",179,696,"1,041",0,227,"2,403.111","42,429.07",0,"1,840","9,746.775","2,00,991.92","Page 1 of 1     Generated on : 12/03/2025 23:17 PM     2014 NRRDA, All rights reserved"
Pradhan Mantri Gram Sadak Yojana,Monthly Report Format for Physical & Financial Progress under PMGSY,State: Himachal Pradesh     District: All Districts     Block: All Blocks     Year: 2015     Month: January     Collaboration: All Collaborations     Agency:  Public Works Department   Scheme: All Scheme,Note : All Costs and Expenditures in Lakhs and Length in Kms.,Clearance,Progress During Month,Cumulative Progress,New Connectivity,Upgradation,Total,New Connectivity,Upgradation,Total,New Connectivity,Upgradation,Total,Sr.No.,Sanction Year,Nos.,Length,Cost,1000+,999-500,499-250 (Eligible),Nos.,Length,Cost,LSB Nos.,Road Nos.,Road Length,Cost,Funds Released,Nos.,Length,Expenditure,1000+,999-500,499-250 (Eligible),Nos.,Length,Expenditure,Nos.,Length,Expenditure,Nos.,Length,Expenditure,1000+,999-500,499-250 (Eligible),Nos.,Length,Expenditure,LSB Nos.,Road Nos.,Road Length,Expenditure,Kangra,2008 - 2009,1,6.000,247.85,0,2,0,0,0,0.000,0.00,0,1,6.000,247.85,0.00,0,0.000,234.68,0,0,0,0,0,0.000,0.00,0,0.000,234.68,1,6.000,234.68,0,2,0,0,0,0.000,0.00,0,1,6.000,234.68,Total,535,"1,737.964","55,250.70",35,179,356,0,326,"2,205.223","1,11,453.49",23,861,"3,943.187","1,66,704.19",0.00,4,8.971,"28,829.33",0,0,2,0,0,0.000,"9,674.59",4,8.971,"38,522.98",430,"1,312.660","28,893.81",35,173,286,0,86,733.770,"9,690.71",0,516,"2,046.430","38,603.58",Grand Total,"2,828","14,912.843","5,22,499.08",197,816,"1,549",0,"1,049","10,064.773","6,11,256.74",126,"3,877","24,977.616","11,33,755.83",0.00,7,32.021,"1,56,370.80",0,0,3,0,0,0.000,"42,249.24",7,32.021,"1,98,649.45","1,613","7,343.664","1,58,387.30",179,696,"1,041",0,227,"2,403.111","42,429.07",0,"1,840","9,746.775","2,00,991.92","Page 1 of 1     Generated on : 12/03/2025 23:17 PM     2014 NRRDA, All rights reserved"
Pradhan Mantri Gram Sadak Yojana,Monthly Report Format for Physical & Financial Progress under PMGSY,State: Himachal Pradesh     District: All Districts     Block: All Blocks     Year: 2015     Month: January     Collaboration: All Collaborations     Agency:  Public Works Department   Scheme: All Scheme,Note : All Costs and Expenditures in Lakhs and Length in Kms.,Clearance,Progress During Month,Cumulative Progress,New Connectivity,Upgradation,Total,New Connectivity,Upgradation,Total,New Connectivity,Upgradation,Total,Sr.No.,Sanction Year,Nos.,Length,Cost,1000+,999-500,499-250 (Eligible),Nos.,Length,Cost,LSB Nos.,Road Nos.,Road Length,Cost,Funds Released,Nos.,Length,Expenditure,1000+,999-500,499-250 (Eligible),Nos.,Length,Expenditure,Nos.,Length,Expenditure,Nos.,Length,Expenditure,1000+,999-500,499-250 (Eligible),Nos.,Length,Expenditure,LSB Nos.,Road Nos.,Road Length,Expenditure,Kangra,2009 - 2010,46,127.480,"5,675.36",0,1,45,0,2,5.600,96.78,0,48,133.080,"5,772.14",0.00,0,0.000,"4,330.74",0,0,0,0,0,0.000,92.13,0,0.000,"4,422.87",41,109.962,"4,334.93",0,1,39,0,2,5.600,92.13,0,43,115.562,"4,427.06",Total,535,"1,737.964","55,250.70",35,179,356,0,326,"2,205.223","1,11,453.49",23,861,"3,943.187","1,66,704.19",0.00,4,8.971,"28,829.33",0,0,2,0,0,0.000,"9,674.59",4,8.971,"38,522.98",430,"1,312.660","28,893.81",35,173,286,0,86,733.770,"9,690.71",0,516,"2,046.430","38,603.58",Grand Total,"2,828","14,912.843","5,22,499.08",197,816,"1,549",0,"1,049","10,064.773","6,11,256.74",126,"3,877","24,977.616","11,33,755.83",0.00,7,32.021,"1,56,370.80",0,0,3,0,0,0.000,"42,249.24",7,32.021,"1,98,649.45","1,613","7,343.664","1,58,387.30",179,696,"1,041",0,227,"2,403.111","42,429.07",0,"1,840","9,746.775","2,00,991.92","Page 1 of 1     Generated on : 12/03/2025 23:17 PM     2014 NRRDA, All rights reserved"
Pradhan Mantri Gram Sadak Yojana,Monthly Report Format for Physical & Financial Progress under PMGSY,State: Himachal Pradesh     District: All Districts     Block: All Blocks     Year: 2015     Month: January     Collaboration: All Collaborations     Agency:  Public Works Department   Scheme: All Scheme,Note : All Costs and Expenditures in Lakhs and Length in Kms.,Clearance,Progress During Month,Cumulative Progress,New Connectivity,Upgradation,Total,New Connectivity,Upgradation,Total,New Connectivity,Upgradation,Total,Sr.No.,Sanction Year,Nos.,Length,Cost,1000+,999-500,499-250 (Eligible),Nos.,Length,Cost,LSB Nos.,Road Nos.,Road Length,Cost,Funds Released,Nos.,Length,Expenditure,1000+,999-500,499-250 (Eligible),Nos.,Length,Expenditure,Nos.,Length,Expenditure,Nos.,Length,Expenditure,1000+,999-500,499-250 (Eligible),Nos.,Length,Expenditure,LSB Nos.,Road Nos.,Road Length,Expenditure,Kangra,2010 - 2011,0,0.000,0.00,0,0,0,0,0,0.000,0.00,0,0,0.000,0.00,0.00,0,0.000,0.00,0,0,0,0,0,0.000,0.00,0,0.000,0.00,0,0.000,,0,0,0,0,0,0.000,0.00,0,0,0.000,0.00,Total,535,"1,737.964","55,250.70",35,179,356,0,326,"2,205.223","1,11,453.49",23,861,"3,943.187","1,66,704.19",0.00,4,8.971,"28,829.33",0,0,2,0,0,0.000,"9,674.59",4,8.971,"38,522.98",430,"1,312.660","28,893.81",35,173,286,0,86,733.770,"9,690.71",0,516,"2,046.430","38,603.58",Grand Total,"2,828","14,912.843","5,22,499.08",197,816,"1,549",0,"1,049","10,064.773","6,11,256.74",126,"3,877","24,977.616","11,33,755.83",0.00,7,32.021,"1,56,370.80",0,0,3,0,0,0.000,"42,249.24",7,32.021,"1,98,649.45","1,613","7,343.664","1,58,387.30",179,696,"1,041",0,227,"2,403.111","42,429.07",0,"1,840","9,746.775","2,00,991.92","Page 1 of 1     Generated on : 12/03/2025 23:17 PM     2014 NRRDA, All rights reserved"
Pradhan Mantri Gram Sadak Yojana,Monthly Report Format for Physical & Financial Progress under PMGSY,State: Himachal Pradesh     District: All Districts     Block: All Blocks     Year: 2015     Month: January     Collaboration: All Collaborations     Agency:  Public Works Department   Scheme: All Scheme,Note : All Costs and Expenditures in Lakhs and Length in Kms.,Clearance,Progress During Month,Cumulative Progress,New Connectivity,Upgradation,Total,New Connectivity,Upgradation,Total,New Connectivity,Upgradation,Total,Sr.No.,Sanction Year,Nos.,Length,Cost,1000+,999-500,499-250 (Eligible),Nos.,Length,Cost,LSB Nos.,Road Nos.,Road Length,Cost,Funds Released,Nos.,Length,Expenditure,1000+,999-500,499-250 (Eligible),Nos.,Length,Expenditure,Nos.,Length,Expenditure,Nos.,Length,Expenditure,1000+,999-500,499-250 (Eligible),Nos.,Length,Expenditure,LSB Nos.,Road Nos.,Road Length,Expenditure,Kangra,2011 - 2012,36,108.440,"4,347.00",0,0,14,0,0,0.000,0.00,0,36,108.440,"4,347.00",0.00,2,4.566,"2,520.45",0,0,2,0,0,0.000,0.00,2,4.566,"2,520.45",23,60.805,"2,527.01",0,0,8,0,0,0.000,0.00,0,23,60.805,"2,527.01",Total,535,"1,737.964","55,250.70",35,179,356,0,326,"2,205.223","1,11,453.49",23,861,"3,943.187","1,66,704.19",0.00,4,8.971,"28,829.33",0,0,2,0,0,0.000,"9,674.59",4,8.971,"38,522.98",430,"1,312.660","28,893.81",35,173,286,0,86,733.770,"9,690.71",0,516,"2,046.430","38,603.58",Grand Total,"2,828","14,912.843","5,22,499.08",197,816,"1,549",0,"1,049","10,064.773","6,11,256.74",126,"3,877","24,977.616","11,33,755.83",0.00,7,32.021,"1,56,370.80",0,0,3,0,0,0.000,"42,249.24",7,32.021,"1,98,649.45","1,613","7,343.664","1,58,387.30",179,696,"1,041",0,227,"2,403.111","42,429.07",0,"1,840","9,746.775","2,00,991.92","Page 1 of 1     Generated on : 12/03/2025 23:17 PM     2014 NRRDA, All rights reserved"
Pradhan Mantri Gram Sadak Yojana,Monthly Report Format for Physical & Financial Progress under PMGSY,State: Himachal Pradesh     District: All Districts     Block: All Blocks     Year: 2015     Month: January     Collaboration: All Collaborations     Agency:  Public Works Department   Scheme: All Scheme,Note : All Costs and Expenditures in Lakhs and Length in Kms.,Clearance,Progress During Month,Cumulative Progress,New Connectivity,Upgradation,Total,New Connectivity,Upgradation,Total,New Connectivity,Upgradation,Total,Sr.No.,Sanction Year,Nos.,Length,Cost,1000+,999-500,499-250 (Eligible),Nos.,Length,Cost,LSB Nos.,Road Nos.,Road Length,Cost,Funds Released,Nos.,Length,Expenditure,1000+,999-500,499-250 (Eligible),Nos.,Length,Expenditure,Nos.,Length,Expenditure,Nos.,Length,Expenditure,1000+,999-500,499-250 (Eligible),Nos.,Length,Expenditure,LSB Nos.,Road Nos.,Road Length,Expenditure,Kangra,2013 - 2014,25,80.765,"2,847.89",0,0,7,0,0,0.000,0.00,1,25,80.765,"2,847.89",0.00,2,4.405,"1,346.67",0,0,0,0,0,0.000,0.00,2,4.405,"1,346.67",10,22.715,"1,392.68",0,0,1,0,0,0.000,0.00,0,10,22.715,"1,392.68",Total,535,"1,737.964","55,250.70",35,179,356,0,326,"2,205.223","1,11,453.49",23,861,"3,943.187","1,66,704.19",0.00,4,8.971,"28,829.33",0,0,2,0,0,0.000,"9,674.59",4,8.971,"38,522.98",430,"1,312.660","28,893.81",35,173,286,0,86,733.770,"9,690.71",0,516,"2,046.430","38,603.58",Grand Total,"2,828","14,912.843","5,22,499.08",197,816,"1,549",0,"1,049","10,064.773","6,11,256.74",126,"3,877","24,977.616","11,33,755.83",0.00,7,32.021,"1,56,370.80",0,0,3,0,0,0.000,"42,249.24",7,32.021,"1,98,649.45","1,613","7,343.664","1,58,387.30",179,696,"1,041",0,227,"2,403.111","42,429.07",0,"1,840","9,746.775","2,00,991.92","Page 1 of 1     Generated on : 12/03/2025 23:17 PM     2014 NRRDA, All rights reserved"
Pradhan Mantri Gram Sadak Yojana,Monthly Report Format for Physical & Financial Progress under PMGSY,State: Himachal Pradesh     District: All Districts     Block: All Blocks     Year: 2015     Month: January     Collaboration: All Collaborations     Agency:  Public Works Department   Scheme: All Scheme,Note : All Costs and Expenditures in Lakhs and Length in Kms.,Clearance,Progress During Month,Cumulative Progress,New Connectivity,Upgradation,Total,New Connectivity,Upgradation,Total,New Connectivity,Upgradation,Total,Sr.No.,Sanction Year,Nos.,Length,Cost,1000+,999-500,499-250 (Eligible),Nos.,Length,Cost,LSB Nos.,Road Nos.,Road Length,Cost,Funds Released,Nos.,Length,Expenditure,1000+,999-500,499-250 (Eligible),Nos.,Length,Expenditure,Nos.,Length,Expenditure,Nos.,Length,Expenditure,1000+,999-500,499-250 (Eligible),Nos.,Length,Expenditure,LSB Nos.,Road Nos.,Road Length,Expenditure,Kangra,2014 - 2015,7,21.085,"1,250.93",0,0,4,0,18,143.190,"4,497.60",6,25,164.275,"5,748.53",0.00,0,0.000,27.56,0,0,0,0,0,0.000,373.51,0,0.000,420.13,1,2.555,27.56,0,0,0,0,0,0.000,389.63,0,1,2.555,436.25,Total,535,"1,737.964","55,250.70",35,179,356,0,326,"2,205.223","1,11,453.49",23,861,"3,943.187","1,66,704.19",0.00,4,8.971,"28,829.33",0,0,2,0,0,0.000,"9,674.59",4,8.971,"38,522.98",430,"1,312.660","28,893.81",35,173,286,0,86,733.770,"9,690.71",0,516,"2,046.430","38,603.58",Grand Total,"2,828","14,912.843","5,22,499.08",197,816,"1,549",0,"1,049","10,064.773","6,11,256.74",126,"3,877","24,977.616","11,33,755.83",0.00,7,32.021,"1,56,370.80",0,0,3,0,0,0.000,"42,249.24",7,32.021,"1,98,649.45","1,613","7,343.664","1,58,387.30",179,696,"1,041",0,227,"2,403.111","42,429.07",0,"1,840","9,746.775","2,00,991.92","Page 1 of 1     Generated on : 12/03/2025 23:17 PM     2014 NRRDA, All rights reserved"
Pradhan Mantri Gram Sadak Yojana,Monthly Report Format for Physical & Financial Progress under PMGSY,State: Himachal Pradesh     District: All Districts     Block: All Blocks     Year: 2015     Month: January     Collaboration: All Collaborations     Agency:  Public Works Department   Scheme: All Scheme,Note : All Costs and Expenditures in Lakhs and Length in Kms.,Clearance,Progress During Month,Cumulative Progress,New Connectivity,Upgradation,Total,New Connectivity,Upgradation,Total,New Connectivity,Upgradation,Total,Sr.No.,Sanction Year,Nos.,Length,Cost,1000+,999-500,499-250 (Eligible),Nos.,Length,Cost,LSB Nos.,Road Nos.,Road Length,Cost,Funds Released,Nos.,Length,Expenditure,1000+,999-500,499-250 (Eligible),Nos.,Length,Expenditure,Nos.,Length,Expenditure,Nos.,Length,Expenditure,1000+,999-500,499-250 (Eligible),Nos.,Length,Expenditure,LSB Nos.,Road Nos.,Road Length,Expenditure,Kangra,2016 - 2017,29,125.455,"9,259.52",0,1,18,0,33,160.705,"7,692.66",8,62,286.160,"16,952.18",0.00,0,0.000,0.00,0,0,0,0,0,0.000,0.00,0,0.000,0.00,0,0.000,,0,0,0,0,0,0.000,0.00,0,0,0.000,0.00,Total,535,"1,737.964","55,250.70",35,179,356,0,326,"2,205.223","1,11,453.49",23,861,"3,943.187","1,66,704.19",0.00,4,8.971,"28,829.33",0,0,2,0,0,0.000,"9,674.59",4,8.971,"38,522.98",430,"1,312.660","28,893.81",35,173,286,0,86,733.770,"9,690.71",0,516,"2,046.430","38,603.58",Grand Total,"2,828","14,912.843","5,22,499.08",197,816,"1,549",0,"1,049","10,064.773","6,11,256.74",126,"3,877","24,977.616","11,33,755.83",0.00,7,32.021,"1,56,370.80",0,0,3,0,0,0.000,"42,249.24",7,32.021,"1,98,649.45","1,613","7,343.664","1,58,387.30",179,696,"1,041",0,227,"2,403.111","42,429.07",0,"1,840","9,746.775","2,00,991.92","Page 1 of 1     Generated on : 12/03/2025 23:17 PM     2014 NRRDA, All rights reserved"
Pradhan Mantri Gram Sadak Yojana,Monthly Report Format for Physical & Financial Progress under PMGSY,State: Himachal Pradesh     District: All Districts     Block: All Blocks     Year: 2015     Month: January     Collaboration: All Collaborations     Agency:  Public Works Department   Scheme: All Scheme,Note : All Costs and Expenditures in Lakhs and Length in Kms.,Clearance,Progress During Month,Cumulative Progress,New Connectivity,Upgradation,Total,New Connectivity,Upgradation,Total,New Connectivity,Upgradation,Total,Sr.No.,Sanction Year,Nos.,Length,Cost,1000+,999-500,499-250 (Eligible),Nos.,Length,Cost,LSB Nos.,Road Nos.,Road Length,Cost,Funds Released,Nos.,Length,Expenditure,1000+,999-500,499-250 (Eligible),Nos.,Length,Expenditure,Nos.,Length,Expenditure,Nos.,Length,Expenditure,1000+,999-500,499-250 (Eligible),Nos.,Length,Expenditure,LSB Nos.,Road Nos.,Road Length,Expenditure,Kangra,2017 - 2018,14,45.540,"2,932.37",0,1,12,0,19,84.380,"3,309.34",1,33,129.920,"6,241.71",0.00,0,0.000,0.00,0,0,0,0,0,0.000,0.00,0,0.000,0.00,0,0.000,,0,0,0,0,0,0.000,0.00,0,0,0.000,0.00,Total,535,"1,737.964","55,250.70",35,179,356,0,326,"2,205.223","1,11,453.49",23,861,"3,943.187","1,66,704.19",0.00,4,8.971,"28,829.33",0,0,2,0,0,0.000,"9,674.59",4,8.971,"38,522.98",430,"1,312.660","28,893.81",35,173,286,0,86,733.770,"9,690.71",0,516,"2,046.430","38,603.58",Grand Total,"2,828","14,912.843","5,22,499.08",197,816,"1,549",0,"1,049","10,064.773","6,11,256.74",126,"3,877","24,977.616","11,33,755.83",0.00,7,32.021,"1,56,370.80",0,0,3,0,0,0.000,"42,249.24",7,32.021,"1,98,649.45","1,613","7,343.664","1,58,387.30",179,696,"1,041",0,227,"2,403.111","42,429.07",0,"1,840","9,746.775","2,00,991.92","Page 1 of 1     Generated on : 12/03/2025 23:17 PM     2014 NRRDA, All rights reserved"
Pradhan Mantri Gram Sadak Yojana,Monthly Report Format for Physical & Financial Progress under PMGSY,State: Himachal Pradesh     District: All Districts     Block: All Blocks     Year: 2015     Month: January     Collaboration: All Collaborations     Agency:  Public Works Department   Scheme: All Scheme,Note : All Costs and Expenditures in Lakhs and Length in Kms.,Clearance,Progress During Month,Cumulative Progress,New Connectivity,Upgradation,Total,New Connectivity,Upgradation,Total,New Connectivity,Upgradation,Total,Sr.No.,Sanction Year,Nos.,Length,Cost,1000+,999-500,499-250 (Eligible),Nos.,Length,Cost,LSB Nos.,Road Nos.,Road Length,Cost,Funds Released,Nos.,Length,Expenditure,1000+,999-500,499-250 (Eligible),Nos.,Length,Expenditure,Nos.,Length,Expenditure,Nos.,Length,Expenditure,1000+,999-500,499-250 (Eligible),Nos.,Length,Expenditure,LSB Nos.,Road Nos.,Road Length,Expenditure,Kangra,2018 - 2019,18,78.435,"6,747.23",0,2,15,0,87,320.840,"14,572.16",2,105,399.275,"21,319.39",0.00,0,0.000,0.00,0,0,0,0,0,0.000,0.00,0,0.000,0.00,0,0.000,,0,0,0,0,0,0.000,0.00,0,0,0.000,0.00,Total,535,"1,737.964","55,250.70",35,179,356,0,326,"2,205.223","1,11,453.49",23,861,"3,943.187","1,66,704.19",0.00,4,8.971,"28,829.33",0,0,2,0,0,0.000,"9,674.59",4,8.971,"38,522.98",430,"1,312.660","28,893.81",35,173,286,0,86,733.770,"9,690.71",0,516,"2,046.430","38,603.58",Grand Total,"2,828","14,912.843","5,22,499.08",197,816,"1,549",0,"1,049","10,064.773","6,11,256.74",126,"3,877","24,977.616","11,33,755.83",0.00,7,32.021,"1,56,370.80",0,0,3,0,0,0.000,"42,249.24",7,32.021,"1,98,649.45","1,613","7,343.664","1,58,387.30",179,696,"1,041",0,227,"2,403.111","42,429.07",0,"1,840","9,746.775","2,00,991.92","Page 1 of 1     Generated on : 12/03/2025 23:17 PM     2014 NRRDA, All rights reserved"
Pradhan Mantri Gram Sadak Yojana,Monthly Report Format for Physical & Financial Progress under PMGSY,State: Himachal Pradesh     District: All Districts     Block: All Blocks     Year: 2015     Month: January     Collaboration: All Collaborations     Agency:  Public Works Department   Scheme: All Scheme,Note : All Costs and Expenditures in Lakhs and Length in Kms.,Clearance,Progress During Month,Cumulative Progress,New Connectivity,Upgradation,Total,New Connectivity,Upgradation,Total,New Connectivity,Upgradation,Total,Sr.No.,Sanction Year,Nos.,Length,Cost,1000+,999-500,499-250 (Eligible),Nos.,Length,Cost,LSB Nos.,Road Nos.,Road Length,Cost,Funds Released,Nos.,Length,Expenditure,1000+,999-500,499-250 (Eligible),Nos.,Length,Expenditure,Nos.,Length,Expenditure,Nos.,Length,Expenditure,1000+,999-500,499-250 (Eligible),Nos.,Length,Expenditure,LSB Nos.,Road Nos.,Road Length,Expenditure,Kangra,2019 - 2020,0,0.000,0.00,0,0,0,0,24,234.390,"15,669.55",0,24,234.390,"15,669.55",0.00,0,0.000,0.00,0,0,0,0,0,0.000,0.00,0,0.000,0.00,0,0.000,,0,0,0,0,0,0.000,0.00,0,0,0.000,0.00,Total,535,"1,737.964","55,250.70",35,179,356,0,326,"2,205.223","1,11,453.49",23,861,"3,943.187","1,66,704.19",0.00,4,8.971,"28,829.33",0,0,2,0,0,0.000,"9,674.59",4,8.971,"38,522.98",430,"1,312.660","28,893.81",35,173,286,0,86,733.770,"9,690.71",0,516,"2,046.430","38,603.58",Grand Total,"2,828","14,912.843","5,22,499.08",197,816,"1,549",0,"1,049","10,064.773","6,11,256.74",126,"3,877","24,977.616","11,33,755.83",0.00,7,32.021,"1,56,370.80",0,0,3,0,0,0.000,"42,249.24",7,32.021,"1,98,649.45","1,613","7,343.664","1,58,387.30",179,696,"1,041",0,227,"2,403.111","42,429.07",0,"1,840","9,746.775","2,00,991.92","Page 1 of 1     Generated on : 12/03/2025 23:17 PM     2014 NRRDA, All rights reserved"
Pradhan Mantri Gram Sadak Yojana,Monthly Report Format for Physical & Financial Progress under PMGSY,State: Himachal Pradesh     District: All Districts     Block: All Blocks     Year: 2015     Month: January     Collaboration: All Collaborations     Agency:  Public Works Department   Scheme: All Scheme,Note : All Costs and Expenditures in Lakhs and Length in Kms.,Clearance,Progress During Month,Cumulative Progress,New Connectivity,Upgradation,Total,New Connectivity,Upgradation,Total,New Connectivity,Upgradation,Total,Sr.No.,Sanction Year,Nos.,Length,Cost,1000+,999-500,499-250 (Eligible),Nos.,Length,Cost,LSB Nos.,Road Nos.,Road Length,Cost,Funds Released,Nos.,Length,Expenditure,1000+,999-500,499-250 (Eligible),Nos.,Length,Expenditure,Nos.,Length,Expenditure,Nos.,Length,Expenditure,1000+,999-500,499-250 (Eligible),Nos.,Length,Expenditure,LSB Nos.,Road Nos.,Road Length,Expenditure,Kangra,2022 - 2023,0,0.000,0.00,0,0,0,0,3,16.285,"1,387.60",0,3,16.285,"1,387.60",0.00,0,0.000,0.00,0,0,0,0,0,0.000,0.00,0,0.000,0.00,0,0.000,,0,0,0,0,0,0.000,0.00,0,0,0.000,0.00,Total,535,"1,737.964","55,250.70",35,179,356,0,326,"2,205.223","1,11,453.49",23,861,"3,943.187","1,66,704.19",0.00,4,8.971,"28,829.33",0,0,2,0,0,0.000,"9,674.59",4,8.971,"38,522.98",430,"1,312.660","28,893.81",35,173,286,0,86,733.770,"9,690.71",0,516,"2,046.430","38,603.58",Grand Total,"2,828","14,912.843","5,22,499.08",197,816,"1,549",0,"1,049","10,064.773","6,11,256.74",126,"3,877","24,977.616","11,33,755.83",0.00,7,32.021,"1,56,370.80",0,0,3,0,0,0.000,"42,249.24",7,32.021,"1,98,649.45","1,613","7,343.664","1,58,387.30",179,696,"1,041",0,227,"2,403.111","42,429.07",0,"1,840","9,746.775","2,00,991.92","Page 1 of 1     Generated on : 12/03/2025 23:17 PM     2014 NRRDA, All rights reserved"
Pradhan Mantri Gram Sadak Yojana,Monthly Report Format for Physical & Financial Progress under PMGSY,State: Himachal Pradesh     District: All Districts     Block: All Blocks     Year: 2015     Month: January     Collaboration: All Collaborations     Agency:  Public Works Department   Scheme: All Scheme,Note : All Costs and Expenditures in Lakhs and Length in Kms.,Clearance,Progress During Month,Cumulative Progress,New Connectivity,Upgradation,Total,New Connectivity,Upgradation,Total,New Connectivity,Upgradation,Total,Sr.No.,Sanction Year,Nos.,Length,Cost,1000+,999-500,499-250 (Eligible),Nos.,Length,Cost,LSB Nos.,Road Nos.,Road Length,Cost,Funds Released,Nos.,Length,Expenditure,1000+,999-500,499-250 (Eligible),Nos.,Length,Expenditure,Nos.,Length,Expenditure,Nos.,Length,Expenditure,1000+,999-500,499-250 (Eligible),Nos.,Length,Expenditure,LSB Nos.,Road Nos.,Road Length,Expenditure,Kangra,2023 - 2024,0,0.000,0.00,0,0,0,0,55,501.878,"54,697.39",5,55,501.878,"54,697.39",0.00,0,0.000,0.00,0,0,0,0,0,0.000,0.00,0,0.000,0.00,0,0.000,,0,0,0,0,0,0.000,0.00,0,0,0.000,0.00,Total,535,"1,737.964","55,250.70",35,179,356,0,326,"2,205.223","1,11,453.49",23,861,"3,943.187","1,66,704.19",0.00,4,8.971,"28,829.33",0,0,2,0,0,0.000,"9,674.59",4,8.971,"38,522.98",430,"1,312.660","28,893.81",35,173,286,0,86,733.770,"9,690.71",0,516,"2,046.430","38,603.58",Grand Total,"2,828","14,912.843","5,22,499.08",197,816,"1,549",0,"1,049","10,064.773","6,11,256.74",126,"3,877","24,977.616","11,33,755.83",0.00,7,32.021,"1,56,370.80",0,0,3,0,0,0.000,"42,249.24",7,32.021,"1,98,649.45","1,613","7,343.664","1,58,387.30",179,696,"1,041",0,227,"2,403.111","42,429.07",0,"1,840","9,746.775","2,00,991.92","Page 1 of 1     Generated on : 12/03/2025 23:17 PM     2014 NRRDA, All rights reserved"
Pradhan Mantri Gram Sadak Yojana,Monthly Report Format for Physical & Financial Progress under PMGSY,State: Himachal Pradesh     District: All Districts     Block: All Blocks     Year: 2015     Month: January     Collaboration: All Collaborations     Agency:  Public Works Department   Scheme: All Scheme,Note : All Costs and Expenditures in Lakhs and Length in Kms.,Clearance,Progress During Month,Cumulative Progress,New Connectivity,Upgradation,Total,New Connectivity,Upgradation,Total,New Connectivity,Upgradation,Total,Sr.No.,Sanction Year,Nos.,Length,Cost,1000+,999-500,499-250 (Eligible),Nos.,Length,Cost,LSB Nos.,Road Nos.,Road Length,Cost,Funds Released,Nos.,Length,Expenditure,1000+,999-500,499-250 (Eligible),Nos.,Length,Expenditure,Nos.,Length,Expenditure,Nos.,Length,Expenditure,1000+,999-500,499-250 (Eligible),Nos.,Length,Expenditure,LSB Nos.,Road Nos.,Road Length,Expenditure,Kinnaur,2000 - 2001,3,15.800,300.00,0,4,0,0,0,0.000,0.00,0,3,15.800,300.00,0.00,0,0.000,261.21,0,0,0,0,0,0.000,0.00,0,0.000,261.21,3,15.800,261.21,0,4,0,0,0,0.000,0.00,0,3,15.800,261.21,Total,49,353.825,"13,567.88",2,18,17,0,15,206.210,"8,256.10",1,64,560.035,"21,823.98",0.00,0,0.000,"3,861.14",0,0,0,0,0,0.000,"1,302.80",0,0.000,"5,163.94",25,148.045,"4,238.76",2,13,15,0,4,69.350,"1,302.80",0,29,217.395,"5,541.56",Grand Total,"2,828","14,912.843","5,22,499.08",197,816,"1,549",0,"1,049","10,064.773","6,11,256.74",126,"3,877","24,977.616","11,33,755.83",0.00,7,32.021,"1,56,370.80",0,0,3,0,0,0.000,"42,249.24",7,32.021,"1,98,649.45","1,613","7,343.664","1,58,387.30",179,696,"1,041",0,227,"2,403.111","42,429.07",0,"1,840","9,746.775","2,00,991.92","Page 1 of 1     Generated on : 12/03/2025 23:17 PM     2014 NRRDA, All rights reserved"
Pradhan Mantri Gram Sadak Yojana,Monthly Report Format for Physical & Financial Progress under PMGSY,State: Himachal Pradesh     District: All Districts     Block: All Blocks     Year: 2015     Month: January     Collaboration: All Collaborations     Agency:  Public Works Department   Scheme: All Scheme,Note : All Costs and Expenditures in Lakhs and Length in Kms.,Clearance,Progress During Month,Cumulative Progress,New Connectivity,Upgradation,Total,New Connectivity,Upgradation,Total,New Connectivity,Upgradation,Total,Sr.No.,Sanction Year,Nos.,Length,Cost,1000+,999-500,499-250 (Eligible),Nos.,Length,Cost,LSB Nos.,Road Nos.,Road Length,Cost,Funds Released,Nos.,Length,Expenditure,1000+,999-500,499-250 (Eligible),Nos.,Length,Expenditure,Nos.,Length,Expenditure,Nos.,Length,Expenditure,1000+,999-500,499-250 (Eligible),Nos.,Length,Expenditure,LSB Nos.,Road Nos.,Road Length,Expenditure,Kinnaur,2001 - 2002,7,25.755,390.72,0,4,6,0,0,0.000,0.00,0,7,25.755,390.72,0.00,0,0.000,335.65,0,0,0,0,0,0.000,0.00,0,0.000,335.65,7,25.755,335.65,0,4,6,0,0,0.000,0.00,0,7,25.755,335.65,Total,49,353.825,"13,567.88",2,18,17,0,15,206.210,"8,256.10",1,64,560.035,"21,823.98",0.00,0,0.000,"3,861.14",0,0,0,0,0,0.000,"1,302.80",0,0.000,"5,163.94",25,148.045,"4,238.76",2,13,15,0,4,69.350,"1,302.80",0,29,217.395,"5,541.56",Grand Total,"2,828","14,912.843","5,22,499.08",197,816,"1,549",0,"1,049","10,064.773","6,11,256.74",126,"3,877","24,977.616","11,33,755.83",0.00,7,32.021,"1,56,370.80",0,0,3,0,0,0.000,"42,249.24",7,32.021,"1,98,649.45","1,613","7,343.664","1,58,387.30",179,696,"1,041",0,227,"2,403.111","42,429.07",0,"1,840","9,746.775","2,00,991.92","Page 1 of 1     Generated on : 12/03/2025 23:17 PM     2014 NRRDA, All rights reserved"
Pradhan Mantri Gram Sadak Yojana,Monthly Report Format for Physical & Financial Progress under PMGSY,State: Himachal Pradesh     District: All Districts     Block: All Blocks     Year: 2015     Month: January     Collaboration: All Collaborations     Agency:  Public Works Department   Scheme: All Scheme,Note : All Costs and Expenditures in Lakhs and Length in Kms.,Clearance,Progress During Month,Cumulative Progress,New Connectivity,Upgradation,Total,New Connectivity,Upgradation,Total,New Connectivity,Upgradation,Total,Sr.No.,Sanction Year,Nos.,Length,Cost,1000+,999-500,499-250 (Eligible),Nos.,Length,Cost,LSB Nos.,Road Nos.,Road Length,Cost,Funds Released,Nos.,Length,Expenditure,1000+,999-500,499-250 (Eligible),Nos.,Length,Expenditure,Nos.,Length,Expenditure,Nos.,Length,Expenditure,1000+,999-500,499-250 (Eligible),Nos.,Length,Expenditure,LSB Nos.,Road Nos.,Road Length,Expenditure,Kinnaur,2003 - 2004,8,61.690,383.04,0,3,5,0,0,0.000,0.00,0,8,61.690,383.04,0.00,0,0.000,344.18,0,0,0,0,0,0.000,0.00,0,0.000,344.18,8,61.700,344.18,0,3,5,0,0,0.000,0.00,0,8,61.700,344.18,Total,49,353.825,"13,567.88",2,18,17,0,15,206.210,"8,256.10",1,64,560.035,"21,823.98",0.00,0,0.000,"3,861.14",0,0,0,0,0,0.000,"1,302.80",0,0.000,"5,163.94",25,148.045,"4,238.76",2,13,15,0,4,69.350,"1,302.80",0,29,217.395,"5,541.56",Grand Total,"2,828","14,912.843","5,22,499.08",197,816,"1,549",0,"1,049","10,064.773","6,11,256.74",126,"3,877","24,977.616","11,33,755.83",0.00,7,32.021,"1,56,370.80",0,0,3,0,0,0.000,"42,249.24",7,32.021,"1,98,649.45","1,613","7,343.664","1,58,387.30",179,696,"1,041",0,227,"2,403.111","42,429.07",0,"1,840","9,746.775","2,00,991.92","Page 1 of 1     Generated on : 12/03/2025 23:17 PM     2014 NRRDA, All rights reserved"
Pradhan Mantri Gram Sadak Yojana,Monthly Report Format for Physical & Financial Progress under PMGSY,State: Himachal Pradesh     District: All Districts     Block: All Blocks     Year: 2015     Month: January     Collaboration: All Collaborations     Agency:  Public Works Department   Scheme: All Scheme,Note : All Costs and Expenditures in Lakhs and Length in Kms.,Clearance,Progress During Month,Cumulative Progress,New Connectivity,Upgradation,Total,New Connectivity,Upgradation,Total,New Connectivity,Upgradation,Total,Sr.No.,Sanction Year,Nos.,Length,Cost,1000+,999-500,499-250 (Eligible),Nos.,Length,Cost,LSB Nos.,Road Nos.,Road Length,Cost,Funds Released,Nos.,Length,Expenditure,1000+,999-500,499-250 (Eligible),Nos.,Length,Expenditure,Nos.,Length,Expenditure,Nos.,Length,Expenditure,1000+,999-500,499-250 (Eligible),Nos.,Length,Expenditure,LSB Nos.,Road Nos.,Road Length,Expenditure,Kinnaur,2004 - 2005,6,52.330,"2,182.22",0,2,4,0,0,0.000,0.00,0,6,52.330,"2,182.22",0.00,0,0.000,"1,719.46",0,0,0,0,0,0.000,0.00,0,0.000,"1,719.46",5,31.790,"2,097.08",0,2,4,0,0,0.000,0.00,0,5,31.790,"2,097.08",Total,49,353.825,"13,567.88",2,18,17,0,15,206.210,"8,256.10",1,64,560.035,"21,823.98",0.00,0,0.000,"3,861.14",0,0,0,0,0,0.000,"1,302.80",0,0.000,"5,163.94",25,148.045,"4,238.76",2,13,15,0,4,69.350,"1,302.80",0,29,217.395,"5,541.56",Grand Total,"2,828","14,912.843","5,22,499.08",197,816,"1,549",0,"1,049","10,064.773","6,11,256.74",126,"3,877","24,977.616","11,33,755.83",0.00,7,32.021,"1,56,370.80",0,0,3,0,0,0.000,"42,249.24",7,32.021,"1,98,649.45","1,613","7,343.664","1,58,387.30",179,696,"1,041",0,227,"2,403.111","42,429.07",0,"1,840","9,746.775","2,00,991.92","Page 1 of 1     Generated on : 12/03/2025 23:17 PM     2014 NRRDA, All rights reserved"
Pradhan Mantri Gram Sadak Yojana,Monthly Report Format for Physical & Financial Progress under PMGSY,State: Himachal Pradesh     District: All Districts     Block: All Blocks     Year: 2015     Month: January     Collaboration: All Collaborations     Agency:  Public Works Department   Scheme: All Scheme,Note : All Costs and Expenditures in Lakhs and Length in Kms.,Clearance,Progress During Month,Cumulative Progress,New Connectivity,Upgradation,Total,New Connectivity,Upgradation,Total,New Connectivity,Upgradation,Total,Sr.No.,Sanction Year,Nos.,Length,Cost,1000+,999-500,499-250 (Eligible),Nos.,Length,Cost,LSB Nos.,Road Nos.,Road Length,Cost,Funds Released,Nos.,Length,Expenditure,1000+,999-500,499-250 (Eligible),Nos.,Length,Expenditure,Nos.,Length,Expenditure,Nos.,Length,Expenditure,1000+,999-500,499-250 (Eligible),Nos.,Length,Expenditure,LSB Nos.,Road Nos.,Road Length,Expenditure,Kinnaur,2005 - 2006,1,12.075,534.68,0,1,0,0,0,0.000,0.00,0,1,12.075,534.68,0.00,0,0.000,313.97,0,0,0,0,0,0.000,0.00,0,0.000,313.97,0,0.000,313.97,0,0,0,0,0,0.000,0.00,0,0,0.000,313.97,Total,49,353.825,"13,567.88",2,18,17,0,15,206.210,"8,256.10",1,64,560.035,"21,823.98",0.00,0,0.000,"3,861.14",0,0,0,0,0,0.000,"1,302.80",0,0.000,"5,163.94",25,148.045,"4,238.76",2,13,15,0,4,69.350,"1,302.80",0,29,217.395,"5,541.56",Grand Total,"2,828","14,912.843","5,22,499.08",197,816,"1,549",0,"1,049","10,064.773","6,11,256.74",126,"3,877","24,977.616","11,33,755.83",0.00,7,32.021,"1,56,370.80",0,0,3,0,0,0.000,"42,249.24",7,32.021,"1,98,649.45","1,613","7,343.664","1,58,387.30",179,696,"1,041",0,227,"2,403.111","42,429.07",0,"1,840","9,746.775","2,00,991.92","Page 1 of 1     Generated on : 12/03/2025 23:17 PM     2014 NRRDA, All rights reserved"
Pradhan Mantri Gram Sadak Yojana,Monthly Report Format for Physical & Financial Progress under PMGSY,State: Himachal Pradesh     District: All Districts     Block: All Blocks     Year: 2015     Month: January     Collaboration: All Collaborations     Agency:  Public Works Department   Scheme: All Scheme,Note : All Costs and Expenditures in Lakhs and Length in Kms.,Clearance,Progress During Month,Cumulative Progress,New Connectivity,Upgradation,Total,New Connectivity,Upgradation,Total,New Connectivity,Upgradation,Total,Sr.No.,Sanction Year,Nos.,Length,Cost,1000+,999-500,499-250 (Eligible),Nos.,Length,Cost,LSB Nos.,Road Nos.,Road Length,Cost,Funds Released,Nos.,Length,Expenditure,1000+,999-500,499-250 (Eligible),Nos.,Length,Expenditure,Nos.,Length,Expenditure,Nos.,Length,Expenditure,1000+,999-500,499-250 (Eligible),Nos.,Length,Expenditure,LSB Nos.,Road Nos.,Road Length,Expenditure,Kinnaur,2006 - 2007,4,48.560,"2,491.13",2,2,0,0,2,23.285,247.83,0,6,71.845,"2,738.96",0.00,0,0.000,723.53,0,0,0,0,0,0.000,94.97,0,0.000,818.50,2,13.000,723.53,2,0,0,0,1,9.000,94.97,0,3,22.000,818.50,Total,49,353.825,"13,567.88",2,18,17,0,15,206.210,"8,256.10",1,64,560.035,"21,823.98",0.00,0,0.000,"3,861.14",0,0,0,0,0,0.000,"1,302.80",0,0.000,"5,163.94",25,148.045,"4,238.76",2,13,15,0,4,69.350,"1,302.80",0,29,217.395,"5,541.56",Grand Total,"2,828","14,912.843","5,22,499.08",197,816,"1,549",0,"1,049","10,064.773","6,11,256.74",126,"3,877","24,977.616","11,33,755.83",0.00,7,32.021,"1,56,370.80",0,0,3,0,0,0.000,"42,249.24",7,32.021,"1,98,649.45","1,613","7,343.664","1,58,387.30",179,696,"1,041",0,227,"2,403.111","42,429.07",0,"1,840","9,746.775","2,00,991.92","Page 1 of 1     Generated on : 12/03/2025 23:17 PM     2014 NRRDA, All rights reserved"
Pradhan Mantri Gram Sadak Yojana,Monthly Report Format for Physical & Financial Progress under PMGSY,State: Himachal Pradesh     District: All Districts     Block: All Blocks     Year: 2015     Month: January     Collaboration: All Collaborations     Agency:  Public Works Department   Scheme: All Scheme,Note : All Costs and Expenditures in Lakhs and Length in Kms.,Clearance,Progress During Month,Cumulative Progress,New Connectivity,Upgradation,Total,New Connectivity,Upgradation,Total,New Connectivity,Upgradation,Total,Sr.No.,Sanction Year,Nos.,Length,Cost,1000+,999-500,499-250 (Eligible),Nos.,Length,Cost,LSB Nos.,Road Nos.,Road Length,Cost,Funds Released,Nos.,Length,Expenditure,1000+,999-500,499-250 (Eligible),Nos.,Length,Expenditure,Nos.,Length,Expenditure,Nos.,Length,Expenditure,1000+,999-500,499-250 (Eligible),Nos.,Length,Expenditure,LSB Nos.,Road Nos.,Road Length,Expenditure,Kinnaur,2007 - 2008,2,18.100,600.18,0,2,0,0,6,99.980,"1,883.69",0,8,118.080,"2,483.87",0.00,0,0.000,163.14,0,0,0,0,0,0.000,"1,207.83",0,0.000,"1,370.97",0,0.000,163.14,0,0,0,0,3,60.350,"1,207.83",0,3,60.350,"1,370.97",Total,49,353.825,"13,567.88",2,18,17,0,15,206.210,"8,256.10",1,64,560.035,"21,823.98",0.00,0,0.000,"3,861.14",0,0,0,0,0,0.000,"1,302.80",0,0.000,"5,163.94",25,148.045,"4,238.76",2,13,15,0,4,69.350,"1,302.80",0,29,217.395,"5,541.56",Grand Total,"2,828","14,912.843","5,22,499.08",197,816,"1,549",0,"1,049","10,064.773","6,11,256.74",126,"3,877","24,977.616","11,33,755.83",0.00,7,32.021,"1,56,370.80",0,0,3,0,0,0.000,"42,249.24",7,32.021,"1,98,649.45","1,613","7,343.664","1,58,387.30",179,696,"1,041",0,227,"2,403.111","42,429.07",0,"1,840","9,746.775","2,00,991.92","Page 1 of 1     Generated on : 12/03/2025 23:17 PM     2014 NRRDA, All rights reserved"
Pradhan Mantri Gram Sadak Yojana,Monthly Report Format for Physical & Financial Progress under PMGSY,State: Himachal Pradesh     District: All Districts     Block: All Blocks     Year: 2015     Month: January     Collaboration: All Collaborations     Agency:  Public Works Department   Scheme: All Scheme,Note : All Costs and Expenditures in Lakhs and Length in Kms.,Clearance,Progress During Month,Cumulative Progress,New Connectivity,Upgradation,Total,New Connectivity,Upgradation,Total,New Connectivity,Upgradation,Total,Sr.No.,Sanction Year,Nos.,Length,Cost,1000+,999-500,499-250 (Eligible),Nos.,Length,Cost,LSB Nos.,Road Nos.,Road Length,Cost,Funds Released,Nos.,Length,Expenditure,1000+,999-500,499-250 (Eligible),Nos.,Length,Expenditure,Nos.,Length,Expenditure,Nos.,Length,Expenditure,1000+,999-500,499-250 (Eligible),Nos.,Length,Expenditure,LSB Nos.,Road Nos.,Road Length,Expenditure,Kinnaur,2013 - 2014,0,0.000,0.00,0,0,0,0,0,0.000,0.00,0,0,0.000,0.00,0.00,0,0.000,0.00,0,0,0,0,0,0.000,0.00,0,0.000,0.00,0,0.000,,0,0,0,0,0,0.000,0.00,0,0,0.000,0.00,Total,49,353.825,"13,567.88",2,18,17,0,15,206.210,"8,256.10",1,64,560.035,"21,823.98",0.00,0,0.000,"3,861.14",0,0,0,0,0,0.000,"1,302.80",0,0.000,"5,163.94",25,148.045,"4,238.76",2,13,15,0,4,69.350,"1,302.80",0,29,217.395,"5,541.56",Grand Total,"2,828","14,912.843","5,22,499.08",197,816,"1,549",0,"1,049","10,064.773","6,11,256.74",126,"3,877","24,977.616","11,33,755.83",0.00,7,32.021,"1,56,370.80",0,0,3,0,0,0.000,"42,249.24",7,32.021,"1,98,649.45","1,613","7,343.664","1,58,387.30",179,696,"1,041",0,227,"2,403.111","42,429.07",0,"1,840","9,746.775","2,00,991.92","Page 1 of 1     Generated on : 12/03/2025 23:17 PM     2014 NRRDA, All rights reserved"
Pradhan Mantri Gram Sadak Yojana,Monthly Report Format for Physical & Financial Progress under PMGSY,State: Himachal Pradesh     District: All Districts     Block: All Blocks     Year: 2015     Month: January     Collaboration: All Collaborations     Agency:  Public Works Department   Scheme: All Scheme,Note : All Costs and Expenditures in Lakhs and Length in Kms.,Clearance,Progress During Month,Cumulative Progress,New Connectivity,Upgradation,Total,New Connectivity,Upgradation,Total,New Connectivity,Upgradation,Total,Sr.No.,Sanction Year,Nos.,Length,Cost,1000+,999-500,499-250 (Eligible),Nos.,Length,Cost,LSB Nos.,Road Nos.,Road Length,Cost,Funds Released,Nos.,Length,Expenditure,1000+,999-500,499-250 (Eligible),Nos.,Length,Expenditure,Nos.,Length,Expenditure,Nos.,Length,Expenditure,1000+,999-500,499-250 (Eligible),Nos.,Length,Expenditure,LSB Nos.,Road Nos.,Road Length,Expenditure,Kinnaur,2016 - 2017,11,74.405,"3,798.58",0,0,0,0,0,0.000,0.00,0,11,74.405,"3,798.58",0.00,0,0.000,0.00,0,0,0,0,0,0.000,0.00,0,0.000,0.00,0,0.000,,0,0,0,0,0,0.000,0.00,0,0,0.000,0.00,Total,49,353.825,"13,567.88",2,18,17,0,15,206.210,"8,256.10",1,64,560.035,"21,823.98",0.00,0,0.000,"3,861.14",0,0,0,0,0,0.000,"1,302.80",0,0.000,"5,163.94",25,148.045,"4,238.76",2,13,15,0,4,69.350,"1,302.80",0,29,217.395,"5,541.56",Grand Total,"2,828","14,912.843","5,22,499.08",197,816,"1,549",0,"1,049","10,064.773","6,11,256.74",126,"3,877","24,977.616","11,33,755.83",0.00,7,32.021,"1,56,370.80",0,0,3,0,0,0.000,"42,249.24",7,32.021,"1,98,649.45","1,613","7,343.664","1,58,387.30",179,696,"1,041",0,227,"2,403.111","42,429.07",0,"1,840","9,746.775","2,00,991.92","Page 1 of 1     Generated on : 12/03/2025 23:17 PM     2014 NRRDA, All rights reserved"
Pradhan Mantri Gram Sadak Yojana,Monthly Report Format for Physical & Financial Progress under PMGSY,State: Himachal Pradesh     District: All Districts     Block: All Blocks     Year: 2015     Month: January     Collaboration: All Collaborations     Agency:  Public Works Department   Scheme: All Scheme,Note : All Costs and Expenditures in Lakhs and Length in Kms.,Clearance,Progress During Month,Cumulative Progress,New Connectivity,Upgradation,Total,New Connectivity,Upgradation,Total,New Connectivity,Upgradation,Total,Sr.No.,Sanction Year,Nos.,Length,Cost,1000+,999-500,499-250 (Eligible),Nos.,Length,Cost,LSB Nos.,Road Nos.,Road Length,Cost,Funds Released,Nos.,Length,Expenditure,1000+,999-500,499-250 (Eligible),Nos.,Length,Expenditure,Nos.,Length,Expenditure,Nos.,Length,Expenditure,1000+,999-500,499-250 (Eligible),Nos.,Length,Expenditure,LSB Nos.,Road Nos.,Road Length,Expenditure,Kinnaur,2017 - 2018,7,45.110,"2,887.33",0,0,2,0,0,0.000,0.00,1,7,45.110,"2,887.33",0.00,0,0.000,0.00,0,0,0,0,0,0.000,0.00,0,0.000,0.00,0,0.000,,0,0,0,0,0,0.000,0.00,0,0,0.000,0.00,Total,49,353.825,"13,567.88",2,18,17,0,15,206.210,"8,256.10",1,64,560.035,"21,823.98",0.00,0,0.000,"3,861.14",0,0,0,0,0,0.000,"1,302.80",0,0.000,"5,163.94",25,148.045,"4,238.76",2,13,15,0,4,69.350,"1,302.80",0,29,217.395,"5,541.56",Grand Total,"2,828","14,912.843","5,22,499.08",197,816,"1,549",0,"1,049","10,064.773","6,11,256.74",126,"3,877","24,977.616","11,33,755.83",0.00,7,32.021,"1,56,370.80",0,0,3,0,0,0.000,"42,249.24",7,32.021,"1,98,649.45","1,613","7,343.664","1,58,387.30",179,696,"1,041",0,227,"2,403.111","42,429.07",0,"1,840","9,746.775","2,00,991.92","Page 1 of 1     Generated on : 12/03/2025 23:17 PM     2014 NRRDA, All rights reserved"
Pradhan Mantri Gram Sadak Yojana,Monthly Report Format for Physical & Financial Progress under PMGSY,State: Himachal Pradesh     District: All Districts     Block: All Blocks     Year: 2015     Month: January     Collaboration: All Collaborations     Agency:  Public Works Department   Scheme: All Scheme,Note : All Costs and Expenditures in Lakhs and Length in Kms.,Clearance,Progress During Month,Cumulative Progress,New Connectivity,Upgradation,Total,New Connectivity,Upgradation,Total,New Connectivity,Upgradation,Total,Sr.No.,Sanction Year,Nos.,Length,Cost,1000+,999-500,499-250 (Eligible),Nos.,Length,Cost,LSB Nos.,Road Nos.,Road Length,Cost,Funds Released,Nos.,Length,Expenditure,1000+,999-500,499-250 (Eligible),Nos.,Length,Expenditure,Nos.,Length,Expenditure,Nos.,Length,Expenditure,1000+,999-500,499-250 (Eligible),Nos.,Length,Expenditure,LSB Nos.,Road Nos.,Road Length,Expenditure,Kinnaur,2018 - 2019,0,0.000,0.00,0,0,0,0,2,26.630,"1,571.55",0,2,26.630,"1,571.55",0.00,0,0.000,0.00,0,0,0,0,0,0.000,0.00,0,0.000,0.00,0,0.000,,0,0,0,0,0,0.000,0.00,0,0,0.000,0.00,Total,49,353.825,"13,567.88",2,18,17,0,15,206.210,"8,256.10",1,64,560.035,"21,823.98",0.00,0,0.000,"3,861.14",0,0,0,0,0,0.000,"1,302.80",0,0.000,"5,163.94",25,148.045,"4,238.76",2,13,15,0,4,69.350,"1,302.80",0,29,217.395,"5,541.56",Grand Total,"2,828","14,912.843","5,22,499.08",197,816,"1,549",0,"1,049","10,064.773","6,11,256.74",126,"3,877","24,977.616","11,33,755.83",0.00,7,32.021,"1,56,370.80",0,0,3,0,0,0.000,"42,249.24",7,32.021,"1,98,649.45","1,613","7,343.664","1,58,387.30",179,696,"1,041",0,227,"2,403.111","42,429.07",0,"1,840","9,746.775","2,00,991.92","Page 1 of 1     Generated on : 12/03/2025 23:17 PM     2014 NRRDA, All rights reserved"
Pradhan Mantri Gram Sadak Yojana,Monthly Report Format for Physical & Financial Progress under PMGSY,State: Himachal Pradesh     District: All Districts     Block: All Blocks     Year: 2015     Month: January     Collaboration: All Collaborations     Agency:  Public Works Department   Scheme: All Scheme,Note : All Costs and Expenditures in Lakhs and Length in Kms.,Clearance,Progress During Month,Cumulative Progress,New Connectivity,Upgradation,Total,New Connectivity,Upgradation,Total,New Connectivity,Upgradation,Total,Sr.No.,Sanction Year,Nos.,Length,Cost,1000+,999-500,499-250 (Eligible),Nos.,Length,Cost,LSB Nos.,Road Nos.,Road Length,Cost,Funds Released,Nos.,Length,Expenditure,1000+,999-500,499-250 (Eligible),Nos.,Length,Expenditure,Nos.,Length,Expenditure,Nos.,Length,Expenditure,1000+,999-500,499-250 (Eligible),Nos.,Length,Expenditure,LSB Nos.,Road Nos.,Road Length,Expenditure,Kinnaur,2019 - 2020,0,0.000,0.00,0,0,0,0,3,33.625,"2,390.29",0,3,33.625,"2,390.29",0.00,0,0.000,0.00,0,0,0,0,0,0.000,0.00,0,0.000,0.00,0,0.000,,0,0,0,0,0,0.000,0.00,0,0,0.000,0.00,Total,49,353.825,"13,567.88",2,18,17,0,15,206.210,"8,256.10",1,64,560.035,"21,823.98",0.00,0,0.000,"3,861.14",0,0,0,0,0,0.000,"1,302.80",0,0.000,"5,163.94",25,148.045,"4,238.76",2,13,15,0,4,69.350,"1,302.80",0,29,217.395,"5,541.56",Grand Total,"2,828","14,912.843","5,22,499.08",197,816,"1,549",0,"1,049","10,064.773","6,11,256.74",126,"3,877","24,977.616","11,33,755.83",0.00,7,32.021,"1,56,370.80",0,0,3,0,0,0.000,"42,249.24",7,32.021,"1,98,649.45","1,613","7,343.664","1,58,387.30",179,696,"1,041",0,227,"2,403.111","42,429.07",0,"1,840","9,746.775","2,00,991.92","Page 1 of 1     Generated on : 12/03/2025 23:17 PM     2014 NRRDA, All rights reserved"
Pradhan Mantri Gram Sadak Yojana,Monthly Report Format for Physical & Financial Progress under PMGSY,State: Himachal Pradesh     District: All Districts     Block: All Blocks     Year: 2015     Month: January     Collaboration: All Collaborations     Agency:  Public Works Department   Scheme: All Scheme,Note : All Costs and Expenditures in Lakhs and Length in Kms.,Clearance,Progress During Month,Cumulative Progress,New Connectivity,Upgradation,Total,New Connectivity,Upgradation,Total,New Connectivity,Upgradation,Total,Sr.No.,Sanction Year,Nos.,Length,Cost,1000+,999-500,499-250 (Eligible),Nos.,Length,Cost,LSB Nos.,Road Nos.,Road Length,Cost,Funds Released,Nos.,Length,Expenditure,1000+,999-500,499-250 (Eligible),Nos.,Length,Expenditure,Nos.,Length,Expenditure,Nos.,Length,Expenditure,1000+,999-500,499-250 (Eligible),Nos.,Length,Expenditure,LSB Nos.,Road Nos.,Road Length,Expenditure,Kinnaur,2022 - 2023,0,0.000,0.00,0,0,0,0,2,22.690,"2,162.74",0,2,22.690,"2,162.74",0.00,0,0.000,0.00,0,0,0,0,0,0.000,0.00,0,0.000,0.00,0,0.000,,0,0,0,0,0,0.000,0.00,0,0,0.000,0.00,Total,49,353.825,"13,567.88",2,18,17,0,15,206.210,"8,256.10",1,64,560.035,"21,823.98",0.00,0,0.000,"3,861.14",0,0,0,0,0,0.000,"1,302.80",0,0.000,"5,163.94",25,148.045,"4,238.76",2,13,15,0,4,69.350,"1,302.80",0,29,217.395,"5,541.56",Grand Total,"2,828","14,912.843","5,22,499.08",197,816,"1,549",0,"1,049","10,064.773","6,11,256.74",126,"3,877","24,977.616","11,33,755.83",0.00,7,32.021,"1,56,370.80",0,0,3,0,0,0.000,"42,249.24",7,32.021,"1,98,649.45","1,613","7,343.664","1,58,387.30",179,696,"1,041",0,227,"2,403.111","42,429.07",0,"1,840","9,746.775","2,00,991.92","Page 1 of 1     Generated on : 12/03/2025 23:17 PM     2014 NRRDA, All rights reserved"
Pradhan Mantri Gram Sadak Yojana,Monthly Report Format for Physical & Financial Progress under PMGSY,State: Himachal Pradesh     District: All Districts     Block: All Blocks     Year: 2015     Month: January     Collaboration: All Collaborations     Agency:  Public Works Department   Scheme: All Scheme,Note : All Costs and Expenditures in Lakhs and Length in Kms.,Clearance,Progress During Month,Cumulative Progress,New Connectivity,Upgradation,Total,New Connectivity,Upgradation,Total,New Connectivity,Upgradation,Total,Sr.No.,Sanction Year,Nos.,Length,Cost,1000+,999-500,499-250 (Eligible),Nos.,Length,Cost,LSB Nos.,Road Nos.,Road Length,Cost,Funds Released,Nos.,Length,Expenditure,1000+,999-500,499-250 (Eligible),Nos.,Length,Expenditure,Nos.,Length,Expenditure,Nos.,Length,Expenditure,1000+,999-500,499-250 (Eligible),Nos.,Length,Expenditure,LSB Nos.,Road Nos.,Road Length,Expenditure,Kullu,2000 - 2001,5,21.765,300.00,1,1,1,0,0,0.000,0.00,0,5,21.765,300.00,0.00,0,0.000,249.17,0,0,0,0,0,0.000,0.00,0,0.000,249.17,5,21.765,249.17,1,1,1,0,0,0.000,0.00,0,5,21.765,249.17,Total,226,"1,657.208","68,313.38",23,61,133,0,51,522.435,"33,449.15",7,277,"2,179.643","1,01,762.53",0.00,0,0.000,"14,417.74",0,0,0,0,0,0.000,"2,384.66",0,0.000,"16,802.40",82,570.405,"14,762.87",14,44,63,0,15,115.440,"2,384.66",0,97,685.845,"17,147.53",Grand Total,"2,828","14,912.843","5,22,499.08",197,816,"1,549",0,"1,049","10,064.773","6,11,256.74",126,"3,877","24,977.616","11,33,755.83",0.00,7,32.021,"1,56,370.80",0,0,3,0,0,0.000,"42,249.24",7,32.021,"1,98,649.45","1,613","7,343.664","1,58,387.30",179,696,"1,041",0,227,"2,403.111","42,429.07",0,"1,840","9,746.775","2,00,991.92","Page 1 of 1     Generated on : 12/03/2025 23:17 PM     2014 NRRDA, All rights reserved"
Pradhan Mantri Gram Sadak Yojana,Monthly Report Format for Physical & Financial Progress under PMGSY,State: Himachal Pradesh     District: All Districts     Block: All Blocks     Year: 2015     Month: January     Collaboration: All Collaborations     Agency:  Public Works Department   Scheme: All Scheme,Note : All Costs and Expenditures in Lakhs and Length in Kms.,Clearance,Progress During Month,Cumulative Progress,New Connectivity,Upgradation,Total,New Connectivity,Upgradation,Total,New Connectivity,Upgradation,Total,Sr.No.,Sanction Year,Nos.,Length,Cost,1000+,999-500,499-250 (Eligible),Nos.,Length,Cost,LSB Nos.,Road Nos.,Road Length,Cost,Funds Released,Nos.,Length,Expenditure,1000+,999-500,499-250 (Eligible),Nos.,Length,Expenditure,Nos.,Length,Expenditure,Nos.,Length,Expenditure,1000+,999-500,499-250 (Eligible),Nos.,Length,Expenditure,LSB Nos.,Road Nos.,Road Length,Expenditure,Kullu,2001 - 2002,10,54.750,741.24,2,4,11,0,0,0.000,0.00,0,10,54.750,741.24,0.00,0,0.000,563.86,0,0,0,0,0,0.000,0.00,0,0.000,563.86,10,54.750,563.86,2,4,11,0,0,0.000,0.00,0,10,54.750,563.86,Total,226,"1,657.208","68,313.38",23,61,133,0,51,522.435,"33,449.15",7,277,"2,179.643","1,01,762.53",0.00,0,0.000,"14,417.74",0,0,0,0,0,0.000,"2,384.66",0,0.000,"16,802.40",82,570.405,"14,762.87",14,44,63,0,15,115.440,"2,384.66",0,97,685.845,"17,147.53",Grand Total,"2,828","14,912.843","5,22,499.08",197,816,"1,549",0,"1,049","10,064.773","6,11,256.74",126,"3,877","24,977.616","11,33,755.83",0.00,7,32.021,"1,56,370.80",0,0,3,0,0,0.000,"42,249.24",7,32.021,"1,98,649.45","1,613","7,343.664","1,58,387.30",179,696,"1,041",0,227,"2,403.111","42,429.07",0,"1,840","9,746.775","2,00,991.92","Page 1 of 1     Generated on : 12/03/2025 23:17 PM     2014 NRRDA, All rights reserved"
Pradhan Mantri Gram Sadak Yojana,Monthly Report Format for Physical & Financial Progress under PMGSY,State: Himachal Pradesh     District: All Districts     Block: All Blocks     Year: 2015     Month: January     Collaboration: All Collaborations     Agency:  Public Works Department   Scheme: All Scheme,Note : All Costs and Expenditures in Lakhs and Length in Kms.,Clearance,Progress During Month,Cumulative Progress,New Connectivity,Upgradation,Total,New Connectivity,Upgradation,Total,New Connectivity,Upgradation,Total,Sr.No.,Sanction Year,Nos.,Length,Cost,1000+,999-500,499-250 (Eligible),Nos.,Length,Cost,LSB Nos.,Road Nos.,Road Length,Cost,Funds Released,Nos.,Length,Expenditure,1000+,999-500,499-250 (Eligible),Nos.,Length,Expenditure,Nos.,Length,Expenditure,Nos.,Length,Expenditure,1000+,999-500,499-250 (Eligible),Nos.,Length,Expenditure,LSB Nos.,Road Nos.,Road Length,Expenditure,Kullu,2003 - 2004,26,235.030,"3,608.04",5,15,25,0,0,0.000,0.00,0,26,235.030,"3,608.04",0.00,0,0.000,"3,257.88",0,0,0,0,0,0.000,0.00,0,0.000,"3,257.88",23,207.380,"3,257.88",5,14,19,0,0,0.000,0.00,0,23,207.380,"3,257.88",Total,226,"1,657.208","68,313.38",23,61,133,0,51,522.435,"33,449.15",7,277,"2,179.643","1,01,762.53",0.00,0,0.000,"14,417.74",0,0,0,0,0,0.000,"2,384.66",0,0.000,"16,802.40",82,570.405,"14,762.87",14,44,63,0,15,115.440,"2,384.66",0,97,685.845,"17,147.53",Grand Total,"2,828","14,912.843","5,22,499.08",197,816,"1,549",0,"1,049","10,064.773","6,11,256.74",126,"3,877","24,977.616","11,33,755.83",0.00,7,32.021,"1,56,370.80",0,0,3,0,0,0.000,"42,249.24",7,32.021,"1,98,649.45","1,613","7,343.664","1,58,387.30",179,696,"1,041",0,227,"2,403.111","42,429.07",0,"1,840","9,746.775","2,00,991.92","Page 1 of 1     Generated on : 12/03/2025 23:17 PM     2014 NRRDA, All rights reserved"
Pradhan Mantri Gram Sadak Yojana,Monthly Report Format for Physical & Financial Progress under PMGSY,State: Himachal Pradesh     District: All Districts     Block: All Blocks     Year: 2015     Month: January     Collaboration: All Collaborations     Agency:  Public Works Department   Scheme: All Scheme,Note : All Costs and Expenditures in Lakhs and Length in Kms.,Clearance,Progress During Month,Cumulative Progress,New Connectivity,Upgradation,Total,New Connectivity,Upgradation,Total,New Connectivity,Upgradation,Total,Sr.No.,Sanction Year,Nos.,Length,Cost,1000+,999-500,499-250 (Eligible),Nos.,Length,Cost,LSB Nos.,Road Nos.,Road Length,Cost,Funds Released,Nos.,Length,Expenditure,1000+,999-500,499-250 (Eligible),Nos.,Length,Expenditure,Nos.,Length,Expenditure,Nos.,Length,Expenditure,1000+,999-500,499-250 (Eligible),Nos.,Length,Expenditure,LSB Nos.,Road Nos.,Road Length,Expenditure,Kullu,2004 - 2005,2,15.020,410.57,0,0,4,0,0,0.000,0.00,0,2,15.020,410.57,0.00,0,0.000,353.55,0,0,0,0,0,0.000,0.00,0,0.000,353.55,2,14.630,353.55,0,0,4,0,0,0.000,0.00,0,2,14.630,353.55,Total,226,"1,657.208","68,313.38",23,61,133,0,51,522.435,"33,449.15",7,277,"2,179.643","1,01,762.53",0.00,0,0.000,"14,417.74",0,0,0,0,0,0.000,"2,384.66",0,0.000,"16,802.40",82,570.405,"14,762.87",14,44,63,0,15,115.440,"2,384.66",0,97,685.845,"17,147.53",Grand Total,"2,828","14,912.843","5,22,499.08",197,816,"1,549",0,"1,049","10,064.773","6,11,256.74",126,"3,877","24,977.616","11,33,755.83",0.00,7,32.021,"1,56,370.80",0,0,3,0,0,0.000,"42,249.24",7,32.021,"1,98,649.45","1,613","7,343.664","1,58,387.30",179,696,"1,041",0,227,"2,403.111","42,429.07",0,"1,840","9,746.775","2,00,991.92","Page 1 of 1     Generated on : 12/03/2025 23:17 PM     2014 NRRDA, All rights reserved"
Pradhan Mantri Gram Sadak Yojana,Monthly Report Format for Physical & Financial Progress under PMGSY,State: Himachal Pradesh     District: All Districts     Block: All Blocks     Year: 2015     Month: January     Collaboration: All Collaborations     Agency:  Public Works Department   Scheme: All Scheme,Note : All Costs and Expenditures in Lakhs and Length in Kms.,Clearance,Progress During Month,Cumulative Progress,New Connectivity,Upgradation,Total,New Connectivity,Upgradation,Total,New Connectivity,Upgradation,Total,Sr.No.,Sanction Year,Nos.,Length,Cost,1000+,999-500,499-250 (Eligible),Nos.,Length,Cost,LSB Nos.,Road Nos.,Road Length,Cost,Funds Released,Nos.,Length,Expenditure,1000+,999-500,499-250 (Eligible),Nos.,Length,Expenditure,Nos.,Length,Expenditure,Nos.,Length,Expenditure,1000+,999-500,499-250 (Eligible),Nos.,Length,Expenditure,LSB Nos.,Road Nos.,Road Length,Expenditure,Kullu,2005 - 2006,12,142.845,"3,510.97",5,3,14,0,0,0.000,0.00,0,12,142.845,"3,510.97",0.00,0,0.000,"2,602.05",0,0,0,0,0,0.000,0.00,0,0.000,"2,602.05",9,102.685,"2,613.08",4,3,5,0,0,0.000,0.00,0,9,102.685,"2,613.08",Total,226,"1,657.208","68,313.38",23,61,133,0,51,522.435,"33,449.15",7,277,"2,179.643","1,01,762.53",0.00,0,0.000,"14,417.74",0,0,0,0,0,0.000,"2,384.66",0,0.000,"16,802.40",82,570.405,"14,762.87",14,44,63,0,15,115.440,"2,384.66",0,97,685.845,"17,147.53",Grand Total,"2,828","14,912.843","5,22,499.08",197,816,"1,549",0,"1,049","10,064.773","6,11,256.74",126,"3,877","24,977.616","11,33,755.83",0.00,7,32.021,"1,56,370.80",0,0,3,0,0,0.000,"42,249.24",7,32.021,"1,98,649.45","1,613","7,343.664","1,58,387.30",179,696,"1,041",0,227,"2,403.111","42,429.07",0,"1,840","9,746.775","2,00,991.92","Page 1 of 1     Generated on : 12/03/2025 23:17 PM     2014 NRRDA, All rights reserved"
Pradhan Mantri Gram Sadak Yojana,Monthly Report Format for Physical & Financial Progress under PMGSY,State: Himachal Pradesh     District: All Districts     Block: All Blocks     Year: 2015     Month: January     Collaboration: All Collaborations     Agency:  Public Works Department   Scheme: All Scheme,Note : All Costs and Expenditures in Lakhs and Length in Kms.,Clearance,Progress During Month,Cumulative Progress,New Connectivity,Upgradation,Total,New Connectivity,Upgradation,Total,New Connectivity,Upgradation,Total,Sr.No.,Sanction Year,Nos.,Length,Cost,1000+,999-500,499-250 (Eligible),Nos.,Length,Cost,LSB Nos.,Road Nos.,Road Length,Cost,Funds Released,Nos.,Length,Expenditure,1000+,999-500,499-250 (Eligible),Nos.,Length,Expenditure,Nos.,Length,Expenditure,Nos.,Length,Expenditure,1000+,999-500,499-250 (Eligible),Nos.,Length,Expenditure,LSB Nos.,Road Nos.,Road Length,Expenditure,Kullu,2006 - 2007,31,189.195,"5,491.52",4,22,24,0,14,149.465,"2,753.96",0,45,338.660,"8,245.48",0.00,0,0.000,"4,309.46",0,0,0,0,0,0.000,"1,908.33",0,0.000,"6,217.79",23,116.160,"4,408.33",2,20,19,0,11,91.840,"1,908.33",0,34,208.000,"6,316.66",Total,226,"1,657.208","68,313.38",23,61,133,0,51,522.435,"33,449.15",7,277,"2,179.643","1,01,762.53",0.00,0,0.000,"14,417.74",0,0,0,0,0,0.000,"2,384.66",0,0.000,"16,802.40",82,570.405,"14,762.87",14,44,63,0,15,115.440,"2,384.66",0,97,685.845,"17,147.53",Grand Total,"2,828","14,912.843","5,22,499.08",197,816,"1,549",0,"1,049","10,064.773","6,11,256.74",126,"3,877","24,977.616","11,33,755.83",0.00,7,32.021,"1,56,370.80",0,0,3,0,0,0.000,"42,249.24",7,32.021,"1,98,649.45","1,613","7,343.664","1,58,387.30",179,696,"1,041",0,227,"2,403.111","42,429.07",0,"1,840","9,746.775","2,00,991.92","Page 1 of 1     Generated on : 12/03/2025 23:17 PM     2014 NRRDA, All rights reserved"
Pradhan Mantri Gram Sadak Yojana,Monthly Report Format for Physical & Financial Progress under PMGSY,State: Himachal Pradesh     District: All Districts     Block: All Blocks     Year: 2015     Month: January     Collaboration: All Collaborations     Agency:  Public Works Department   Scheme: All Scheme,Note : All Costs and Expenditures in Lakhs and Length in Kms.,Clearance,Progress During Month,Cumulative Progress,New Connectivity,Upgradation,Total,New Connectivity,Upgradation,Total,New Connectivity,Upgradation,Total,Sr.No.,Sanction Year,Nos.,Length,Cost,1000+,999-500,499-250 (Eligible),Nos.,Length,Cost,LSB Nos.,Road Nos.,Road Length,Cost,Funds Released,Nos.,Length,Expenditure,1000+,999-500,499-250 (Eligible),Nos.,Length,Expenditure,Nos.,Length,Expenditure,Nos.,Length,Expenditure,1000+,999-500,499-250 (Eligible),Nos.,Length,Expenditure,LSB Nos.,Road Nos.,Road Length,Expenditure,Kullu,2007 - 2008,6,48.665,"1,435.19",0,4,5,0,5,43.600,969.16,0,11,92.265,"2,404.35",0.00,0,0.000,"1,107.17",0,0,0,0,0,0.000,476.33,0,0.000,"1,583.50",4,25.090,"1,107.17",0,2,3,0,4,23.600,476.33,0,8,48.690,"1,583.50",Total,226,"1,657.208","68,313.38",23,61,133,0,51,522.435,"33,449.15",7,277,"2,179.643","1,01,762.53",0.00,0,0.000,"14,417.74",0,0,0,0,0,0.000,"2,384.66",0,0.000,"16,802.40",82,570.405,"14,762.87",14,44,63,0,15,115.440,"2,384.66",0,97,685.845,"17,147.53",Grand Total,"2,828","14,912.843","5,22,499.08",197,816,"1,549",0,"1,049","10,064.773","6,11,256.74",126,"3,877","24,977.616","11,33,755.83",0.00,7,32.021,"1,56,370.80",0,0,3,0,0,0.000,"42,249.24",7,32.021,"1,98,649.45","1,613","7,343.664","1,58,387.30",179,696,"1,041",0,227,"2,403.111","42,429.07",0,"1,840","9,746.775","2,00,991.92","Page 1 of 1     Generated on : 12/03/2025 23:17 PM     2014 NRRDA, All rights reserved"
Pradhan Mantri Gram Sadak Yojana,Monthly Report Format for Physical & Financial Progress under PMGSY,State: Himachal Pradesh     District: All Districts     Block: All Blocks     Year: 2015     Month: January     Collaboration: All Collaborations     Agency:  Public Works Department   Scheme: All Scheme,Note : All Costs and Expenditures in Lakhs and Length in Kms.,Clearance,Progress During Month,Cumulative Progress,New Connectivity,Upgradation,Total,New Connectivity,Upgradation,Total,New Connectivity,Upgradation,Total,Sr.No.,Sanction Year,Nos.,Length,Cost,1000+,999-500,499-250 (Eligible),Nos.,Length,Cost,LSB Nos.,Road Nos.,Road Length,Cost,Funds Released,Nos.,Length,Expenditure,1000+,999-500,499-250 (Eligible),Nos.,Length,Expenditure,Nos.,Length,Expenditure,Nos.,Length,Expenditure,1000+,999-500,499-250 (Eligible),Nos.,Length,Expenditure,LSB Nos.,Road Nos.,Road Length,Expenditure,Kullu,2008 - 2009,2,7.500,443.60,1,0,0,0,0,0.000,0.00,0,2,7.500,443.60,0.00,0,0.000,197.32,0,0,0,0,0,0.000,0.00,0,0.000,197.32,1,4.500,197.32,0,0,0,0,0,0.000,0.00,0,1,4.500,197.32,Total,226,"1,657.208","68,313.38",23,61,133,0,51,522.435,"33,449.15",7,277,"2,179.643","1,01,762.53",0.00,0,0.000,"14,417.74",0,0,0,0,0,0.000,"2,384.66",0,0.000,"16,802.40",82,570.405,"14,762.87",14,44,63,0,15,115.440,"2,384.66",0,97,685.845,"17,147.53",Grand Total,"2,828","14,912.843","5,22,499.08",197,816,"1,549",0,"1,049","10,064.773","6,11,256.74",126,"3,877","24,977.616","11,33,755.83",0.00,7,32.021,"1,56,370.80",0,0,3,0,0,0.000,"42,249.24",7,32.021,"1,98,649.45","1,613","7,343.664","1,58,387.30",179,696,"1,041",0,227,"2,403.111","42,429.07",0,"1,840","9,746.775","2,00,991.92","Page 1 of 1     Generated on : 12/03/2025 23:17 PM     2014 NRRDA, All rights reserved"
Pradhan Mantri Gram Sadak Yojana,Monthly Report Format for Physical & Financial Progress under PMGSY,State: Himachal Pradesh     District: All Districts     Block: All Blocks     Year: 2015     Month: January     Collaboration: All Collaborations     Agency:  Public Works Department   Scheme: All Scheme,Note : All Costs and Expenditures in Lakhs and Length in Kms.,Clearance,Progress During Month,Cumulative Progress,New Connectivity,Upgradation,Total,New Connectivity,Upgradation,Total,New Connectivity,Upgradation,Total,Sr.No.,Sanction Year,Nos.,Length,Cost,1000+,999-500,499-250 (Eligible),Nos.,Length,Cost,LSB Nos.,Road Nos.,Road Length,Cost,Funds Released,Nos.,Length,Expenditure,1000+,999-500,499-250 (Eligible),Nos.,Length,Expenditure,Nos.,Length,Expenditure,Nos.,Length,Expenditure,1000+,999-500,499-250 (Eligible),Nos.,Length,Expenditure,LSB Nos.,Road Nos.,Road Length,Expenditure,Kullu,2009 - 2010,1,3.070,159.43,0,0,1,0,0,0.000,0.00,0,1,3.070,159.43,0.00,0,0.000,63.69,0,0,0,0,0,0.000,0.00,0,0.000,63.69,0,0.000,77.37,0,0,0,0,0,0.000,0.00,0,0,0.000,77.37,Total,226,"1,657.208","68,313.38",23,61,133,0,51,522.435,"33,449.15",7,277,"2,179.643","1,01,762.53",0.00,0,0.000,"14,417.74",0,0,0,0,0,0.000,"2,384.66",0,0.000,"16,802.40",82,570.405,"14,762.87",14,44,63,0,15,115.440,"2,384.66",0,97,685.845,"17,147.53",Grand Total,"2,828","14,912.843","5,22,499.08",197,816,"1,549",0,"1,049","10,064.773","6,11,256.74",126,"3,877","24,977.616","11,33,755.83",0.00,7,32.021,"1,56,370.80",0,0,3,0,0,0.000,"42,249.24",7,32.021,"1,98,649.45","1,613","7,343.664","1,58,387.30",179,696,"1,041",0,227,"2,403.111","42,429.07",0,"1,840","9,746.775","2,00,991.92","Page 1 of 1     Generated on : 12/03/2025 23:17 PM     2014 NRRDA, All rights reserved"
Pradhan Mantri Gram Sadak Yojana,Monthly Report Format for Physical & Financial Progress under PMGSY,State: Himachal Pradesh     District: All Districts     Block: All Blocks     Year: 2015     Month: January     Collaboration: All Collaborations     Agency:  Public Works Department   Scheme: All Scheme,Note : All Costs and Expenditures in Lakhs and Length in Kms.,Clearance,Progress During Month,Cumulative Progress,New Connectivity,Upgradation,Total,New Connectivity,Upgradation,Total,New Connectivity,Upgradation,Total,Sr.No.,Sanction Year,Nos.,Length,Cost,1000+,999-500,499-250 (Eligible),Nos.,Length,Cost,LSB Nos.,Road Nos.,Road Length,Cost,Funds Released,Nos.,Length,Expenditure,1000+,999-500,499-250 (Eligible),Nos.,Length,Expenditure,Nos.,Length,Expenditure,Nos.,Length,Expenditure,1000+,999-500,499-250 (Eligible),Nos.,Length,Expenditure,LSB Nos.,Road Nos.,Road Length,Expenditure,Kullu,2011 - 2012,22,174.402,"5,485.94",0,0,1,0,0,0.000,0.00,0,22,174.402,"5,485.94",0.00,0,0.000,"1,328.01",0,0,0,0,0,0.000,0.00,0,0.000,"1,328.01",5,23.445,"1,435.78",0,0,1,0,0,0.000,0.00,0,5,23.445,"1,435.78",Total,226,"1,657.208","68,313.38",23,61,133,0,51,522.435,"33,449.15",7,277,"2,179.643","1,01,762.53",0.00,0,0.000,"14,417.74",0,0,0,0,0,0.000,"2,384.66",0,0.000,"16,802.40",82,570.405,"14,762.87",14,44,63,0,15,115.440,"2,384.66",0,97,685.845,"17,147.53",Grand Total,"2,828","14,912.843","5,22,499.08",197,816,"1,549",0,"1,049","10,064.773","6,11,256.74",126,"3,877","24,977.616","11,33,755.83",0.00,7,32.021,"1,56,370.80",0,0,3,0,0,0.000,"42,249.24",7,32.021,"1,98,649.45","1,613","7,343.664","1,58,387.30",179,696,"1,041",0,227,"2,403.111","42,429.07",0,"1,840","9,746.775","2,00,991.92","Page 1 of 1     Generated on : 12/03/2025 23:17 PM     2014 NRRDA, All rights reserved"
Pradhan Mantri Gram Sadak Yojana,Monthly Report Format for Physical & Financial Progress under PMGSY,State: Himachal Pradesh     District: All Districts     Block: All Blocks     Year: 2015     Month: January     Collaboration: All Collaborations     Agency:  Public Works Department   Scheme: All Scheme,Note : All Costs and Expenditures in Lakhs and Length in Kms.,Clearance,Progress During Month,Cumulative Progress,New Connectivity,Upgradation,Total,New Connectivity,Upgradation,Total,New Connectivity,Upgradation,Total,Sr.No.,Sanction Year,Nos.,Length,Cost,1000+,999-500,499-250 (Eligible),Nos.,Length,Cost,LSB Nos.,Road Nos.,Road Length,Cost,Funds Released,Nos.,Length,Expenditure,1000+,999-500,499-250 (Eligible),Nos.,Length,Expenditure,Nos.,Length,Expenditure,Nos.,Length,Expenditure,1000+,999-500,499-250 (Eligible),Nos.,Length,Expenditure,LSB Nos.,Road Nos.,Road Length,Expenditure,Kullu,2013 - 2014,7,47.800,"2,404.75",1,0,2,0,0,0.000,0.00,1,7,47.800,"2,404.75",0.00,0,0.000,311.49,0,0,0,0,0,0.000,0.00,0,0.000,311.49,0,0.000,340.99,0,0,0,0,0,0.000,0.00,0,0,0.000,340.99,Total,226,"1,657.208","68,313.38",23,61,133,0,51,522.435,"33,449.15",7,277,"2,179.643","1,01,762.53",0.00,0,0.000,"14,417.74",0,0,0,0,0,0.000,"2,384.66",0,0.000,"16,802.40",82,570.405,"14,762.87",14,44,63,0,15,115.440,"2,384.66",0,97,685.845,"17,147.53",Grand Total,"2,828","14,912.843","5,22,499.08",197,816,"1,549",0,"1,049","10,064.773","6,11,256.74",126,"3,877","24,977.616","11,33,755.83",0.00,7,32.021,"1,56,370.80",0,0,3,0,0,0.000,"42,249.24",7,32.021,"1,98,649.45","1,613","7,343.664","1,58,387.30",179,696,"1,041",0,227,"2,403.111","42,429.07",0,"1,840","9,746.775","2,00,991.92","Page 1 of 1     Generated on : 12/03/2025 23:17 PM     2014 NRRDA, All rights reserved"
Pradhan Mantri Gram Sadak Yojana,Monthly Report Format for Physical & Financial Progress under PMGSY,State: Himachal Pradesh     District: All Districts     Block: All Blocks     Year: 2015     Month: January     Collaboration: All Collaborations     Agency:  Public Works Department   Scheme: All Scheme,Note : All Costs and Expenditures in Lakhs and Length in Kms.,Clearance,Progress During Month,Cumulative Progress,New Connectivity,Upgradation,Total,New Connectivity,Upgradation,Total,New Connectivity,Upgradation,Total,Sr.No.,Sanction Year,Nos.,Length,Cost,1000+,999-500,499-250 (Eligible),Nos.,Length,Cost,LSB Nos.,Road Nos.,Road Length,Cost,Funds Released,Nos.,Length,Expenditure,1000+,999-500,499-250 (Eligible),Nos.,Length,Expenditure,Nos.,Length,Expenditure,Nos.,Length,Expenditure,1000+,999-500,499-250 (Eligible),Nos.,Length,Expenditure,LSB Nos.,Road Nos.,Road Length,Expenditure,Kullu,2014 - 2015,9,49.475,"2,938.88",0,1,8,0,0,0.000,0.00,2,9,49.475,"2,938.88",0.00,0,0.000,74.09,0,0,0,0,0,0.000,0.00,0,0.000,74.09,0,0.000,158.37,0,0,0,0,0,0.000,0.00,0,0,0.000,158.37,Total,226,"1,657.208","68,313.38",23,61,133,0,51,522.435,"33,449.15",7,277,"2,179.643","1,01,762.53",0.00,0,0.000,"14,417.74",0,0,0,0,0,0.000,"2,384.66",0,0.000,"16,802.40",82,570.405,"14,762.87",14,44,63,0,15,115.440,"2,384.66",0,97,685.845,"17,147.53",Grand Total,"2,828","14,912.843","5,22,499.08",197,816,"1,549",0,"1,049","10,064.773","6,11,256.74",126,"3,877","24,977.616","11,33,755.83",0.00,7,32.021,"1,56,370.80",0,0,3,0,0,0.000,"42,249.24",7,32.021,"1,98,649.45","1,613","7,343.664","1,58,387.30",179,696,"1,041",0,227,"2,403.111","42,429.07",0,"1,840","9,746.775","2,00,991.92","Page 1 of 1     Generated on : 12/03/2025 23:17 PM     2014 NRRDA, All rights reserved"
Pradhan Mantri Gram Sadak Yojana,Monthly Report Format for Physical & Financial Progress under PMGSY,State: Himachal Pradesh     District: All Districts     Block: All Blocks     Year: 2015     Month: January     Collaboration: All Collaborations     Agency:  Public Works Department   Scheme: All Scheme,Note : All Costs and Expenditures in Lakhs and Length in Kms.,Clearance,Progress During Month,Cumulative Progress,New Connectivity,Upgradation,Total,New Connectivity,Upgradation,Total,New Connectivity,Upgradation,Total,Sr.No.,Sanction Year,Nos.,Length,Cost,1000+,999-500,499-250 (Eligible),Nos.,Length,Cost,LSB Nos.,Road Nos.,Road Length,Cost,Funds Released,Nos.,Length,Expenditure,1000+,999-500,499-250 (Eligible),Nos.,Length,Expenditure,Nos.,Length,Expenditure,Nos.,Length,Expenditure,1000+,999-500,499-250 (Eligible),Nos.,Length,Expenditure,LSB Nos.,Road Nos.,Road Length,Expenditure,Kullu,2016 - 2017,57,388.846,"23,474.49",1,5,16,0,0,0.000,0.00,2,57,388.846,"23,474.49",0.00,0,0.000,0.00,0,0,0,0,0,0.000,0.00,0,0.000,0.00,0,0.000,,0,0,0,0,0,0.000,0.00,0,0,0.000,0.00,Total,226,"1,657.208","68,313.38",23,61,133,0,51,522.435,"33,449.15",7,277,"2,179.643","1,01,762.53",0.00,0,0.000,"14,417.74",0,0,0,0,0,0.000,"2,384.66",0,0.000,"16,802.40",82,570.405,"14,762.87",14,44,63,0,15,115.440,"2,384.66",0,97,685.845,"17,147.53",Grand Total,"2,828","14,912.843","5,22,499.08",197,816,"1,549",0,"1,049","10,064.773","6,11,256.74",126,"3,877","24,977.616","11,33,755.83",0.00,7,32.021,"1,56,370.80",0,0,3,0,0,0.000,"42,249.24",7,32.021,"1,98,649.45","1,613","7,343.664","1,58,387.30",179,696,"1,041",0,227,"2,403.111","42,429.07",0,"1,840","9,746.775","2,00,991.92","Page 1 of 1     Generated on : 12/03/2025 23:17 PM     2014 NRRDA, All rights reserved"
Pradhan Mantri Gram Sadak Yojana,Monthly Report Format for Physical & Financial Progress under PMGSY,State: Himachal Pradesh     District: All Districts     Block: All Blocks     Year: 2015     Month: January     Collaboration: All Collaborations     Agency:  Public Works Department   Scheme: All Scheme,Note : All Costs and Expenditures in Lakhs and Length in Kms.,Clearance,Progress During Month,Cumulative Progress,New Connectivity,Upgradation,Total,New Connectivity,Upgradation,Total,New Connectivity,Upgradation,Total,Sr.No.,Sanction Year,Nos.,Length,Cost,1000+,999-500,499-250 (Eligible),Nos.,Length,Cost,LSB Nos.,Road Nos.,Road Length,Cost,Funds Released,Nos.,Length,Expenditure,1000+,999-500,499-250 (Eligible),Nos.,Length,Expenditure,Nos.,Length,Expenditure,Nos.,Length,Expenditure,1000+,999-500,499-250 (Eligible),Nos.,Length,Expenditure,LSB Nos.,Road Nos.,Road Length,Expenditure,Kullu,2017 - 2018,29,220.110,"13,884.70",2,5,18,0,0,0.000,0.00,0,29,220.110,"13,884.70",0.00,0,0.000,0.00,0,0,0,0,0,0.000,0.00,0,0.000,0.00,0,0.000,,0,0,0,0,0,0.000,0.00,0,0,0.000,0.00,Total,226,"1,657.208","68,313.38",23,61,133,0,51,522.435,"33,449.15",7,277,"2,179.643","1,01,762.53",0.00,0,0.000,"14,417.74",0,0,0,0,0,0.000,"2,384.66",0,0.000,"16,802.40",82,570.405,"14,762.87",14,44,63,0,15,115.440,"2,384.66",0,97,685.845,"17,147.53",Grand Total,"2,828","14,912.843","5,22,499.08",197,816,"1,549",0,"1,049","10,064.773","6,11,256.74",126,"3,877","24,977.616","11,33,755.83",0.00,7,32.021,"1,56,370.80",0,0,3,0,0,0.000,"42,249.24",7,32.021,"1,98,649.45","1,613","7,343.664","1,58,387.30",179,696,"1,041",0,227,"2,403.111","42,429.07",0,"1,840","9,746.775","2,00,991.92","Page 1 of 1     Generated on : 12/03/2025 23:17 PM     2014 NRRDA, All rights reserved"
Pradhan Mantri Gram Sadak Yojana,Monthly Report Format for Physical & Financial Progress under PMGSY,State: Himachal Pradesh     District: All Districts     Block: All Blocks     Year: 2015     Month: January     Collaboration: All Collaborations     Agency:  Public Works Department   Scheme: All Scheme,Note : All Costs and Expenditures in Lakhs and Length in Kms.,Clearance,Progress During Month,Cumulative Progress,New Connectivity,Upgradation,Total,New Connectivity,Upgradation,Total,New Connectivity,Upgradation,Total,Sr.No.,Sanction Year,Nos.,Length,Cost,1000+,999-500,499-250 (Eligible),Nos.,Length,Cost,LSB Nos.,Road Nos.,Road Length,Cost,Funds Released,Nos.,Length,Expenditure,1000+,999-500,499-250 (Eligible),Nos.,Length,Expenditure,Nos.,Length,Expenditure,Nos.,Length,Expenditure,1000+,999-500,499-250 (Eligible),Nos.,Length,Expenditure,LSB Nos.,Road Nos.,Road Length,Expenditure,Kullu,2018 - 2019,7,58.735,"4,024.06",1,1,3,0,5,21.090,"1,366.29",1,12,79.825,"5,390.35",0.00,0,0.000,0.00,0,0,0,0,0,0.000,0.00,0,0.000,0.00,0,0.000,,0,0,0,0,0,0.000,0.00,0,0,0.000,0.00,Total,226,"1,657.208","68,313.38",23,61,133,0,51,522.435,"33,449.15",7,277,"2,179.643","1,01,762.53",0.00,0,0.000,"14,417.74",0,0,0,0,0,0.000,"2,384.66",0,0.000,"16,802.40",82,570.405,"14,762.87",14,44,63,0,15,115.440,"2,384.66",0,97,685.845,"17,147.53",Grand Total,"2,828","14,912.843","5,22,499.08",197,816,"1,549",0,"1,049","10,064.773","6,11,256.74",126,"3,877","24,977.616","11,33,755.83",0.00,7,32.021,"1,56,370.80",0,0,3,0,0,0.000,"42,249.24",7,32.021,"1,98,649.45","1,613","7,343.664","1,58,387.30",179,696,"1,041",0,227,"2,403.111","42,429.07",0,"1,840","9,746.775","2,00,991.92","Page 1 of 1     Generated on : 12/03/2025 23:17 PM     2014 NRRDA, All rights reserved"
Pradhan Mantri Gram Sadak Yojana,Monthly Report Format for Physical & Financial Progress under PMGSY,State: Himachal Pradesh     District: All Districts     Block: All Blocks     Year: 2015     Month: January     Collaboration: All Collaborations     Agency:  Public Works Department   Scheme: All Scheme,Note : All Costs and Expenditures in Lakhs and Length in Kms.,Clearance,Progress During Month,Cumulative Progress,New Connectivity,Upgradation,Total,New Connectivity,Upgradation,Total,New Connectivity,Upgradation,Total,Sr.No.,Sanction Year,Nos.,Length,Cost,1000+,999-500,499-250 (Eligible),Nos.,Length,Cost,LSB Nos.,Road Nos.,Road Length,Cost,Funds Released,Nos.,Length,Expenditure,1000+,999-500,499-250 (Eligible),Nos.,Length,Expenditure,Nos.,Length,Expenditure,Nos.,Length,Expenditure,1000+,999-500,499-250 (Eligible),Nos.,Length,Expenditure,LSB Nos.,Road Nos.,Road Length,Expenditure,Kullu,2019 - 2020,0,0.000,0.00,0,0,0,0,6,101.840,"8,287.83",0,6,101.840,"8,287.83",0.00,0,0.000,0.00,0,0,0,0,0,0.000,0.00,0,0.000,0.00,0,0.000,,0,0,0,0,0,0.000,0.00,0,0,0.000,0.00,Total,226,"1,657.208","68,313.38",23,61,133,0,51,522.435,"33,449.15",7,277,"2,179.643","1,01,762.53",0.00,0,0.000,"14,417.74",0,0,0,0,0,0.000,"2,384.66",0,0.000,"16,802.40",82,570.405,"14,762.87",14,44,63,0,15,115.440,"2,384.66",0,97,685.845,"17,147.53",Grand Total,"2,828","14,912.843","5,22,499.08",197,816,"1,549",0,"1,049","10,064.773","6,11,256.74",126,"3,877","24,977.616","11,33,755.83",0.00,7,32.021,"1,56,370.80",0,0,3,0,0,0.000,"42,249.24",7,32.021,"1,98,649.45","1,613","7,343.664","1,58,387.30",179,696,"1,041",0,227,"2,403.111","42,429.07",0,"1,840","9,746.775","2,00,991.92","Page 1 of 1     Generated on : 12/03/2025 23:17 PM     2014 NRRDA, All rights reserved"
Pradhan Mantri Gram Sadak Yojana,Monthly Report Format for Physical & Financial Progress under PMGSY,State: Himachal Pradesh     District: All Districts     Block: All Blocks     Year: 2015     Month: January     Collaboration: All Collaborations     Agency:  Public Works Department   Scheme: All Scheme,Note : All Costs and Expenditures in Lakhs and Length in Kms.,Clearance,Progress During Month,Cumulative Progress,New Connectivity,Upgradation,Total,New Connectivity,Upgradation,Total,New Connectivity,Upgradation,Total,Sr.No.,Sanction Year,Nos.,Length,Cost,1000+,999-500,499-250 (Eligible),Nos.,Length,Cost,LSB Nos.,Road Nos.,Road Length,Cost,Funds Released,Nos.,Length,Expenditure,1000+,999-500,499-250 (Eligible),Nos.,Length,Expenditure,Nos.,Length,Expenditure,Nos.,Length,Expenditure,1000+,999-500,499-250 (Eligible),Nos.,Length,Expenditure,LSB Nos.,Road Nos.,Road Length,Expenditure,Kullu,2022 - 2023,0,0.000,0.00,0,0,0,0,11,103.150,"9,602.73",0,11,103.150,"9,602.73",0.00,0,0.000,0.00,0,0,0,0,0,0.000,0.00,0,0.000,0.00,0,0.000,,0,0,0,0,0,0.000,0.00,0,0,0.000,0.00,Total,226,"1,657.208","68,313.38",23,61,133,0,51,522.435,"33,449.15",7,277,"2,179.643","1,01,762.53",0.00,0,0.000,"14,417.74",0,0,0,0,0,0.000,"2,384.66",0,0.000,"16,802.40",82,570.405,"14,762.87",14,44,63,0,15,115.440,"2,384.66",0,97,685.845,"17,147.53",Grand Total,"2,828","14,912.843","5,22,499.08",197,816,"1,549",0,"1,049","10,064.773","6,11,256.74",126,"3,877","24,977.616","11,33,755.83",0.00,7,32.021,"1,56,370.80",0,0,3,0,0,0.000,"42,249.24",7,32.021,"1,98,649.45","1,613","7,343.664","1,58,387.30",179,696,"1,041",0,227,"2,403.111","42,429.07",0,"1,840","9,746.775","2,00,991.92","Page 1 of 1     Generated on : 12/03/2025 23:17 PM     2014 NRRDA, All rights reserved"
Pradhan Mantri Gram Sadak Yojana,Monthly Report Format for Physical & Financial Progress under PMGSY,State: Himachal Pradesh     District: All Districts     Block: All Blocks     Year: 2015     Month: January     Collaboration: All Collaborations     Agency:  Public Works Department   Scheme: All Scheme,Note : All Costs and Expenditures in Lakhs and Length in Kms.,Clearance,Progress During Month,Cumulative Progress,New Connectivity,Upgradation,Total,New Connectivity,Upgradation,Total,New Connectivity,Upgradation,Total,Sr.No.,Sanction Year,Nos.,Length,Cost,1000+,999-500,499-250 (Eligible),Nos.,Length,Cost,LSB Nos.,Road Nos.,Road Length,Cost,Funds Released,Nos.,Length,Expenditure,1000+,999-500,499-250 (Eligible),Nos.,Length,Expenditure,Nos.,Length,Expenditure,Nos.,Length,Expenditure,1000+,999-500,499-250 (Eligible),Nos.,Length,Expenditure,LSB Nos.,Road Nos.,Road Length,Expenditure,Kullu,2023 - 2024,0,0.000,0.00,0,0,0,0,10,103.290,"10,469.18",1,10,103.290,"10,469.18",0.00,0,0.000,0.00,0,0,0,0,0,0.000,0.00,0,0.000,0.00,0,0.000,,0,0,0,0,0,0.000,0.00,0,0,0.000,0.00,Total,226,"1,657.208","68,313.38",23,61,133,0,51,522.435,"33,449.15",7,277,"2,179.643","1,01,762.53",0.00,0,0.000,"14,417.74",0,0,0,0,0,0.000,"2,384.66",0,0.000,"16,802.40",82,570.405,"14,762.87",14,44,63,0,15,115.440,"2,384.66",0,97,685.845,"17,147.53",Grand Total,"2,828","14,912.843","5,22,499.08",197,816,"1,549",0,"1,049","10,064.773","6,11,256.74",126,"3,877","24,977.616","11,33,755.83",0.00,7,32.021,"1,56,370.80",0,0,3,0,0,0.000,"42,249.24",7,32.021,"1,98,649.45","1,613","7,343.664","1,58,387.30",179,696,"1,041",0,227,"2,403.111","42,429.07",0,"1,840","9,746.775","2,00,991.92","Page 1 of 1     Generated on : 12/03/2025 23:17 PM     2014 NRRDA, All rights reserved"
Pradhan Mantri Gram Sadak Yojana,Monthly Report Format for Physical & Financial Progress under PMGSY,State: Himachal Pradesh     District: All Districts     Block: All Blocks     Year: 2015     Month: January     Collaboration: All Collaborations     Agency:  Public Works Department   Scheme: All Scheme,Note : All Costs and Expenditures in Lakhs and Length in Kms.,Clearance,Progress During Month,Cumulative Progress,New Connectivity,Upgradation,Total,New Connectivity,Upgradation,Total,New Connectivity,Upgradation,Total,Sr.No.,Sanction Year,Nos.,Length,Cost,1000+,999-500,499-250 (Eligible),Nos.,Length,Cost,LSB Nos.,Road Nos.,Road Length,Cost,Funds Released,Nos.,Length,Expenditure,1000+,999-500,499-250 (Eligible),Nos.,Length,Expenditure,Nos.,Length,Expenditure,Nos.,Length,Expenditure,1000+,999-500,499-250 (Eligible),Nos.,Length,Expenditure,LSB Nos.,Road Nos.,Road Length,Expenditure,Lahul And Spiti,2000 - 2001,3,10.300,130.00,0,0,3,0,0,0.000,0.00,0,3,10.300,130.00,0.00,0,0.000,130.00,0,0,0,0,0,0.000,0.00,0,0.000,130.00,3,10.300,130.00,0,0,3,0,0,0.000,0.00,0,3,10.300,130.00,Total,19,174.150,"2,620.08",0,1,11,0,20,258.463,"16,621.89",0,39,432.613,"19,241.97",0.00,0,0.000,"1,086.19",0,0,0,0,0,0.000,"1,419.53",0,0.000,"2,505.72",13,109.245,"1,086.19",0,1,10,0,8,113.280,"1,419.53",0,21,222.525,"2,505.72",Grand Total,"2,828","14,912.843","5,22,499.08",197,816,"1,549",0,"1,049","10,064.773","6,11,256.74",126,"3,877","24,977.616","11,33,755.83",0.00,7,32.021,"1,56,370.80",0,0,3,0,0,0.000,"42,249.24",7,32.021,"1,98,649.45","1,613","7,343.664","1,58,387.30",179,696,"1,041",0,227,"2,403.111","42,429.07",0,"1,840","9,746.775","2,00,991.92","Page 1 of 1     Generated on : 12/03/2025 23:17 PM     2014 NRRDA, All rights reserved"
Pradhan Mantri Gram Sadak Yojana,Monthly Report Format for Physical & Financial Progress under PMGSY,State: Himachal Pradesh     District: All Districts     Block: All Blocks     Year: 2015     Month: January     Collaboration: All Collaborations     Agency:  Public Works Department   Scheme: All Scheme,Note : All Costs and Expenditures in Lakhs and Length in Kms.,Clearance,Progress During Month,Cumulative Progress,New Connectivity,Upgradation,Total,New Connectivity,Upgradation,Total,New Connectivity,Upgradation,Total,Sr.No.,Sanction Year,Nos.,Length,Cost,1000+,999-500,499-250 (Eligible),Nos.,Length,Cost,LSB Nos.,Road Nos.,Road Length,Cost,Funds Released,Nos.,Length,Expenditure,1000+,999-500,499-250 (Eligible),Nos.,Length,Expenditure,Nos.,Length,Expenditure,Nos.,Length,Expenditure,1000+,999-500,499-250 (Eligible),Nos.,Length,Expenditure,LSB Nos.,Road Nos.,Road Length,Expenditure,Lahul And Spiti,2001 - 2002,2,13.000,230.73,0,1,1,0,0,0.000,0.00,0,2,13.000,230.73,0.00,0,0.000,224.51,0,0,0,0,0,0.000,0.00,0,0.000,224.51,2,13.000,224.51,0,1,1,0,0,0.000,0.00,0,2,13.000,224.51,Total,19,174.150,"2,620.08",0,1,11,0,20,258.463,"16,621.89",0,39,432.613,"19,241.97",0.00,0,0.000,"1,086.19",0,0,0,0,0,0.000,"1,419.53",0,0.000,"2,505.72",13,109.245,"1,086.19",0,1,10,0,8,113.280,"1,419.53",0,21,222.525,"2,505.72",Grand Total,"2,828","14,912.843","5,22,499.08",197,816,"1,549",0,"1,049","10,064.773","6,11,256.74",126,"3,877","24,977.616","11,33,755.83",0.00,7,32.021,"1,56,370.80",0,0,3,0,0,0.000,"42,249.24",7,32.021,"1,98,649.45","1,613","7,343.664","1,58,387.30",179,696,"1,041",0,227,"2,403.111","42,429.07",0,"1,840","9,746.775","2,00,991.92","Page 1 of 1     Generated on : 12/03/2025 23:17 PM     2014 NRRDA, All rights reserved"
Pradhan Mantri Gram Sadak Yojana,Monthly Report Format for Physical & Financial Progress under PMGSY,State: Himachal Pradesh     District: All Districts     Block: All Blocks     Year: 2015     Month: January     Collaboration: All Collaborations     Agency:  Public Works Department   Scheme: All Scheme,Note : All Costs and Expenditures in Lakhs and Length in Kms.,Clearance,Progress During Month,Cumulative Progress,New Connectivity,Upgradation,Total,New Connectivity,Upgradation,Total,New Connectivity,Upgradation,Total,Sr.No.,Sanction Year,Nos.,Length,Cost,1000+,999-500,499-250 (Eligible),Nos.,Length,Cost,LSB Nos.,Road Nos.,Road Length,Cost,Funds Released,Nos.,Length,Expenditure,1000+,999-500,499-250 (Eligible),Nos.,Length,Expenditure,Nos.,Length,Expenditure,Nos.,Length,Expenditure,1000+,999-500,499-250 (Eligible),Nos.,Length,Expenditure,LSB Nos.,Road Nos.,Road Length,Expenditure,Lahul And Spiti,2003 - 2004,6,62.725,345.64,0,0,5,0,0,0.000,0.00,0,6,62.725,345.64,0.00,0,0.000,277.29,0,0,0,0,0,0.000,0.00,0,0.000,277.29,6,62.725,277.29,0,0,5,0,0,0.000,0.00,0,6,62.725,277.29,Total,19,174.150,"2,620.08",0,1,11,0,20,258.463,"16,621.89",0,39,432.613,"19,241.97",0.00,0,0.000,"1,086.19",0,0,0,0,0,0.000,"1,419.53",0,0.000,"2,505.72",13,109.245,"1,086.19",0,1,10,0,8,113.280,"1,419.53",0,21,222.525,"2,505.72",Grand Total,"2,828","14,912.843","5,22,499.08",197,816,"1,549",0,"1,049","10,064.773","6,11,256.74",126,"3,877","24,977.616","11,33,755.83",0.00,7,32.021,"1,56,370.80",0,0,3,0,0,0.000,"42,249.24",7,32.021,"1,98,649.45","1,613","7,343.664","1,58,387.30",179,696,"1,041",0,227,"2,403.111","42,429.07",0,"1,840","9,746.775","2,00,991.92","Page 1 of 1     Generated on : 12/03/2025 23:17 PM     2014 NRRDA, All rights reserved"
Pradhan Mantri Gram Sadak Yojana,Monthly Report Format for Physical & Financial Progress under PMGSY,State: Himachal Pradesh     District: All Districts     Block: All Blocks     Year: 2015     Month: January     Collaboration: All Collaborations     Agency:  Public Works Department   Scheme: All Scheme,Note : All Costs and Expenditures in Lakhs and Length in Kms.,Clearance,Progress During Month,Cumulative Progress,New Connectivity,Upgradation,Total,New Connectivity,Upgradation,Total,New Connectivity,Upgradation,Total,Sr.No.,Sanction Year,Nos.,Length,Cost,1000+,999-500,499-250 (Eligible),Nos.,Length,Cost,LSB Nos.,Road Nos.,Road Length,Cost,Funds Released,Nos.,Length,Expenditure,1000+,999-500,499-250 (Eligible),Nos.,Length,Expenditure,Nos.,Length,Expenditure,Nos.,Length,Expenditure,1000+,999-500,499-250 (Eligible),Nos.,Length,Expenditure,LSB Nos.,Road Nos.,Road Length,Expenditure,Lahul And Spiti,2004 - 2005,2,23.220,233.05,0,0,1,0,0,0.000,0.00,0,2,23.220,233.05,0.00,0,0.000,212.87,0,0,0,0,0,0.000,0.00,0,0.000,212.87,2,23.220,212.87,0,0,1,0,0,0.000,0.00,0,2,23.220,212.87,Total,19,174.150,"2,620.08",0,1,11,0,20,258.463,"16,621.89",0,39,432.613,"19,241.97",0.00,0,0.000,"1,086.19",0,0,0,0,0,0.000,"1,419.53",0,0.000,"2,505.72",13,109.245,"1,086.19",0,1,10,0,8,113.280,"1,419.53",0,21,222.525,"2,505.72",Grand Total,"2,828","14,912.843","5,22,499.08",197,816,"1,549",0,"1,049","10,064.773","6,11,256.74",126,"3,877","24,977.616","11,33,755.83",0.00,7,32.021,"1,56,370.80",0,0,3,0,0,0.000,"42,249.24",7,32.021,"1,98,649.45","1,613","7,343.664","1,58,387.30",179,696,"1,041",0,227,"2,403.111","42,429.07",0,"1,840","9,746.775","2,00,991.92","Page 1 of 1     Generated on : 12/03/2025 23:17 PM     2014 NRRDA, All rights reserved"
Pradhan Mantri Gram Sadak Yojana,Monthly Report Format for Physical & Financial Progress under PMGSY,State: Himachal Pradesh     District: All Districts     Block: All Blocks     Year: 2015     Month: January     Collaboration: All Collaborations     Agency:  Public Works Department   Scheme: All Scheme,Note : All Costs and Expenditures in Lakhs and Length in Kms.,Clearance,Progress During Month,Cumulative Progress,New Connectivity,Upgradation,Total,New Connectivity,Upgradation,Total,New Connectivity,Upgradation,Total,Sr.No.,Sanction Year,Nos.,Length,Cost,1000+,999-500,499-250 (Eligible),Nos.,Length,Cost,LSB Nos.,Road Nos.,Road Length,Cost,Funds Released,Nos.,Length,Expenditure,1000+,999-500,499-250 (Eligible),Nos.,Length,Expenditure,Nos.,Length,Expenditure,Nos.,Length,Expenditure,1000+,999-500,499-250 (Eligible),Nos.,Length,Expenditure,LSB Nos.,Road Nos.,Road Length,Expenditure,Lahul And Spiti,2006 - 2007,0,0.000,0.00,0,0,0,0,6,64.400,771.35,0,6,64.400,771.35,0.00,0,0.000,0.00,0,0,0,0,0,0.000,700.35,0,0.000,700.35,0,0.000,0.00,0,0,0,0,6,64.400,700.35,0,6,64.400,700.35,Total,19,174.150,"2,620.08",0,1,11,0,20,258.463,"16,621.89",0,39,432.613,"19,241.97",0.00,0,0.000,"1,086.19",0,0,0,0,0,0.000,"1,419.53",0,0.000,"2,505.72",13,109.245,"1,086.19",0,1,10,0,8,113.280,"1,419.53",0,21,222.525,"2,505.72",Grand Total,"2,828","14,912.843","5,22,499.08",197,816,"1,549",0,"1,049","10,064.773","6,11,256.74",126,"3,877","24,977.616","11,33,755.83",0.00,7,32.021,"1,56,370.80",0,0,3,0,0,0.000,"42,249.24",7,32.021,"1,98,649.45","1,613","7,343.664","1,58,387.30",179,696,"1,041",0,227,"2,403.111","42,429.07",0,"1,840","9,746.775","2,00,991.92","Page 1 of 1     Generated on : 12/03/2025 23:17 PM     2014 NRRDA, All rights reserved"
Pradhan Mantri Gram Sadak Yojana,Monthly Report Format for Physical & Financial Progress under PMGSY,State: Himachal Pradesh     District: All Districts     Block: All Blocks     Year: 2015     Month: January     Collaboration: All Collaborations     Agency:  Public Works Department   Scheme: All Scheme,Note : All Costs and Expenditures in Lakhs and Length in Kms.,Clearance,Progress During Month,Cumulative Progress,New Connectivity,Upgradation,Total,New Connectivity,Upgradation,Total,New Connectivity,Upgradation,Total,Sr.No.,Sanction Year,Nos.,Length,Cost,1000+,999-500,499-250 (Eligible),Nos.,Length,Cost,LSB Nos.,Road Nos.,Road Length,Cost,Funds Released,Nos.,Length,Expenditure,1000+,999-500,499-250 (Eligible),Nos.,Length,Expenditure,Nos.,Length,Expenditure,Nos.,Length,Expenditure,1000+,999-500,499-250 (Eligible),Nos.,Length,Expenditure,LSB Nos.,Road Nos.,Road Length,Expenditure,Lahul And Spiti,2007 - 2008,0,0.000,0.00,0,0,0,0,2,48.885,722.85,0,2,48.885,722.85,0.00,0,0.000,0.00,0,0,0,0,0,0.000,719.18,0,0.000,719.18,0,0.000,0.00,0,0,0,0,2,48.880,719.18,0,2,48.880,719.18,Total,19,174.150,"2,620.08",0,1,11,0,20,258.463,"16,621.89",0,39,432.613,"19,241.97",0.00,0,0.000,"1,086.19",0,0,0,0,0,0.000,"1,419.53",0,0.000,"2,505.72",13,109.245,"1,086.19",0,1,10,0,8,113.280,"1,419.53",0,21,222.525,"2,505.72",Grand Total,"2,828","14,912.843","5,22,499.08",197,816,"1,549",0,"1,049","10,064.773","6,11,256.74",126,"3,877","24,977.616","11,33,755.83",0.00,7,32.021,"1,56,370.80",0,0,3,0,0,0.000,"42,249.24",7,32.021,"1,98,649.45","1,613","7,343.664","1,58,387.30",179,696,"1,041",0,227,"2,403.111","42,429.07",0,"1,840","9,746.775","2,00,991.92","Page 1 of 1     Generated on : 12/03/2025 23:17 PM     2014 NRRDA, All rights reserved"
Pradhan Mantri Gram Sadak Yojana,Monthly Report Format for Physical & Financial Progress under PMGSY,State: Himachal Pradesh     District: All Districts     Block: All Blocks     Year: 2015     Month: January     Collaboration: All Collaborations     Agency:  Public Works Department   Scheme: All Scheme,Note : All Costs and Expenditures in Lakhs and Length in Kms.,Clearance,Progress During Month,Cumulative Progress,New Connectivity,Upgradation,Total,New Connectivity,Upgradation,Total,New Connectivity,Upgradation,Total,Sr.No.,Sanction Year,Nos.,Length,Cost,1000+,999-500,499-250 (Eligible),Nos.,Length,Cost,LSB Nos.,Road Nos.,Road Length,Cost,Funds Released,Nos.,Length,Expenditure,1000+,999-500,499-250 (Eligible),Nos.,Length,Expenditure,Nos.,Length,Expenditure,Nos.,Length,Expenditure,1000+,999-500,499-250 (Eligible),Nos.,Length,Expenditure,LSB Nos.,Road Nos.,Road Length,Expenditure,Lahul And Spiti,2008 - 2009,0,0.000,0.00,0,0,0,0,0,0.000,0.00,0,0,0.000,0.00,0.00,0,0.000,0.00,0,0,0,0,0,0.000,0.00,0,0.000,0.00,0,0.000,,0,0,0,0,0,0.000,0.00,0,0,0.000,0.00,Total,19,174.150,"2,620.08",0,1,11,0,20,258.463,"16,621.89",0,39,432.613,"19,241.97",0.00,0,0.000,"1,086.19",0,0,0,0,0,0.000,"1,419.53",0,0.000,"2,505.72",13,109.245,"1,086.19",0,1,10,0,8,113.280,"1,419.53",0,21,222.525,"2,505.72",Grand Total,"2,828","14,912.843","5,22,499.08",197,816,"1,549",0,"1,049","10,064.773","6,11,256.74",126,"3,877","24,977.616","11,33,755.83",0.00,7,32.021,"1,56,370.80",0,0,3,0,0,0.000,"42,249.24",7,32.021,"1,98,649.45","1,613","7,343.664","1,58,387.30",179,696,"1,041",0,227,"2,403.111","42,429.07",0,"1,840","9,746.775","2,00,991.92","Page 1 of 1     Generated on : 12/03/2025 23:17 PM     2014 NRRDA, All rights reserved"
Pradhan Mantri Gram Sadak Yojana,Monthly Report Format for Physical & Financial Progress under PMGSY,State: Himachal Pradesh     District: All Districts     Block: All Blocks     Year: 2015     Month: January     Collaboration: All Collaborations     Agency:  Public Works Department   Scheme: All Scheme,Note : All Costs and Expenditures in Lakhs and Length in Kms.,Clearance,Progress During Month,Cumulative Progress,New Connectivity,Upgradation,Total,New Connectivity,Upgradation,Total,New Connectivity,Upgradation,Total,Sr.No.,Sanction Year,Nos.,Length,Cost,1000+,999-500,499-250 (Eligible),Nos.,Length,Cost,LSB Nos.,Road Nos.,Road Length,Cost,Funds Released,Nos.,Length,Expenditure,1000+,999-500,499-250 (Eligible),Nos.,Length,Expenditure,Nos.,Length,Expenditure,Nos.,Length,Expenditure,1000+,999-500,499-250 (Eligible),Nos.,Length,Expenditure,LSB Nos.,Road Nos.,Road Length,Expenditure,Lahul And Spiti,2009 - 2010,0,0.000,0.00,0,0,0,0,0,0.000,0.00,0,0,0.000,0.00,0.00,0,0.000,0.00,0,0,0,0,0,0.000,0.00,0,0.000,0.00,0,0.000,,0,0,0,0,0,0.000,0.00,0,0,0.000,0.00,Total,19,174.150,"2,620.08",0,1,11,0,20,258.463,"16,621.89",0,39,432.613,"19,241.97",0.00,0,0.000,"1,086.19",0,0,0,0,0,0.000,"1,419.53",0,0.000,"2,505.72",13,109.245,"1,086.19",0,1,10,0,8,113.280,"1,419.53",0,21,222.525,"2,505.72",Grand Total,"2,828","14,912.843","5,22,499.08",197,816,"1,549",0,"1,049","10,064.773","6,11,256.74",126,"3,877","24,977.616","11,33,755.83",0.00,7,32.021,"1,56,370.80",0,0,3,0,0,0.000,"42,249.24",7,32.021,"1,98,649.45","1,613","7,343.664","1,58,387.30",179,696,"1,041",0,227,"2,403.111","42,429.07",0,"1,840","9,746.775","2,00,991.92","Page 1 of 1     Generated on : 12/03/2025 23:17 PM     2014 NRRDA, All rights reserved"
Pradhan Mantri Gram Sadak Yojana,Monthly Report Format for Physical & Financial Progress under PMGSY,State: Himachal Pradesh     District: All Districts     Block: All Blocks     Year: 2015     Month: January     Collaboration: All Collaborations     Agency:  Public Works Department   Scheme: All Scheme,Note : All Costs and Expenditures in Lakhs and Length in Kms.,Clearance,Progress During Month,Cumulative Progress,New Connectivity,Upgradation,Total,New Connectivity,Upgradation,Total,New Connectivity,Upgradation,Total,Sr.No.,Sanction Year,Nos.,Length,Cost,1000+,999-500,499-250 (Eligible),Nos.,Length,Cost,LSB Nos.,Road Nos.,Road Length,Cost,Funds Released,Nos.,Length,Expenditure,1000+,999-500,499-250 (Eligible),Nos.,Length,Expenditure,Nos.,Length,Expenditure,Nos.,Length,Expenditure,1000+,999-500,499-250 (Eligible),Nos.,Length,Expenditure,LSB Nos.,Road Nos.,Road Length,Expenditure,Lahul And Spiti,2013 - 2014,4,55.875,"1,222.32",0,0,0,0,0,0.000,0.00,0,4,55.875,"1,222.32",0.00,0,0.000,241.52,0,0,0,0,0,0.000,0.00,0,0.000,241.52,0,0.000,241.52,0,0,0,0,0,0.000,0.00,0,0,0.000,241.52,Total,19,174.150,"2,620.08",0,1,11,0,20,258.463,"16,621.89",0,39,432.613,"19,241.97",0.00,0,0.000,"1,086.19",0,0,0,0,0,0.000,"1,419.53",0,0.000,"2,505.72",13,109.245,"1,086.19",0,1,10,0,8,113.280,"1,419.53",0,21,222.525,"2,505.72",Grand Total,"2,828","14,912.843","5,22,499.08",197,816,"1,549",0,"1,049","10,064.773","6,11,256.74",126,"3,877","24,977.616","11,33,755.83",0.00,7,32.021,"1,56,370.80",0,0,3,0,0,0.000,"42,249.24",7,32.021,"1,98,649.45","1,613","7,343.664","1,58,387.30",179,696,"1,041",0,227,"2,403.111","42,429.07",0,"1,840","9,746.775","2,00,991.92","Page 1 of 1     Generated on : 12/03/2025 23:17 PM     2014 NRRDA, All rights reserved"
Pradhan Mantri Gram Sadak Yojana,Monthly Report Format for Physical & Financial Progress under PMGSY,State: Himachal Pradesh     District: All Districts     Block: All Blocks     Year: 2015     Month: January     Collaboration: All Collaborations     Agency:  Public Works Department   Scheme: All Scheme,Note : All Costs and Expenditures in Lakhs and Length in Kms.,Clearance,Progress During Month,Cumulative Progress,New Connectivity,Upgradation,Total,New Connectivity,Upgradation,Total,New Connectivity,Upgradation,Total,Sr.No.,Sanction Year,Nos.,Length,Cost,1000+,999-500,499-250 (Eligible),Nos.,Length,Cost,LSB Nos.,Road Nos.,Road Length,Cost,Funds Released,Nos.,Length,Expenditure,1000+,999-500,499-250 (Eligible),Nos.,Length,Expenditure,Nos.,Length,Expenditure,Nos.,Length,Expenditure,1000+,999-500,499-250 (Eligible),Nos.,Length,Expenditure,LSB Nos.,Road Nos.,Road Length,Expenditure,Lahul And Spiti,2017 - 2018,2,9.030,458.34,0,0,1,0,0,0.000,0.00,0,2,9.030,458.34,0.00,0,0.000,0.00,0,0,0,0,0,0.000,0.00,0,0.000,0.00,0,0.000,,0,0,0,0,0,0.000,0.00,0,0,0.000,0.00,Total,19,174.150,"2,620.08",0,1,11,0,20,258.463,"16,621.89",0,39,432.613,"19,241.97",0.00,0,0.000,"1,086.19",0,0,0,0,0,0.000,"1,419.53",0,0.000,"2,505.72",13,109.245,"1,086.19",0,1,10,0,8,113.280,"1,419.53",0,21,222.525,"2,505.72",Grand Total,"2,828","14,912.843","5,22,499.08",197,816,"1,549",0,"1,049","10,064.773","6,11,256.74",126,"3,877","24,977.616","11,33,755.83",0.00,7,32.021,"1,56,370.80",0,0,3,0,0,0.000,"42,249.24",7,32.021,"1,98,649.45","1,613","7,343.664","1,58,387.30",179,696,"1,041",0,227,"2,403.111","42,429.07",0,"1,840","9,746.775","2,00,991.92","Page 1 of 1     Generated on : 12/03/2025 23:17 PM     2014 NRRDA, All rights reserved"
Pradhan Mantri Gram Sadak Yojana,Monthly Report Format for Physical & Financial Progress under PMGSY,State: Himachal Pradesh     District: All Districts     Block: All Blocks     Year: 2015     Month: January     Collaboration: All Collaborations     Agency:  Public Works Department   Scheme: All Scheme,Note : All Costs and Expenditures in Lakhs and Length in Kms.,Clearance,Progress During Month,Cumulative Progress,New Connectivity,Upgradation,Total,New Connectivity,Upgradation,Total,New Connectivity,Upgradation,Total,Sr.No.,Sanction Year,Nos.,Length,Cost,1000+,999-500,499-250 (Eligible),Nos.,Length,Cost,LSB Nos.,Road Nos.,Road Length,Cost,Funds Released,Nos.,Length,Expenditure,1000+,999-500,499-250 (Eligible),Nos.,Length,Expenditure,Nos.,Length,Expenditure,Nos.,Length,Expenditure,1000+,999-500,499-250 (Eligible),Nos.,Length,Expenditure,LSB Nos.,Road Nos.,Road Length,Expenditure,Lahul And Spiti,2019 - 2020,0,0.000,0.00,0,0,0,0,2,31.115,"3,144.74",0,2,31.115,"3,144.74",0.00,0,0.000,0.00,0,0,0,0,0,0.000,0.00,0,0.000,0.00,0,0.000,,0,0,0,0,0,0.000,0.00,0,0,0.000,0.00,Total,19,174.150,"2,620.08",0,1,11,0,20,258.463,"16,621.89",0,39,432.613,"19,241.97",0.00,0,0.000,"1,086.19",0,0,0,0,0,0.000,"1,419.53",0,0.000,"2,505.72",13,109.245,"1,086.19",0,1,10,0,8,113.280,"1,419.53",0,21,222.525,"2,505.72",Grand Total,"2,828","14,912.843","5,22,499.08",197,816,"1,549",0,"1,049","10,064.773","6,11,256.74",126,"3,877","24,977.616","11,33,755.83",0.00,7,32.021,"1,56,370.80",0,0,3,0,0,0.000,"42,249.24",7,32.021,"1,98,649.45","1,613","7,343.664","1,58,387.30",179,696,"1,041",0,227,"2,403.111","42,429.07",0,"1,840","9,746.775","2,00,991.92","Page 1 of 1     Generated on : 12/03/2025 23:17 PM     2014 NRRDA, All rights reserved"
Pradhan Mantri Gram Sadak Yojana,Monthly Report Format for Physical & Financial Progress under PMGSY,State: Himachal Pradesh     District: All Districts     Block: All Blocks     Year: 2015     Month: January     Collaboration: All Collaborations     Agency:  Public Works Department   Scheme: All Scheme,Note : All Costs and Expenditures in Lakhs and Length in Kms.,Clearance,Progress During Month,Cumulative Progress,New Connectivity,Upgradation,Total,New Connectivity,Upgradation,Total,New Connectivity,Upgradation,Total,Sr.No.,Sanction Year,Nos.,Length,Cost,1000+,999-500,499-250 (Eligible),Nos.,Length,Cost,LSB Nos.,Road Nos.,Road Length,Cost,Funds Released,Nos.,Length,Expenditure,1000+,999-500,499-250 (Eligible),Nos.,Length,Expenditure,Nos.,Length,Expenditure,Nos.,Length,Expenditure,1000+,999-500,499-250 (Eligible),Nos.,Length,Expenditure,LSB Nos.,Road Nos.,Road Length,Expenditure,Lahul And Spiti,2022 - 2023,0,0.000,0.00,0,0,0,0,3,50.373,"6,157.15",0,3,50.373,"6,157.15",0.00,0,0.000,0.00,0,0,0,0,0,0.000,0.00,0,0.000,0.00,0,0.000,,0,0,0,0,0,0.000,0.00,0,0,0.000,0.00,Total,19,174.150,"2,620.08",0,1,11,0,20,258.463,"16,621.89",0,39,432.613,"19,241.97",0.00,0,0.000,"1,086.19",0,0,0,0,0,0.000,"1,419.53",0,0.000,"2,505.72",13,109.245,"1,086.19",0,1,10,0,8,113.280,"1,419.53",0,21,222.525,"2,505.72",Grand Total,"2,828","14,912.843","5,22,499.08",197,816,"1,549",0,"1,049","10,064.773","6,11,256.74",126,"3,877","24,977.616","11,33,755.83",0.00,7,32.021,"1,56,370.80",0,0,3,0,0,0.000,"42,249.24",7,32.021,"1,98,649.45","1,613","7,343.664","1,58,387.30",179,696,"1,041",0,227,"2,403.111","42,429.07",0,"1,840","9,746.775","2,00,991.92","Page 1 of 1     Generated on : 12/03/2025 23:17 PM     2014 NRRDA, All rights reserved"
Pradhan Mantri Gram Sadak Yojana,Monthly Report Format for Physical & Financial Progress under PMGSY,State: Himachal Pradesh     District: All Districts     Block: All Blocks     Year: 2015     Month: January     Collaboration: All Collaborations     Agency:  Public Works Department   Scheme: All Scheme,Note : All Costs and Expenditures in Lakhs and Length in Kms.,Clearance,Progress During Month,Cumulative Progress,New Connectivity,Upgradation,Total,New Connectivity,Upgradation,Total,New Connectivity,Upgradation,Total,Sr.No.,Sanction Year,Nos.,Length,Cost,1000+,999-500,499-250 (Eligible),Nos.,Length,Cost,LSB Nos.,Road Nos.,Road Length,Cost,Funds Released,Nos.,Length,Expenditure,1000+,999-500,499-250 (Eligible),Nos.,Length,Expenditure,Nos.,Length,Expenditure,Nos.,Length,Expenditure,1000+,999-500,499-250 (Eligible),Nos.,Length,Expenditure,LSB Nos.,Road Nos.,Road Length,Expenditure,Lahul And Spiti,2023 - 2024,0,0.000,0.00,0,0,0,0,7,63.690,"5,825.80",0,7,63.690,"5,825.80",0.00,0,0.000,0.00,0,0,0,0,0,0.000,0.00,0,0.000,0.00,0,0.000,,0,0,0,0,0,0.000,0.00,0,0,0.000,0.00,Total,19,174.150,"2,620.08",0,1,11,0,20,258.463,"16,621.89",0,39,432.613,"19,241.97",0.00,0,0.000,"1,086.19",0,0,0,0,0,0.000,"1,419.53",0,0.000,"2,505.72",13,109.245,"1,086.19",0,1,10,0,8,113.280,"1,419.53",0,21,222.525,"2,505.72",Grand Total,"2,828","14,912.843","5,22,499.08",197,816,"1,549",0,"1,049","10,064.773","6,11,256.74",126,"3,877","24,977.616","11,33,755.83",0.00,7,32.021,"1,56,370.80",0,0,3,0,0,0.000,"42,249.24",7,32.021,"1,98,649.45","1,613","7,343.664","1,58,387.30",179,696,"1,041",0,227,"2,403.111","42,429.07",0,"1,840","9,746.775","2,00,991.92","Page 1 of 1     Generated on : 12/03/2025 23:17 PM     2014 NRRDA, All rights reserved"
Pradhan Mantri Gram Sadak Yojana,Monthly Report Format for Physical & Financial Progress under PMGSY,State: Himachal Pradesh     District: All Districts     Block: All Blocks     Year: 2015     Month: January     Collaboration: All Collaborations     Agency:  Public Works Department   Scheme: All Scheme,Note : All Costs and Expenditures in Lakhs and Length in Kms.,Clearance,Progress During Month,Cumulative Progress,New Connectivity,Upgradation,Total,New Connectivity,Upgradation,Total,New Connectivity,Upgradation,Total,Sr.No.,Sanction Year,Nos.,Length,Cost,1000+,999-500,499-250 (Eligible),Nos.,Length,Cost,LSB Nos.,Road Nos.,Road Length,Cost,Funds Released,Nos.,Length,Expenditure,1000+,999-500,499-250 (Eligible),Nos.,Length,Expenditure,Nos.,Length,Expenditure,Nos.,Length,Expenditure,1000+,999-500,499-250 (Eligible),Nos.,Length,Expenditure,LSB Nos.,Road Nos.,Road Length,Expenditure,Mandi,2000 - 2001,18,69.915,810.00,0,9,8,0,0,0.000,0.00,0,18,69.915,810.00,0.00,0,0.000,740.30,0,0,0,0,0,0.000,0.00,0,0.000,740.30,18,69.920,740.30,0,9,8,0,0,0.000,0.00,0,18,69.920,740.30,Total,518,"2,786.255","96,692.14",10,132,300,0,152,"1,624.115","87,428.00",18,670,"4,410.370","1,84,120.14",0.00,0,0.000,"19,061.49",0,0,0,0,0,0.000,"6,445.18",0,0.000,"25,506.67",228,"1,059.188","19,143.68",6,108,177,0,34,361.585,"6,535.72",0,262,"1,420.773","25,710.91",Grand Total,"2,828","14,912.843","5,22,499.08",197,816,"1,549",0,"1,049","10,064.773","6,11,256.74",126,"3,877","24,977.616","11,33,755.83",0.00,7,32.021,"1,56,370.80",0,0,3,0,0,0.000,"42,249.24",7,32.021,"1,98,649.45","1,613","7,343.664","1,58,387.30",179,696,"1,041",0,227,"2,403.111","42,429.07",0,"1,840","9,746.775","2,00,991.92","Page 1 of 1     Generated on : 12/03/2025 23:17 PM     2014 NRRDA, All rights reserved"
Pradhan Mantri Gram Sadak Yojana,Monthly Report Format for Physical & Financial Progress under PMGSY,State: Himachal Pradesh     District: All Districts     Block: All Blocks     Year: 2015     Month: January     Collaboration: All Collaborations     Agency:  Public Works Department   Scheme: All Scheme,Note : All Costs and Expenditures in Lakhs and Length in Kms.,Clearance,Progress During Month,Cumulative Progress,New Connectivity,Upgradation,Total,New Connectivity,Upgradation,Total,New Connectivity,Upgradation,Total,Sr.No.,Sanction Year,Nos.,Length,Cost,1000+,999-500,499-250 (Eligible),Nos.,Length,Cost,LSB Nos.,Road Nos.,Road Length,Cost,Funds Released,Nos.,Length,Expenditure,1000+,999-500,499-250 (Eligible),Nos.,Length,Expenditure,Nos.,Length,Expenditure,Nos.,Length,Expenditure,1000+,999-500,499-250 (Eligible),Nos.,Length,Expenditure,LSB Nos.,Road Nos.,Road Length,Expenditure,Mandi,2001 - 2002,31,153.300,"1,856.92",1,15,11,0,0,0.000,0.00,0,31,153.300,"1,856.92",0.00,0,0.000,"1,643.10",0,0,0,0,0,0.000,0.00,0,0.000,"1,643.10",31,149.833,"1,643.10",1,15,11,0,0,0.000,0.00,0,31,149.833,"1,643.10",Total,518,"2,786.255","96,692.14",10,132,300,0,152,"1,624.115","87,428.00",18,670,"4,410.370","1,84,120.14",0.00,0,0.000,"19,061.49",0,0,0,0,0,0.000,"6,445.18",0,0.000,"25,506.67",228,"1,059.188","19,143.68",6,108,177,0,34,361.585,"6,535.72",0,262,"1,420.773","25,710.91",Grand Total,"2,828","14,912.843","5,22,499.08",197,816,"1,549",0,"1,049","10,064.773","6,11,256.74",126,"3,877","24,977.616","11,33,755.83",0.00,7,32.021,"1,56,370.80",0,0,3,0,0,0.000,"42,249.24",7,32.021,"1,98,649.45","1,613","7,343.664","1,58,387.30",179,696,"1,041",0,227,"2,403.111","42,429.07",0,"1,840","9,746.775","2,00,991.92","Page 1 of 1     Generated on : 12/03/2025 23:17 PM     2014 NRRDA, All rights reserved"
Pradhan Mantri Gram Sadak Yojana,Monthly Report Format for Physical & Financial Progress under PMGSY,State: Himachal Pradesh     District: All Districts     Block: All Blocks     Year: 2015     Month: January     Collaboration: All Collaborations     Agency:  Public Works Department   Scheme: All Scheme,Note : All Costs and Expenditures in Lakhs and Length in Kms.,Clearance,Progress During Month,Cumulative Progress,New Connectivity,Upgradation,Total,New Connectivity,Upgradation,Total,New Connectivity,Upgradation,Total,Sr.No.,Sanction Year,Nos.,Length,Cost,1000+,999-500,499-250 (Eligible),Nos.,Length,Cost,LSB Nos.,Road Nos.,Road Length,Cost,Funds Released,Nos.,Length,Expenditure,1000+,999-500,499-250 (Eligible),Nos.,Length,Expenditure,Nos.,Length,Expenditure,Nos.,Length,Expenditure,1000+,999-500,499-250 (Eligible),Nos.,Length,Expenditure,LSB Nos.,Road Nos.,Road Length,Expenditure,Mandi,2003 - 2004,90,459.960,"5,431.00",3,50,84,0,0,0.000,0.00,0,90,459.960,"5,431.00",0.00,0,0.000,"4,963.53",0,0,0,0,0,0.000,0.00,0,0.000,"4,963.53",87,401.205,"4,963.81",3,50,78,0,0,0.000,0.00,0,87,401.205,"4,963.81",Total,518,"2,786.255","96,692.14",10,132,300,0,152,"1,624.115","87,428.00",18,670,"4,410.370","1,84,120.14",0.00,0,0.000,"19,061.49",0,0,0,0,0,0.000,"6,445.18",0,0.000,"25,506.67",228,"1,059.188","19,143.68",6,108,177,0,34,361.585,"6,535.72",0,262,"1,420.773","25,710.91",Grand Total,"2,828","14,912.843","5,22,499.08",197,816,"1,549",0,"1,049","10,064.773","6,11,256.74",126,"3,877","24,977.616","11,33,755.83",0.00,7,32.021,"1,56,370.80",0,0,3,0,0,0.000,"42,249.24",7,32.021,"1,98,649.45","1,613","7,343.664","1,58,387.30",179,696,"1,041",0,227,"2,403.111","42,429.07",0,"1,840","9,746.775","2,00,991.92","Page 1 of 1     Generated on : 12/03/2025 23:17 PM     2014 NRRDA, All rights reserved"
Pradhan Mantri Gram Sadak Yojana,Monthly Report Format for Physical & Financial Progress under PMGSY,State: Himachal Pradesh     District: All Districts     Block: All Blocks     Year: 2015     Month: January     Collaboration: All Collaborations     Agency:  Public Works Department   Scheme: All Scheme,Note : All Costs and Expenditures in Lakhs and Length in Kms.,Clearance,Progress During Month,Cumulative Progress,New Connectivity,Upgradation,Total,New Connectivity,Upgradation,Total,New Connectivity,Upgradation,Total,Sr.No.,Sanction Year,Nos.,Length,Cost,1000+,999-500,499-250 (Eligible),Nos.,Length,Cost,LSB Nos.,Road Nos.,Road Length,Cost,Funds Released,Nos.,Length,Expenditure,1000+,999-500,499-250 (Eligible),Nos.,Length,Expenditure,Nos.,Length,Expenditure,Nos.,Length,Expenditure,1000+,999-500,499-250 (Eligible),Nos.,Length,Expenditure,LSB Nos.,Road Nos.,Road Length,Expenditure,Mandi,2004 - 2005,7,51.150,633.73,1,2,11,0,0,0.000,0.00,0,7,51.150,633.73,0.00,0,0.000,439.06,0,0,0,0,0,0.000,0.00,0,0.000,439.06,6,45.300,439.06,0,2,10,0,0,0.000,0.00,0,6,45.300,439.06,Total,518,"2,786.255","96,692.14",10,132,300,0,152,"1,624.115","87,428.00",18,670,"4,410.370","1,84,120.14",0.00,0,0.000,"19,061.49",0,0,0,0,0,0.000,"6,445.18",0,0.000,"25,506.67",228,"1,059.188","19,143.68",6,108,177,0,34,361.585,"6,535.72",0,262,"1,420.773","25,710.91",Grand Total,"2,828","14,912.843","5,22,499.08",197,816,"1,549",0,"1,049","10,064.773","6,11,256.74",126,"3,877","24,977.616","11,33,755.83",0.00,7,32.021,"1,56,370.80",0,0,3,0,0,0.000,"42,249.24",7,32.021,"1,98,649.45","1,613","7,343.664","1,58,387.30",179,696,"1,041",0,227,"2,403.111","42,429.07",0,"1,840","9,746.775","2,00,991.92","Page 1 of 1     Generated on : 12/03/2025 23:17 PM     2014 NRRDA, All rights reserved"
Pradhan Mantri Gram Sadak Yojana,Monthly Report Format for Physical & Financial Progress under PMGSY,State: Himachal Pradesh     District: All Districts     Block: All Blocks     Year: 2015     Month: January     Collaboration: All Collaborations     Agency:  Public Works Department   Scheme: All Scheme,Note : All Costs and Expenditures in Lakhs and Length in Kms.,Clearance,Progress During Month,Cumulative Progress,New Connectivity,Upgradation,Total,New Connectivity,Upgradation,Total,New Connectivity,Upgradation,Total,Sr.No.,Sanction Year,Nos.,Length,Cost,1000+,999-500,499-250 (Eligible),Nos.,Length,Cost,LSB Nos.,Road Nos.,Road Length,Cost,Funds Released,Nos.,Length,Expenditure,1000+,999-500,499-250 (Eligible),Nos.,Length,Expenditure,Nos.,Length,Expenditure,Nos.,Length,Expenditure,1000+,999-500,499-250 (Eligible),Nos.,Length,Expenditure,LSB Nos.,Road Nos.,Road Length,Expenditure,Mandi,2005 - 2006,23,165.600,"4,126.08",2,8,26,0,0,0.000,0.00,0,23,165.600,"4,126.08",0.00,0,0.000,"2,812.21",0,0,0,0,0,0.000,0.00,0,0.000,"2,812.21",18,104.900,"2,812.21",1,5,20,0,0,0.000,0.00,0,18,104.900,"2,812.21",Total,518,"2,786.255","96,692.14",10,132,300,0,152,"1,624.115","87,428.00",18,670,"4,410.370","1,84,120.14",0.00,0,0.000,"19,061.49",0,0,0,0,0,0.000,"6,445.18",0,0.000,"25,506.67",228,"1,059.188","19,143.68",6,108,177,0,34,361.585,"6,535.72",0,262,"1,420.773","25,710.91",Grand Total,"2,828","14,912.843","5,22,499.08",197,816,"1,549",0,"1,049","10,064.773","6,11,256.74",126,"3,877","24,977.616","11,33,755.83",0.00,7,32.021,"1,56,370.80",0,0,3,0,0,0.000,"42,249.24",7,32.021,"1,98,649.45","1,613","7,343.664","1,58,387.30",179,696,"1,041",0,227,"2,403.111","42,429.07",0,"1,840","9,746.775","2,00,991.92","Page 1 of 1     Generated on : 12/03/2025 23:17 PM     2014 NRRDA, All rights reserved"
Pradhan Mantri Gram Sadak Yojana,Monthly Report Format for Physical & Financial Progress under PMGSY,State: Himachal Pradesh     District: All Districts     Block: All Blocks     Year: 2015     Month: January     Collaboration: All Collaborations     Agency:  Public Works Department   Scheme: All Scheme,Note : All Costs and Expenditures in Lakhs and Length in Kms.,Clearance,Progress During Month,Cumulative Progress,New Connectivity,Upgradation,Total,New Connectivity,Upgradation,Total,New Connectivity,Upgradation,Total,Sr.No.,Sanction Year,Nos.,Length,Cost,1000+,999-500,499-250 (Eligible),Nos.,Length,Cost,LSB Nos.,Road Nos.,Road Length,Cost,Funds Released,Nos.,Length,Expenditure,1000+,999-500,499-250 (Eligible),Nos.,Length,Expenditure,Nos.,Length,Expenditure,Nos.,Length,Expenditure,1000+,999-500,499-250 (Eligible),Nos.,Length,Expenditure,LSB Nos.,Road Nos.,Road Length,Expenditure,Mandi,2006 - 2007,66,366.271,"7,724.88",0,35,53,0,34,467.070,"6,290.29",0,100,833.341,"14,015.17",0.00,0,0.000,"4,901.49",0,0,0,0,0,0.000,"4,850.56",0,0.000,"9,752.05",46,199.915,"4,919.34",0,25,38,0,24,276.420,"4,854.99",0,70,476.335,"9,774.33",Total,518,"2,786.255","96,692.14",10,132,300,0,152,"1,624.115","87,428.00",18,670,"4,410.370","1,84,120.14",0.00,0,0.000,"19,061.49",0,0,0,0,0,0.000,"6,445.18",0,0.000,"25,506.67",228,"1,059.188","19,143.68",6,108,177,0,34,361.585,"6,535.72",0,262,"1,420.773","25,710.91",Grand Total,"2,828","14,912.843","5,22,499.08",197,816,"1,549",0,"1,049","10,064.773","6,11,256.74",126,"3,877","24,977.616","11,33,755.83",0.00,7,32.021,"1,56,370.80",0,0,3,0,0,0.000,"42,249.24",7,32.021,"1,98,649.45","1,613","7,343.664","1,58,387.30",179,696,"1,041",0,227,"2,403.111","42,429.07",0,"1,840","9,746.775","2,00,991.92","Page 1 of 1     Generated on : 12/03/2025 23:17 PM     2014 NRRDA, All rights reserved"
Pradhan Mantri Gram Sadak Yojana,Monthly Report Format for Physical & Financial Progress under PMGSY,State: Himachal Pradesh     District: All Districts     Block: All Blocks     Year: 2015     Month: January     Collaboration: All Collaborations     Agency:  Public Works Department   Scheme: All Scheme,Note : All Costs and Expenditures in Lakhs and Length in Kms.,Clearance,Progress During Month,Cumulative Progress,New Connectivity,Upgradation,Total,New Connectivity,Upgradation,Total,New Connectivity,Upgradation,Total,Sr.No.,Sanction Year,Nos.,Length,Cost,1000+,999-500,499-250 (Eligible),Nos.,Length,Cost,LSB Nos.,Road Nos.,Road Length,Cost,Funds Released,Nos.,Length,Expenditure,1000+,999-500,499-250 (Eligible),Nos.,Length,Expenditure,Nos.,Length,Expenditure,Nos.,Length,Expenditure,1000+,999-500,499-250 (Eligible),Nos.,Length,Expenditure,LSB Nos.,Road Nos.,Road Length,Expenditure,Mandi,2007 - 2008,9,54.280,"1,512.27",2,6,1,0,8,79.665,"1,296.51",0,17,133.945,"2,808.78",0.00,0,0.000,654.55,0,0,0,0,0,0.000,"1,291.14",0,0.000,"1,945.69",3,11.200,676.15,1,2,0,0,8,78.665,"1,291.14",0,11,89.865,"1,967.29",Total,518,"2,786.255","96,692.14",10,132,300,0,152,"1,624.115","87,428.00",18,670,"4,410.370","1,84,120.14",0.00,0,0.000,"19,061.49",0,0,0,0,0,0.000,"6,445.18",0,0.000,"25,506.67",228,"1,059.188","19,143.68",6,108,177,0,34,361.585,"6,535.72",0,262,"1,420.773","25,710.91",Grand Total,"2,828","14,912.843","5,22,499.08",197,816,"1,549",0,"1,049","10,064.773","6,11,256.74",126,"3,877","24,977.616","11,33,755.83",0.00,7,32.021,"1,56,370.80",0,0,3,0,0,0.000,"42,249.24",7,32.021,"1,98,649.45","1,613","7,343.664","1,58,387.30",179,696,"1,041",0,227,"2,403.111","42,429.07",0,"1,840","9,746.775","2,00,991.92","Page 1 of 1     Generated on : 12/03/2025 23:17 PM     2014 NRRDA, All rights reserved"
Pradhan Mantri Gram Sadak Yojana,Monthly Report Format for Physical & Financial Progress under PMGSY,State: Himachal Pradesh     District: All Districts     Block: All Blocks     Year: 2015     Month: January     Collaboration: All Collaborations     Agency:  Public Works Department   Scheme: All Scheme,Note : All Costs and Expenditures in Lakhs and Length in Kms.,Clearance,Progress During Month,Cumulative Progress,New Connectivity,Upgradation,Total,New Connectivity,Upgradation,Total,New Connectivity,Upgradation,Total,Sr.No.,Sanction Year,Nos.,Length,Cost,1000+,999-500,499-250 (Eligible),Nos.,Length,Cost,LSB Nos.,Road Nos.,Road Length,Cost,Funds Released,Nos.,Length,Expenditure,1000+,999-500,499-250 (Eligible),Nos.,Length,Expenditure,Nos.,Length,Expenditure,Nos.,Length,Expenditure,1000+,999-500,499-250 (Eligible),Nos.,Length,Expenditure,LSB Nos.,Road Nos.,Road Length,Expenditure,Mandi,2008 - 2009,1,3.200,85.83,1,0,0,0,2,6.550,217.33,0,3,9.750,303.16,0.00,0,0.000,77.85,0,0,0,0,0,0.000,207.03,0,0.000,284.88,0,0.000,77.85,0,0,0,0,2,6.500,207.03,0,2,6.500,284.88,Total,518,"2,786.255","96,692.14",10,132,300,0,152,"1,624.115","87,428.00",18,670,"4,410.370","1,84,120.14",0.00,0,0.000,"19,061.49",0,0,0,0,0,0.000,"6,445.18",0,0.000,"25,506.67",228,"1,059.188","19,143.68",6,108,177,0,34,361.585,"6,535.72",0,262,"1,420.773","25,710.91",Grand Total,"2,828","14,912.843","5,22,499.08",197,816,"1,549",0,"1,049","10,064.773","6,11,256.74",126,"3,877","24,977.616","11,33,755.83",0.00,7,32.021,"1,56,370.80",0,0,3,0,0,0.000,"42,249.24",7,32.021,"1,98,649.45","1,613","7,343.664","1,58,387.30",179,696,"1,041",0,227,"2,403.111","42,429.07",0,"1,840","9,746.775","2,00,991.92","Page 1 of 1     Generated on : 12/03/2025 23:17 PM     2014 NRRDA, All rights reserved"
Pradhan Mantri Gram Sadak Yojana,Monthly Report Format for Physical & Financial Progress under PMGSY,State: Himachal Pradesh     District: All Districts     Block: All Blocks     Year: 2015     Month: January     Collaboration: All Collaborations     Agency:  Public Works Department   Scheme: All Scheme,Note : All Costs and Expenditures in Lakhs and Length in Kms.,Clearance,Progress During Month,Cumulative Progress,New Connectivity,Upgradation,Total,New Connectivity,Upgradation,Total,New Connectivity,Upgradation,Total,Sr.No.,Sanction Year,Nos.,Length,Cost,1000+,999-500,499-250 (Eligible),Nos.,Length,Cost,LSB Nos.,Road Nos.,Road Length,Cost,Funds Released,Nos.,Length,Expenditure,1000+,999-500,499-250 (Eligible),Nos.,Length,Expenditure,Nos.,Length,Expenditure,Nos.,Length,Expenditure,1000+,999-500,499-250 (Eligible),Nos.,Length,Expenditure,LSB Nos.,Road Nos.,Road Length,Expenditure,Mandi,2009 - 2010,17,63.715,"2,028.09",0,0,17,0,0,0.000,0.00,0,17,63.715,"2,028.09",0.00,0,0.000,"1,315.51",0,0,0,0,0,0.000,0.00,0,0.000,"1,315.51",11,37.210,"1,315.51",0,0,11,0,0,0.000,0.00,0,11,37.210,"1,315.51",Total,518,"2,786.255","96,692.14",10,132,300,0,152,"1,624.115","87,428.00",18,670,"4,410.370","1,84,120.14",0.00,0,0.000,"19,061.49",0,0,0,0,0,0.000,"6,445.18",0,0.000,"25,506.67",228,"1,059.188","19,143.68",6,108,177,0,34,361.585,"6,535.72",0,262,"1,420.773","25,710.91",Grand Total,"2,828","14,912.843","5,22,499.08",197,816,"1,549",0,"1,049","10,064.773","6,11,256.74",126,"3,877","24,977.616","11,33,755.83",0.00,7,32.021,"1,56,370.80",0,0,3,0,0,0.000,"42,249.24",7,32.021,"1,98,649.45","1,613","7,343.664","1,58,387.30",179,696,"1,041",0,227,"2,403.111","42,429.07",0,"1,840","9,746.775","2,00,991.92","Page 1 of 1     Generated on : 12/03/2025 23:17 PM     2014 NRRDA, All rights reserved"
Pradhan Mantri Gram Sadak Yojana,Monthly Report Format for Physical & Financial Progress under PMGSY,State: Himachal Pradesh     District: All Districts     Block: All Blocks     Year: 2015     Month: January     Collaboration: All Collaborations     Agency:  Public Works Department   Scheme: All Scheme,Note : All Costs and Expenditures in Lakhs and Length in Kms.,Clearance,Progress During Month,Cumulative Progress,New Connectivity,Upgradation,Total,New Connectivity,Upgradation,Total,New Connectivity,Upgradation,Total,Sr.No.,Sanction Year,Nos.,Length,Cost,1000+,999-500,499-250 (Eligible),Nos.,Length,Cost,LSB Nos.,Road Nos.,Road Length,Cost,Funds Released,Nos.,Length,Expenditure,1000+,999-500,499-250 (Eligible),Nos.,Length,Expenditure,Nos.,Length,Expenditure,Nos.,Length,Expenditure,1000+,999-500,499-250 (Eligible),Nos.,Length,Expenditure,LSB Nos.,Road Nos.,Road Length,Expenditure,Mandi,2010 - 2011,0,0.000,0.00,0,0,0,0,0,0.000,0.00,0,0,0.000,0.00,0.00,0,0.000,0.00,0,0,0,0,0,0.000,0.00,0,0.000,0.00,0,0.000,,0,0,0,0,0,0.000,0.00,0,0,0.000,0.00,Total,518,"2,786.255","96,692.14",10,132,300,0,152,"1,624.115","87,428.00",18,670,"4,410.370","1,84,120.14",0.00,0,0.000,"19,061.49",0,0,0,0,0,0.000,"6,445.18",0,0.000,"25,506.67",228,"1,059.188","19,143.68",6,108,177,0,34,361.585,"6,535.72",0,262,"1,420.773","25,710.91",Grand Total,"2,828","14,912.843","5,22,499.08",197,816,"1,549",0,"1,049","10,064.773","6,11,256.74",126,"3,877","24,977.616","11,33,755.83",0.00,7,32.021,"1,56,370.80",0,0,3,0,0,0.000,"42,249.24",7,32.021,"1,98,649.45","1,613","7,343.664","1,58,387.30",179,696,"1,041",0,227,"2,403.111","42,429.07",0,"1,840","9,746.775","2,00,991.92","Page 1 of 1     Generated on : 12/03/2025 23:17 PM     2014 NRRDA, All rights reserved"
Pradhan Mantri Gram Sadak Yojana,Monthly Report Format for Physical & Financial Progress under PMGSY,State: Himachal Pradesh     District: All Districts     Block: All Blocks     Year: 2015     Month: January     Collaboration: All Collaborations     Agency:  Public Works Department   Scheme: All Scheme,Note : All Costs and Expenditures in Lakhs and Length in Kms.,Clearance,Progress During Month,Cumulative Progress,New Connectivity,Upgradation,Total,New Connectivity,Upgradation,Total,New Connectivity,Upgradation,Total,Sr.No.,Sanction Year,Nos.,Length,Cost,1000+,999-500,499-250 (Eligible),Nos.,Length,Cost,LSB Nos.,Road Nos.,Road Length,Cost,Funds Released,Nos.,Length,Expenditure,1000+,999-500,499-250 (Eligible),Nos.,Length,Expenditure,Nos.,Length,Expenditure,Nos.,Length,Expenditure,1000+,999-500,499-250 (Eligible),Nos.,Length,Expenditure,LSB Nos.,Road Nos.,Road Length,Expenditure,Mandi,2011 - 2012,12,58.000,"1,122.63",0,0,1,0,0,0.000,0.00,0,12,58.000,"1,122.63",0.00,0,0.000,679.04,0,0,0,0,0,0.000,0.00,0,0.000,679.04,7,33.850,679.04,0,0,1,0,0,0.000,0.00,0,7,33.850,679.04,Total,518,"2,786.255","96,692.14",10,132,300,0,152,"1,624.115","87,428.00",18,670,"4,410.370","1,84,120.14",0.00,0,0.000,"19,061.49",0,0,0,0,0,0.000,"6,445.18",0,0.000,"25,506.67",228,"1,059.188","19,143.68",6,108,177,0,34,361.585,"6,535.72",0,262,"1,420.773","25,710.91",Grand Total,"2,828","14,912.843","5,22,499.08",197,816,"1,549",0,"1,049","10,064.773","6,11,256.74",126,"3,877","24,977.616","11,33,755.83",0.00,7,32.021,"1,56,370.80",0,0,3,0,0,0.000,"42,249.24",7,32.021,"1,98,649.45","1,613","7,343.664","1,58,387.30",179,696,"1,041",0,227,"2,403.111","42,429.07",0,"1,840","9,746.775","2,00,991.92","Page 1 of 1     Generated on : 12/03/2025 23:17 PM     2014 NRRDA, All rights reserved"
Pradhan Mantri Gram Sadak Yojana,Monthly Report Format for Physical & Financial Progress under PMGSY,State: Himachal Pradesh     District: All Districts     Block: All Blocks     Year: 2015     Month: January     Collaboration: All Collaborations     Agency:  Public Works Department   Scheme: All Scheme,Note : All Costs and Expenditures in Lakhs and Length in Kms.,Clearance,Progress During Month,Cumulative Progress,New Connectivity,Upgradation,Total,New Connectivity,Upgradation,Total,New Connectivity,Upgradation,Total,Sr.No.,Sanction Year,Nos.,Length,Cost,1000+,999-500,499-250 (Eligible),Nos.,Length,Cost,LSB Nos.,Road Nos.,Road Length,Cost,Funds Released,Nos.,Length,Expenditure,1000+,999-500,499-250 (Eligible),Nos.,Length,Expenditure,Nos.,Length,Expenditure,Nos.,Length,Expenditure,1000+,999-500,499-250 (Eligible),Nos.,Length,Expenditure,LSB Nos.,Road Nos.,Road Length,Expenditure,Mandi,2013 - 2014,18,98.415,"3,099.39",0,0,0,0,0,0.000,0.00,0,18,98.415,"3,099.39",0.00,0,0.000,693.38,0,0,0,0,0,0.000,0.00,0,0.000,693.38,1,5.855,718.95,0,0,0,0,0,0.000,0.00,0,1,5.855,718.95,Total,518,"2,786.255","96,692.14",10,132,300,0,152,"1,624.115","87,428.00",18,670,"4,410.370","1,84,120.14",0.00,0,0.000,"19,061.49",0,0,0,0,0,0.000,"6,445.18",0,0.000,"25,506.67",228,"1,059.188","19,143.68",6,108,177,0,34,361.585,"6,535.72",0,262,"1,420.773","25,710.91",Grand Total,"2,828","14,912.843","5,22,499.08",197,816,"1,549",0,"1,049","10,064.773","6,11,256.74",126,"3,877","24,977.616","11,33,755.83",0.00,7,32.021,"1,56,370.80",0,0,3,0,0,0.000,"42,249.24",7,32.021,"1,98,649.45","1,613","7,343.664","1,58,387.30",179,696,"1,041",0,227,"2,403.111","42,429.07",0,"1,840","9,746.775","2,00,991.92","Page 1 of 1     Generated on : 12/03/2025 23:17 PM     2014 NRRDA, All rights reserved"
Pradhan Mantri Gram Sadak Yojana,Monthly Report Format for Physical & Financial Progress under PMGSY,State: Himachal Pradesh     District: All Districts     Block: All Blocks     Year: 2015     Month: January     Collaboration: All Collaborations     Agency:  Public Works Department   Scheme: All Scheme,Note : All Costs and Expenditures in Lakhs and Length in Kms.,Clearance,Progress During Month,Cumulative Progress,New Connectivity,Upgradation,Total,New Connectivity,Upgradation,Total,New Connectivity,Upgradation,Total,Sr.No.,Sanction Year,Nos.,Length,Cost,1000+,999-500,499-250 (Eligible),Nos.,Length,Cost,LSB Nos.,Road Nos.,Road Length,Cost,Funds Released,Nos.,Length,Expenditure,1000+,999-500,499-250 (Eligible),Nos.,Length,Expenditure,Nos.,Length,Expenditure,Nos.,Length,Expenditure,1000+,999-500,499-250 (Eligible),Nos.,Length,Expenditure,LSB Nos.,Road Nos.,Road Length,Expenditure,Mandi,2014 - 2015,7,42.150,"1,818.43",0,0,0,0,2,23.730,"1,122.47",1,9,65.880,"2,940.90",0.00,0,0.000,141.47,0,0,0,0,0,0.000,96.45,0,0.000,237.92,0,0.000,158.36,0,0,0,0,0,0.000,182.56,0,0,0.000,372.43,Total,518,"2,786.255","96,692.14",10,132,300,0,152,"1,624.115","87,428.00",18,670,"4,410.370","1,84,120.14",0.00,0,0.000,"19,061.49",0,0,0,0,0,0.000,"6,445.18",0,0.000,"25,506.67",228,"1,059.188","19,143.68",6,108,177,0,34,361.585,"6,535.72",0,262,"1,420.773","25,710.91",Grand Total,"2,828","14,912.843","5,22,499.08",197,816,"1,549",0,"1,049","10,064.773","6,11,256.74",126,"3,877","24,977.616","11,33,755.83",0.00,7,32.021,"1,56,370.80",0,0,3,0,0,0.000,"42,249.24",7,32.021,"1,98,649.45","1,613","7,343.664","1,58,387.30",179,696,"1,041",0,227,"2,403.111","42,429.07",0,"1,840","9,746.775","2,00,991.92","Page 1 of 1     Generated on : 12/03/2025 23:17 PM     2014 NRRDA, All rights reserved"
Pradhan Mantri Gram Sadak Yojana,Monthly Report Format for Physical & Financial Progress under PMGSY,State: Himachal Pradesh     District: All Districts     Block: All Blocks     Year: 2015     Month: January     Collaboration: All Collaborations     Agency:  Public Works Department   Scheme: All Scheme,Note : All Costs and Expenditures in Lakhs and Length in Kms.,Clearance,Progress During Month,Cumulative Progress,New Connectivity,Upgradation,Total,New Connectivity,Upgradation,Total,New Connectivity,Upgradation,Total,Sr.No.,Sanction Year,Nos.,Length,Cost,1000+,999-500,499-250 (Eligible),Nos.,Length,Cost,LSB Nos.,Road Nos.,Road Length,Cost,Funds Released,Nos.,Length,Expenditure,1000+,999-500,499-250 (Eligible),Nos.,Length,Expenditure,Nos.,Length,Expenditure,Nos.,Length,Expenditure,1000+,999-500,499-250 (Eligible),Nos.,Length,Expenditure,LSB Nos.,Road Nos.,Road Length,Expenditure,Mandi,2016 - 2017,98,520.570,"27,037.14",0,1,21,0,6,44.000,"2,391.18",7,104,564.570,"29,428.32",0.00,0,0.000,0.00,0,0,0,0,0,0.000,0.00,0,0.000,0.00,0,0.000,,0,0,0,0,0,0.000,0.00,0,0,0.000,0.00,Total,518,"2,786.255","96,692.14",10,132,300,0,152,"1,624.115","87,428.00",18,670,"4,410.370","1,84,120.14",0.00,0,0.000,"19,061.49",0,0,0,0,0,0.000,"6,445.18",0,0.000,"25,506.67",228,"1,059.188","19,143.68",6,108,177,0,34,361.585,"6,535.72",0,262,"1,420.773","25,710.91",Grand Total,"2,828","14,912.843","5,22,499.08",197,816,"1,549",0,"1,049","10,064.773","6,11,256.74",126,"3,877","24,977.616","11,33,755.83",0.00,7,32.021,"1,56,370.80",0,0,3,0,0,0.000,"42,249.24",7,32.021,"1,98,649.45","1,613","7,343.664","1,58,387.30",179,696,"1,041",0,227,"2,403.111","42,429.07",0,"1,840","9,746.775","2,00,991.92","Page 1 of 1     Generated on : 12/03/2025 23:17 PM     2014 NRRDA, All rights reserved"
Pradhan Mantri Gram Sadak Yojana,Monthly Report Format for Physical & Financial Progress under PMGSY,State: Himachal Pradesh     District: All Districts     Block: All Blocks     Year: 2015     Month: January     Collaboration: All Collaborations     Agency:  Public Works Department   Scheme: All Scheme,Note : All Costs and Expenditures in Lakhs and Length in Kms.,Clearance,Progress During Month,Cumulative Progress,New Connectivity,Upgradation,Total,New Connectivity,Upgradation,Total,New Connectivity,Upgradation,Total,Sr.No.,Sanction Year,Nos.,Length,Cost,1000+,999-500,499-250 (Eligible),Nos.,Length,Cost,LSB Nos.,Road Nos.,Road Length,Cost,Funds Released,Nos.,Length,Expenditure,1000+,999-500,499-250 (Eligible),Nos.,Length,Expenditure,Nos.,Length,Expenditure,Nos.,Length,Expenditure,1000+,999-500,499-250 (Eligible),Nos.,Length,Expenditure,LSB Nos.,Road Nos.,Road Length,Expenditure,Mandi,2017 - 2018,89,483.074,"26,106.81",0,1,50,0,16,119.385,"5,741.07",3,105,602.459,"31,847.88",0.00,0,0.000,0.00,0,0,0,0,0,0.000,0.00,0,0.000,0.00,0,0.000,,0,0,0,0,0,0.000,0.00,0,0,0.000,0.00,Total,518,"2,786.255","96,692.14",10,132,300,0,152,"1,624.115","87,428.00",18,670,"4,410.370","1,84,120.14",0.00,0,0.000,"19,061.49",0,0,0,0,0,0.000,"6,445.18",0,0.000,"25,506.67",228,"1,059.188","19,143.68",6,108,177,0,34,361.585,"6,535.72",0,262,"1,420.773","25,710.91",Grand Total,"2,828","14,912.843","5,22,499.08",197,816,"1,549",0,"1,049","10,064.773","6,11,256.74",126,"3,877","24,977.616","11,33,755.83",0.00,7,32.021,"1,56,370.80",0,0,3,0,0,0.000,"42,249.24",7,32.021,"1,98,649.45","1,613","7,343.664","1,58,387.30",179,696,"1,041",0,227,"2,403.111","42,429.07",0,"1,840","9,746.775","2,00,991.92","Page 1 of 1     Generated on : 12/03/2025 23:17 PM     2014 NRRDA, All rights reserved"
Pradhan Mantri Gram Sadak Yojana,Monthly Report Format for Physical & Financial Progress under PMGSY,State: Himachal Pradesh     District: All Districts     Block: All Blocks     Year: 2015     Month: January     Collaboration: All Collaborations     Agency:  Public Works Department   Scheme: All Scheme,Note : All Costs and Expenditures in Lakhs and Length in Kms.,Clearance,Progress During Month,Cumulative Progress,New Connectivity,Upgradation,Total,New Connectivity,Upgradation,Total,New Connectivity,Upgradation,Total,Sr.No.,Sanction Year,Nos.,Length,Cost,1000+,999-500,499-250 (Eligible),Nos.,Length,Cost,LSB Nos.,Road Nos.,Road Length,Cost,Funds Released,Nos.,Length,Expenditure,1000+,999-500,499-250 (Eligible),Nos.,Length,Expenditure,Nos.,Length,Expenditure,Nos.,Length,Expenditure,1000+,999-500,499-250 (Eligible),Nos.,Length,Expenditure,LSB Nos.,Road Nos.,Road Length,Expenditure,Mandi,2018 - 2019,32,196.655,"13,298.94",0,5,17,0,35,292.285,"15,762.35",7,67,488.940,"29,061.29",0.00,0,0.000,0.00,0,0,0,0,0,0.000,0.00,0,0.000,0.00,0,0.000,,0,0,0,0,0,0.000,0.00,0,0,0.000,0.00,Total,518,"2,786.255","96,692.14",10,132,300,0,152,"1,624.115","87,428.00",18,670,"4,410.370","1,84,120.14",0.00,0,0.000,"19,061.49",0,0,0,0,0,0.000,"6,445.18",0,0.000,"25,506.67",228,"1,059.188","19,143.68",6,108,177,0,34,361.585,"6,535.72",0,262,"1,420.773","25,710.91",Grand Total,"2,828","14,912.843","5,22,499.08",197,816,"1,549",0,"1,049","10,064.773","6,11,256.74",126,"3,877","24,977.616","11,33,755.83",0.00,7,32.021,"1,56,370.80",0,0,3,0,0,0.000,"42,249.24",7,32.021,"1,98,649.45","1,613","7,343.664","1,58,387.30",179,696,"1,041",0,227,"2,403.111","42,429.07",0,"1,840","9,746.775","2,00,991.92","Page 1 of 1     Generated on : 12/03/2025 23:17 PM     2014 NRRDA, All rights reserved"
Pradhan Mantri Gram Sadak Yojana,Monthly Report Format for Physical & Financial Progress under PMGSY,State: Himachal Pradesh     District: All Districts     Block: All Blocks     Year: 2015     Month: January     Collaboration: All Collaborations     Agency:  Public Works Department   Scheme: All Scheme,Note : All Costs and Expenditures in Lakhs and Length in Kms.,Clearance,Progress During Month,Cumulative Progress,New Connectivity,Upgradation,Total,New Connectivity,Upgradation,Total,New Connectivity,Upgradation,Total,Sr.No.,Sanction Year,Nos.,Length,Cost,1000+,999-500,499-250 (Eligible),Nos.,Length,Cost,LSB Nos.,Road Nos.,Road Length,Cost,Funds Released,Nos.,Length,Expenditure,1000+,999-500,499-250 (Eligible),Nos.,Length,Expenditure,Nos.,Length,Expenditure,Nos.,Length,Expenditure,1000+,999-500,499-250 (Eligible),Nos.,Length,Expenditure,LSB Nos.,Road Nos.,Road Length,Expenditure,Mandi,2019 - 2020,0,0.000,0.00,0,0,0,0,20,229.330,"18,649.31",0,20,229.330,"18,649.31",0.00,0,0.000,0.00,0,0,0,0,0,0.000,0.00,0,0.000,0.00,0,0.000,,0,0,0,0,0,0.000,0.00,0,0,0.000,0.00,Total,518,"2,786.255","96,692.14",10,132,300,0,152,"1,624.115","87,428.00",18,670,"4,410.370","1,84,120.14",0.00,0,0.000,"19,061.49",0,0,0,0,0,0.000,"6,445.18",0,0.000,"25,506.67",228,"1,059.188","19,143.68",6,108,177,0,34,361.585,"6,535.72",0,262,"1,420.773","25,710.91",Grand Total,"2,828","14,912.843","5,22,499.08",197,816,"1,549",0,"1,049","10,064.773","6,11,256.74",126,"3,877","24,977.616","11,33,755.83",0.00,7,32.021,"1,56,370.80",0,0,3,0,0,0.000,"42,249.24",7,32.021,"1,98,649.45","1,613","7,343.664","1,58,387.30",179,696,"1,041",0,227,"2,403.111","42,429.07",0,"1,840","9,746.775","2,00,991.92","Page 1 of 1     Generated on : 12/03/2025 23:17 PM     2014 NRRDA, All rights reserved"
Pradhan Mantri Gram Sadak Yojana,Monthly Report Format for Physical & Financial Progress under PMGSY,State: Himachal Pradesh     District: All Districts     Block: All Blocks     Year: 2015     Month: January     Collaboration: All Collaborations     Agency:  Public Works Department   Scheme: All Scheme,Note : All Costs and Expenditures in Lakhs and Length in Kms.,Clearance,Progress During Month,Cumulative Progress,New Connectivity,Upgradation,Total,New Connectivity,Upgradation,Total,New Connectivity,Upgradation,Total,Sr.No.,Sanction Year,Nos.,Length,Cost,1000+,999-500,499-250 (Eligible),Nos.,Length,Cost,LSB Nos.,Road Nos.,Road Length,Cost,Funds Released,Nos.,Length,Expenditure,1000+,999-500,499-250 (Eligible),Nos.,Length,Expenditure,Nos.,Length,Expenditure,Nos.,Length,Expenditure,1000+,999-500,499-250 (Eligible),Nos.,Length,Expenditure,LSB Nos.,Road Nos.,Road Length,Expenditure,Mandi,2022 - 2023,0,0.000,0.00,0,0,0,0,6,40.565,"4,480.31",0,6,40.565,"4,480.31",0.00,0,0.000,0.00,0,0,0,0,0,0.000,0.00,0,0.000,0.00,0,0.000,,0,0,0,0,0,0.000,0.00,0,0,0.000,0.00,Total,518,"2,786.255","96,692.14",10,132,300,0,152,"1,624.115","87,428.00",18,670,"4,410.370","1,84,120.14",0.00,0,0.000,"19,061.49",0,0,0,0,0,0.000,"6,445.18",0,0.000,"25,506.67",228,"1,059.188","19,143.68",6,108,177,0,34,361.585,"6,535.72",0,262,"1,420.773","25,710.91",Grand Total,"2,828","14,912.843","5,22,499.08",197,816,"1,549",0,"1,049","10,064.773","6,11,256.74",126,"3,877","24,977.616","11,33,755.83",0.00,7,32.021,"1,56,370.80",0,0,3,0,0,0.000,"42,249.24",7,32.021,"1,98,649.45","1,613","7,343.664","1,58,387.30",179,696,"1,041",0,227,"2,403.111","42,429.07",0,"1,840","9,746.775","2,00,991.92","Page 1 of 1     Generated on : 12/03/2025 23:17 PM     2014 NRRDA, All rights reserved"
Pradhan Mantri Gram Sadak Yojana,Monthly Report Format for Physical & Financial Progress under PMGSY,State: Himachal Pradesh     District: All Districts     Block: All Blocks     Year: 2015     Month: January     Collaboration: All Collaborations     Agency:  Public Works Department   Scheme: All Scheme,Note : All Costs and Expenditures in Lakhs and Length in Kms.,Clearance,Progress During Month,Cumulative Progress,New Connectivity,Upgradation,Total,New Connectivity,Upgradation,Total,New Connectivity,Upgradation,Total,Sr.No.,Sanction Year,Nos.,Length,Cost,1000+,999-500,499-250 (Eligible),Nos.,Length,Cost,LSB Nos.,Road Nos.,Road Length,Cost,Funds Released,Nos.,Length,Expenditure,1000+,999-500,499-250 (Eligible),Nos.,Length,Expenditure,Nos.,Length,Expenditure,Nos.,Length,Expenditure,1000+,999-500,499-250 (Eligible),Nos.,Length,Expenditure,LSB Nos.,Road Nos.,Road Length,Expenditure,Mandi,2023 - 2024,0,0.000,0.00,0,0,0,0,23,321.535,"31,477.18",0,23,321.535,"31,477.18",0.00,0,0.000,0.00,0,0,0,0,0,0.000,0.00,0,0.000,0.00,0,0.000,,0,0,0,0,0,0.000,0.00,0,0,0.000,0.00,Total,518,"2,786.255","96,692.14",10,132,300,0,152,"1,624.115","87,428.00",18,670,"4,410.370","1,84,120.14",0.00,0,0.000,"19,061.49",0,0,0,0,0,0.000,"6,445.18",0,0.000,"25,506.67",228,"1,059.188","19,143.68",6,108,177,0,34,361.585,"6,535.72",0,262,"1,420.773","25,710.91",Grand Total,"2,828","14,912.843","5,22,499.08",197,816,"1,549",0,"1,049","10,064.773","6,11,256.74",126,"3,877","24,977.616","11,33,755.83",0.00,7,32.021,"1,56,370.80",0,0,3,0,0,0.000,"42,249.24",7,32.021,"1,98,649.45","1,613","7,343.664","1,58,387.30",179,696,"1,041",0,227,"2,403.111","42,429.07",0,"1,840","9,746.775","2,00,991.92","Page 1 of 1     Generated on : 12/03/2025 23:17 PM     2014 NRRDA, All rights reserved"
Pradhan Mantri Gram Sadak Yojana,Monthly Report Format for Physical & Financial Progress under PMGSY,State: Himachal Pradesh     District: All Districts     Block: All Blocks     Year: 2015     Month: January     Collaboration: All Collaborations     Agency:  Public Works Department   Scheme: All Scheme,Note : All Costs and Expenditures in Lakhs and Length in Kms.,Clearance,Progress During Month,Cumulative Progress,New Connectivity,Upgradation,Total,New Connectivity,Upgradation,Total,New Connectivity,Upgradation,Total,Sr.No.,Sanction Year,Nos.,Length,Cost,1000+,999-500,499-250 (Eligible),Nos.,Length,Cost,LSB Nos.,Road Nos.,Road Length,Cost,Funds Released,Nos.,Length,Expenditure,1000+,999-500,499-250 (Eligible),Nos.,Length,Expenditure,Nos.,Length,Expenditure,Nos.,Length,Expenditure,1000+,999-500,499-250 (Eligible),Nos.,Length,Expenditure,LSB Nos.,Road Nos.,Road Length,Expenditure,Shimla,2000 - 2001,15,44.750,600.00,0,2,10,0,0,0.000,0.00,0,15,44.750,600.00,0.00,0,0.000,563.22,0,0,0,0,0,0.000,0.00,0,0.000,563.22,15,44.750,563.22,0,2,10,0,0,0.000,0.00,0,15,44.750,563.22,Total,434,"3,028.747","1,11,636.96",12,94,209,0,110,"1,278.535","86,306.09",8,544,"4,307.282","1,97,943.05",0.00,0,0.000,"32,296.13",0,0,0,0,0,0.000,"8,514.50",0,0.000,"40,810.63",201,"1,365.447","32,791.73",12,77,136,0,22,260.730,"8,587.67",0,223,"1,626.177","41,379.40",Grand Total,"2,828","14,912.843","5,22,499.08",197,816,"1,549",0,"1,049","10,064.773","6,11,256.74",126,"3,877","24,977.616","11,33,755.83",0.00,7,32.021,"1,56,370.80",0,0,3,0,0,0.000,"42,249.24",7,32.021,"1,98,649.45","1,613","7,343.664","1,58,387.30",179,696,"1,041",0,227,"2,403.111","42,429.07",0,"1,840","9,746.775","2,00,991.92","Page 1 of 1     Generated on : 12/03/2025 23:17 PM     2014 NRRDA, All rights reserved"
Pradhan Mantri Gram Sadak Yojana,Monthly Report Format for Physical & Financial Progress under PMGSY,State: Himachal Pradesh     District: All Districts     Block: All Blocks     Year: 2015     Month: January     Collaboration: All Collaborations     Agency:  Public Works Department   Scheme: All Scheme,Note : All Costs and Expenditures in Lakhs and Length in Kms.,Clearance,Progress During Month,Cumulative Progress,New Connectivity,Upgradation,Total,New Connectivity,Upgradation,Total,New Connectivity,Upgradation,Total,Sr.No.,Sanction Year,Nos.,Length,Cost,1000+,999-500,499-250 (Eligible),Nos.,Length,Cost,LSB Nos.,Road Nos.,Road Length,Cost,Funds Released,Nos.,Length,Expenditure,1000+,999-500,499-250 (Eligible),Nos.,Length,Expenditure,Nos.,Length,Expenditure,Nos.,Length,Expenditure,1000+,999-500,499-250 (Eligible),Nos.,Length,Expenditure,LSB Nos.,Road Nos.,Road Length,Expenditure,Shimla,2001 - 2002,21,113.830,"1,611.67",4,12,9,0,0,0.000,0.00,0,21,113.830,"1,611.67",0.00,0,0.000,"1,461.75",0,0,0,0,0,0.000,0.00,0,0.000,"1,461.75",20,103.830,"1,466.53",4,11,8,0,0,0.000,0.00,0,20,103.830,"1,466.53",Total,434,"3,028.747","1,11,636.96",12,94,209,0,110,"1,278.535","86,306.09",8,544,"4,307.282","1,97,943.05",0.00,0,0.000,"32,296.13",0,0,0,0,0,0.000,"8,514.50",0,0.000,"40,810.63",201,"1,365.447","32,791.73",12,77,136,0,22,260.730,"8,587.67",0,223,"1,626.177","41,379.40",Grand Total,"2,828","14,912.843","5,22,499.08",197,816,"1,549",0,"1,049","10,064.773","6,11,256.74",126,"3,877","24,977.616","11,33,755.83",0.00,7,32.021,"1,56,370.80",0,0,3,0,0,0.000,"42,249.24",7,32.021,"1,98,649.45","1,613","7,343.664","1,58,387.30",179,696,"1,041",0,227,"2,403.111","42,429.07",0,"1,840","9,746.775","2,00,991.92","Page 1 of 1     Generated on : 12/03/2025 23:17 PM     2014 NRRDA, All rights reserved"
Pradhan Mantri Gram Sadak Yojana,Monthly Report Format for Physical & Financial Progress under PMGSY,State: Himachal Pradesh     District: All Districts     Block: All Blocks     Year: 2015     Month: January     Collaboration: All Collaborations     Agency:  Public Works Department   Scheme: All Scheme,Note : All Costs and Expenditures in Lakhs and Length in Kms.,Clearance,Progress During Month,Cumulative Progress,New Connectivity,Upgradation,Total,New Connectivity,Upgradation,Total,New Connectivity,Upgradation,Total,Sr.No.,Sanction Year,Nos.,Length,Cost,1000+,999-500,499-250 (Eligible),Nos.,Length,Cost,LSB Nos.,Road Nos.,Road Length,Cost,Funds Released,Nos.,Length,Expenditure,1000+,999-500,499-250 (Eligible),Nos.,Length,Expenditure,Nos.,Length,Expenditure,Nos.,Length,Expenditure,1000+,999-500,499-250 (Eligible),Nos.,Length,Expenditure,LSB Nos.,Road Nos.,Road Length,Expenditure,Shimla,2003 - 2004,57,423.859,"6,462.51",2,20,49,0,0,0.000,0.00,0,57,423.859,"6,462.51",0.00,0,0.000,"6,316.68",0,0,0,0,0,0.000,0.00,0,0.000,"6,316.68",56,415.384,"6,318.10",2,18,49,0,0,0.000,0.00,0,56,415.384,"6,318.10",Total,434,"3,028.747","1,11,636.96",12,94,209,0,110,"1,278.535","86,306.09",8,544,"4,307.282","1,97,943.05",0.00,0,0.000,"32,296.13",0,0,0,0,0,0.000,"8,514.50",0,0.000,"40,810.63",201,"1,365.447","32,791.73",12,77,136,0,22,260.730,"8,587.67",0,223,"1,626.177","41,379.40",Grand Total,"2,828","14,912.843","5,22,499.08",197,816,"1,549",0,"1,049","10,064.773","6,11,256.74",126,"3,877","24,977.616","11,33,755.83",0.00,7,32.021,"1,56,370.80",0,0,3,0,0,0.000,"42,249.24",7,32.021,"1,98,649.45","1,613","7,343.664","1,58,387.30",179,696,"1,041",0,227,"2,403.111","42,429.07",0,"1,840","9,746.775","2,00,991.92","Page 1 of 1     Generated on : 12/03/2025 23:17 PM     2014 NRRDA, All rights reserved"
Pradhan Mantri Gram Sadak Yojana,Monthly Report Format for Physical & Financial Progress under PMGSY,State: Himachal Pradesh     District: All Districts     Block: All Blocks     Year: 2015     Month: January     Collaboration: All Collaborations     Agency:  Public Works Department   Scheme: All Scheme,Note : All Costs and Expenditures in Lakhs and Length in Kms.,Clearance,Progress During Month,Cumulative Progress,New Connectivity,Upgradation,Total,New Connectivity,Upgradation,Total,New Connectivity,Upgradation,Total,Sr.No.,Sanction Year,Nos.,Length,Cost,1000+,999-500,499-250 (Eligible),Nos.,Length,Cost,LSB Nos.,Road Nos.,Road Length,Cost,Funds Released,Nos.,Length,Expenditure,1000+,999-500,499-250 (Eligible),Nos.,Length,Expenditure,Nos.,Length,Expenditure,Nos.,Length,Expenditure,1000+,999-500,499-250 (Eligible),Nos.,Length,Expenditure,LSB Nos.,Road Nos.,Road Length,Expenditure,Shimla,2004 - 2005,12,76.440,"2,455.46",1,6,10,0,0,0.000,0.00,0,12,76.440,"2,455.46",0.00,0,0.000,"2,198.68",0,0,0,0,0,0.000,0.00,0,0.000,"2,198.68",12,76.840,"2,198.68",1,6,10,0,0,0.000,0.00,0,12,76.840,"2,198.68",Total,434,"3,028.747","1,11,636.96",12,94,209,0,110,"1,278.535","86,306.09",8,544,"4,307.282","1,97,943.05",0.00,0,0.000,"32,296.13",0,0,0,0,0,0.000,"8,514.50",0,0.000,"40,810.63",201,"1,365.447","32,791.73",12,77,136,0,22,260.730,"8,587.67",0,223,"1,626.177","41,379.40",Grand Total,"2,828","14,912.843","5,22,499.08",197,816,"1,549",0,"1,049","10,064.773","6,11,256.74",126,"3,877","24,977.616","11,33,755.83",0.00,7,32.021,"1,56,370.80",0,0,3,0,0,0.000,"42,249.24",7,32.021,"1,98,649.45","1,613","7,343.664","1,58,387.30",179,696,"1,041",0,227,"2,403.111","42,429.07",0,"1,840","9,746.775","2,00,991.92","Page 1 of 1     Generated on : 12/03/2025 23:17 PM     2014 NRRDA, All rights reserved"
Pradhan Mantri Gram Sadak Yojana,Monthly Report Format for Physical & Financial Progress under PMGSY,State: Himachal Pradesh     District: All Districts     Block: All Blocks     Year: 2015     Month: January     Collaboration: All Collaborations     Agency:  Public Works Department   Scheme: All Scheme,Note : All Costs and Expenditures in Lakhs and Length in Kms.,Clearance,Progress During Month,Cumulative Progress,New Connectivity,Upgradation,Total,New Connectivity,Upgradation,Total,New Connectivity,Upgradation,Total,Sr.No.,Sanction Year,Nos.,Length,Cost,1000+,999-500,499-250 (Eligible),Nos.,Length,Cost,LSB Nos.,Road Nos.,Road Length,Cost,Funds Released,Nos.,Length,Expenditure,1000+,999-500,499-250 (Eligible),Nos.,Length,Expenditure,Nos.,Length,Expenditure,Nos.,Length,Expenditure,1000+,999-500,499-250 (Eligible),Nos.,Length,Expenditure,LSB Nos.,Road Nos.,Road Length,Expenditure,Shimla,2005 - 2006,26,237.910,"6,080.77",4,9,21,0,0,0.000,0.00,0,26,237.910,"6,080.77",0.00,0,0.000,"5,163.15",0,0,0,0,0,0.000,0.00,0,0.000,"5,163.15",23,204.570,"5,163.15",4,5,19,0,0,0.000,0.00,0,23,204.570,"5,163.15",Total,434,"3,028.747","1,11,636.96",12,94,209,0,110,"1,278.535","86,306.09",8,544,"4,307.282","1,97,943.05",0.00,0,0.000,"32,296.13",0,0,0,0,0,0.000,"8,514.50",0,0.000,"40,810.63",201,"1,365.447","32,791.73",12,77,136,0,22,260.730,"8,587.67",0,223,"1,626.177","41,379.40",Grand Total,"2,828","14,912.843","5,22,499.08",197,816,"1,549",0,"1,049","10,064.773","6,11,256.74",126,"3,877","24,977.616","11,33,755.83",0.00,7,32.021,"1,56,370.80",0,0,3,0,0,0.000,"42,249.24",7,32.021,"1,98,649.45","1,613","7,343.664","1,58,387.30",179,696,"1,041",0,227,"2,403.111","42,429.07",0,"1,840","9,746.775","2,00,991.92","Page 1 of 1     Generated on : 12/03/2025 23:17 PM     2014 NRRDA, All rights reserved"
Pradhan Mantri Gram Sadak Yojana,Monthly Report Format for Physical & Financial Progress under PMGSY,State: Himachal Pradesh     District: All Districts     Block: All Blocks     Year: 2015     Month: January     Collaboration: All Collaborations     Agency:  Public Works Department   Scheme: All Scheme,Note : All Costs and Expenditures in Lakhs and Length in Kms.,Clearance,Progress During Month,Cumulative Progress,New Connectivity,Upgradation,Total,New Connectivity,Upgradation,Total,New Connectivity,Upgradation,Total,Sr.No.,Sanction Year,Nos.,Length,Cost,1000+,999-500,499-250 (Eligible),Nos.,Length,Cost,LSB Nos.,Road Nos.,Road Length,Cost,Funds Released,Nos.,Length,Expenditure,1000+,999-500,499-250 (Eligible),Nos.,Length,Expenditure,Nos.,Length,Expenditure,Nos.,Length,Expenditure,1000+,999-500,499-250 (Eligible),Nos.,Length,Expenditure,LSB Nos.,Road Nos.,Road Length,Expenditure,Shimla,2006 - 2007,65,505.370,"12,816.01",1,39,35,0,16,202.265,"5,359.84",0,81,707.635,"18,175.85",0.00,0,0.000,"11,212.30",0,0,0,0,0,0.000,"4,484.74",0,0.000,"15,697.04",55,403.033,"11,222.78",1,33,30,0,13,150.495,"4,484.74",0,68,553.528,"15,707.52",Total,434,"3,028.747","1,11,636.96",12,94,209,0,110,"1,278.535","86,306.09",8,544,"4,307.282","1,97,943.05",0.00,0,0.000,"32,296.13",0,0,0,0,0,0.000,"8,514.50",0,0.000,"40,810.63",201,"1,365.447","32,791.73",12,77,136,0,22,260.730,"8,587.67",0,223,"1,626.177","41,379.40",Grand Total,"2,828","14,912.843","5,22,499.08",197,816,"1,549",0,"1,049","10,064.773","6,11,256.74",126,"3,877","24,977.616","11,33,755.83",0.00,7,32.021,"1,56,370.80",0,0,3,0,0,0.000,"42,249.24",7,32.021,"1,98,649.45","1,613","7,343.664","1,58,387.30",179,696,"1,041",0,227,"2,403.111","42,429.07",0,"1,840","9,746.775","2,00,991.92","Page 1 of 1     Generated on : 12/03/2025 23:17 PM     2014 NRRDA, All rights reserved"
Pradhan Mantri Gram Sadak Yojana,Monthly Report Format for Physical & Financial Progress under PMGSY,State: Himachal Pradesh     District: All Districts     Block: All Blocks     Year: 2015     Month: January     Collaboration: All Collaborations     Agency:  Public Works Department   Scheme: All Scheme,Note : All Costs and Expenditures in Lakhs and Length in Kms.,Clearance,Progress During Month,Cumulative Progress,New Connectivity,Upgradation,Total,New Connectivity,Upgradation,Total,New Connectivity,Upgradation,Total,Sr.No.,Sanction Year,Nos.,Length,Cost,1000+,999-500,499-250 (Eligible),Nos.,Length,Cost,LSB Nos.,Road Nos.,Road Length,Cost,Funds Released,Nos.,Length,Expenditure,1000+,999-500,499-250 (Eligible),Nos.,Length,Expenditure,Nos.,Length,Expenditure,Nos.,Length,Expenditure,1000+,999-500,499-250 (Eligible),Nos.,Length,Expenditure,LSB Nos.,Road Nos.,Road Length,Expenditure,Shimla,2007 - 2008,6,51.515,"1,194.56",0,0,2,0,11,165.160,"4,116.33",0,17,216.675,"5,310.89",0.00,0,0.000,766.13,0,0,0,0,0,0.000,"2,982.81",0,0.000,"3,748.94",4,26.515,908.59,0,0,1,0,7,84.800,"3,055.98",0,11,111.315,"3,964.57",Total,434,"3,028.747","1,11,636.96",12,94,209,0,110,"1,278.535","86,306.09",8,544,"4,307.282","1,97,943.05",0.00,0,0.000,"32,296.13",0,0,0,0,0,0.000,"8,514.50",0,0.000,"40,810.63",201,"1,365.447","32,791.73",12,77,136,0,22,260.730,"8,587.67",0,223,"1,626.177","41,379.40",Grand Total,"2,828","14,912.843","5,22,499.08",197,816,"1,549",0,"1,049","10,064.773","6,11,256.74",126,"3,877","24,977.616","11,33,755.83",0.00,7,32.021,"1,56,370.80",0,0,3,0,0,0.000,"42,249.24",7,32.021,"1,98,649.45","1,613","7,343.664","1,58,387.30",179,696,"1,041",0,227,"2,403.111","42,429.07",0,"1,840","9,746.775","2,00,991.92","Page 1 of 1     Generated on : 12/03/2025 23:17 PM     2014 NRRDA, All rights reserved"
Pradhan Mantri Gram Sadak Yojana,Monthly Report Format for Physical & Financial Progress under PMGSY,State: Himachal Pradesh     District: All Districts     Block: All Blocks     Year: 2015     Month: January     Collaboration: All Collaborations     Agency:  Public Works Department   Scheme: All Scheme,Note : All Costs and Expenditures in Lakhs and Length in Kms.,Clearance,Progress During Month,Cumulative Progress,New Connectivity,Upgradation,Total,New Connectivity,Upgradation,Total,New Connectivity,Upgradation,Total,Sr.No.,Sanction Year,Nos.,Length,Cost,1000+,999-500,499-250 (Eligible),Nos.,Length,Cost,LSB Nos.,Road Nos.,Road Length,Cost,Funds Released,Nos.,Length,Expenditure,1000+,999-500,499-250 (Eligible),Nos.,Length,Expenditure,Nos.,Length,Expenditure,Nos.,Length,Expenditure,1000+,999-500,499-250 (Eligible),Nos.,Length,Expenditure,LSB Nos.,Road Nos.,Road Length,Expenditure,Shimla,2008 - 2009,3,28.530,942.04,0,4,0,0,0,0.000,0.00,0,3,28.530,942.04,0.00,0,0.000,389.08,0,0,0,0,0,0.000,0.00,0,0.000,389.08,2,10.530,389.08,0,2,0,0,0,0.000,0.00,0,2,10.530,389.08,Total,434,"3,028.747","1,11,636.96",12,94,209,0,110,"1,278.535","86,306.09",8,544,"4,307.282","1,97,943.05",0.00,0,0.000,"32,296.13",0,0,0,0,0,0.000,"8,514.50",0,0.000,"40,810.63",201,"1,365.447","32,791.73",12,77,136,0,22,260.730,"8,587.67",0,223,"1,626.177","41,379.40",Grand Total,"2,828","14,912.843","5,22,499.08",197,816,"1,549",0,"1,049","10,064.773","6,11,256.74",126,"3,877","24,977.616","11,33,755.83",0.00,7,32.021,"1,56,370.80",0,0,3,0,0,0.000,"42,249.24",7,32.021,"1,98,649.45","1,613","7,343.664","1,58,387.30",179,696,"1,041",0,227,"2,403.111","42,429.07",0,"1,840","9,746.775","2,00,991.92","Page 1 of 1     Generated on : 12/03/2025 23:17 PM     2014 NRRDA, All rights reserved"
Pradhan Mantri Gram Sadak Yojana,Monthly Report Format for Physical & Financial Progress under PMGSY,State: Himachal Pradesh     District: All Districts     Block: All Blocks     Year: 2015     Month: January     Collaboration: All Collaborations     Agency:  Public Works Department   Scheme: All Scheme,Note : All Costs and Expenditures in Lakhs and Length in Kms.,Clearance,Progress During Month,Cumulative Progress,New Connectivity,Upgradation,Total,New Connectivity,Upgradation,Total,New Connectivity,Upgradation,Total,Sr.No.,Sanction Year,Nos.,Length,Cost,1000+,999-500,499-250 (Eligible),Nos.,Length,Cost,LSB Nos.,Road Nos.,Road Length,Cost,Funds Released,Nos.,Length,Expenditure,1000+,999-500,499-250 (Eligible),Nos.,Length,Expenditure,Nos.,Length,Expenditure,Nos.,Length,Expenditure,1000+,999-500,499-250 (Eligible),Nos.,Length,Expenditure,LSB Nos.,Road Nos.,Road Length,Expenditure,Shimla,2009 - 2010,10,33.720,"1,009.83",0,0,9,0,2,25.440,"1,105.22",0,12,59.160,"2,115.05",0.00,0,0.000,839.24,0,0,0,0,0,0.000,"1,046.95",0,0.000,"1,886.19",9,28.660,839.24,0,0,8,0,2,25.435,"1,046.95",0,11,54.095,"1,886.19",Total,434,"3,028.747","1,11,636.96",12,94,209,0,110,"1,278.535","86,306.09",8,544,"4,307.282","1,97,943.05",0.00,0,0.000,"32,296.13",0,0,0,0,0,0.000,"8,514.50",0,0.000,"40,810.63",201,"1,365.447","32,791.73",12,77,136,0,22,260.730,"8,587.67",0,223,"1,626.177","41,379.40",Grand Total,"2,828","14,912.843","5,22,499.08",197,816,"1,549",0,"1,049","10,064.773","6,11,256.74",126,"3,877","24,977.616","11,33,755.83",0.00,7,32.021,"1,56,370.80",0,0,3,0,0,0.000,"42,249.24",7,32.021,"1,98,649.45","1,613","7,343.664","1,58,387.30",179,696,"1,041",0,227,"2,403.111","42,429.07",0,"1,840","9,746.775","2,00,991.92","Page 1 of 1     Generated on : 12/03/2025 23:17 PM     2014 NRRDA, All rights reserved"
Pradhan Mantri Gram Sadak Yojana,Monthly Report Format for Physical & Financial Progress under PMGSY,State: Himachal Pradesh     District: All Districts     Block: All Blocks     Year: 2015     Month: January     Collaboration: All Collaborations     Agency:  Public Works Department   Scheme: All Scheme,Note : All Costs and Expenditures in Lakhs and Length in Kms.,Clearance,Progress During Month,Cumulative Progress,New Connectivity,Upgradation,Total,New Connectivity,Upgradation,Total,New Connectivity,Upgradation,Total,Sr.No.,Sanction Year,Nos.,Length,Cost,1000+,999-500,499-250 (Eligible),Nos.,Length,Cost,LSB Nos.,Road Nos.,Road Length,Cost,Funds Released,Nos.,Length,Expenditure,1000+,999-500,499-250 (Eligible),Nos.,Length,Expenditure,Nos.,Length,Expenditure,Nos.,Length,Expenditure,1000+,999-500,499-250 (Eligible),Nos.,Length,Expenditure,LSB Nos.,Road Nos.,Road Length,Expenditure,Shimla,2011 - 2012,20,145.740,"3,494.48",0,0,7,0,0,0.000,0.00,0,20,145.740,"3,494.48",0.00,0,0.000,"2,149.08",0,0,0,0,0,0.000,0.00,0,0.000,"2,149.08",4,50.645,"2,245.44",0,0,1,0,0,0.000,0.00,0,4,50.645,"2,245.44",Total,434,"3,028.747","1,11,636.96",12,94,209,0,110,"1,278.535","86,306.09",8,544,"4,307.282","1,97,943.05",0.00,0,0.000,"32,296.13",0,0,0,0,0,0.000,"8,514.50",0,0.000,"40,810.63",201,"1,365.447","32,791.73",12,77,136,0,22,260.730,"8,587.67",0,223,"1,626.177","41,379.40",Grand Total,"2,828","14,912.843","5,22,499.08",197,816,"1,549",0,"1,049","10,064.773","6,11,256.74",126,"3,877","24,977.616","11,33,755.83",0.00,7,32.021,"1,56,370.80",0,0,3,0,0,0.000,"42,249.24",7,32.021,"1,98,649.45","1,613","7,343.664","1,58,387.30",179,696,"1,041",0,227,"2,403.111","42,429.07",0,"1,840","9,746.775","2,00,991.92","Page 1 of 1     Generated on : 12/03/2025 23:17 PM     2014 NRRDA, All rights reserved"
Pradhan Mantri Gram Sadak Yojana,Monthly Report Format for Physical & Financial Progress under PMGSY,State: Himachal Pradesh     District: All Districts     Block: All Blocks     Year: 2015     Month: January     Collaboration: All Collaborations     Agency:  Public Works Department   Scheme: All Scheme,Note : All Costs and Expenditures in Lakhs and Length in Kms.,Clearance,Progress During Month,Cumulative Progress,New Connectivity,Upgradation,Total,New Connectivity,Upgradation,Total,New Connectivity,Upgradation,Total,Sr.No.,Sanction Year,Nos.,Length,Cost,1000+,999-500,499-250 (Eligible),Nos.,Length,Cost,LSB Nos.,Road Nos.,Road Length,Cost,Funds Released,Nos.,Length,Expenditure,1000+,999-500,499-250 (Eligible),Nos.,Length,Expenditure,Nos.,Length,Expenditure,Nos.,Length,Expenditure,1000+,999-500,499-250 (Eligible),Nos.,Length,Expenditure,LSB Nos.,Road Nos.,Road Length,Expenditure,Shimla,2013 - 2014,39,225.370,"8,438.36",0,0,2,0,0,0.000,0.00,0,39,225.370,"8,438.36",0.00,0,0.000,"1,202.36",0,0,0,0,0,0.000,0.00,0,0.000,"1,202.36",1,0.690,"1,310.91",0,0,0,0,0,0.000,0.00,0,1,0.690,"1,310.91",Total,434,"3,028.747","1,11,636.96",12,94,209,0,110,"1,278.535","86,306.09",8,544,"4,307.282","1,97,943.05",0.00,0,0.000,"32,296.13",0,0,0,0,0,0.000,"8,514.50",0,0.000,"40,810.63",201,"1,365.447","32,791.73",12,77,136,0,22,260.730,"8,587.67",0,223,"1,626.177","41,379.40",Grand Total,"2,828","14,912.843","5,22,499.08",197,816,"1,549",0,"1,049","10,064.773","6,11,256.74",126,"3,877","24,977.616","11,33,755.83",0.00,7,32.021,"1,56,370.80",0,0,3,0,0,0.000,"42,249.24",7,32.021,"1,98,649.45","1,613","7,343.664","1,58,387.30",179,696,"1,041",0,227,"2,403.111","42,429.07",0,"1,840","9,746.775","2,00,991.92","Page 1 of 1     Generated on : 12/03/2025 23:17 PM     2014 NRRDA, All rights reserved"
Pradhan Mantri Gram Sadak Yojana,Monthly Report Format for Physical & Financial Progress under PMGSY,State: Himachal Pradesh     District: All Districts     Block: All Blocks     Year: 2015     Month: January     Collaboration: All Collaborations     Agency:  Public Works Department   Scheme: All Scheme,Note : All Costs and Expenditures in Lakhs and Length in Kms.,Clearance,Progress During Month,Cumulative Progress,New Connectivity,Upgradation,Total,New Connectivity,Upgradation,Total,New Connectivity,Upgradation,Total,Sr.No.,Sanction Year,Nos.,Length,Cost,1000+,999-500,499-250 (Eligible),Nos.,Length,Cost,LSB Nos.,Road Nos.,Road Length,Cost,Funds Released,Nos.,Length,Expenditure,1000+,999-500,499-250 (Eligible),Nos.,Length,Expenditure,Nos.,Length,Expenditure,Nos.,Length,Expenditure,1000+,999-500,499-250 (Eligible),Nos.,Length,Expenditure,LSB Nos.,Road Nos.,Road Length,Expenditure,Shimla,2014 - 2015,15,136.670,"6,500.75",0,0,2,0,0,0.000,0.00,0,15,136.670,"6,500.75",0.00,0,0.000,34.46,0,0,0,0,0,0.000,0.00,0,0.000,34.46,0,0.000,166.01,0,0,0,0,0,0.000,0.00,0,0,0.000,166.01,Total,434,"3,028.747","1,11,636.96",12,94,209,0,110,"1,278.535","86,306.09",8,544,"4,307.282","1,97,943.05",0.00,0,0.000,"32,296.13",0,0,0,0,0,0.000,"8,514.50",0,0.000,"40,810.63",201,"1,365.447","32,791.73",12,77,136,0,22,260.730,"8,587.67",0,223,"1,626.177","41,379.40",Grand Total,"2,828","14,912.843","5,22,499.08",197,816,"1,549",0,"1,049","10,064.773","6,11,256.74",126,"3,877","24,977.616","11,33,755.83",0.00,7,32.021,"1,56,370.80",0,0,3,0,0,0.000,"42,249.24",7,32.021,"1,98,649.45","1,613","7,343.664","1,58,387.30",179,696,"1,041",0,227,"2,403.111","42,429.07",0,"1,840","9,746.775","2,00,991.92","Page 1 of 1     Generated on : 12/03/2025 23:17 PM     2014 NRRDA, All rights reserved"
Pradhan Mantri Gram Sadak Yojana,Monthly Report Format for Physical & Financial Progress under PMGSY,State: Himachal Pradesh     District: All Districts     Block: All Blocks     Year: 2015     Month: January     Collaboration: All Collaborations     Agency:  Public Works Department   Scheme: All Scheme,Note : All Costs and Expenditures in Lakhs and Length in Kms.,Clearance,Progress During Month,Cumulative Progress,New Connectivity,Upgradation,Total,New Connectivity,Upgradation,Total,New Connectivity,Upgradation,Total,Sr.No.,Sanction Year,Nos.,Length,Cost,1000+,999-500,499-250 (Eligible),Nos.,Length,Cost,LSB Nos.,Road Nos.,Road Length,Cost,Funds Released,Nos.,Length,Expenditure,1000+,999-500,499-250 (Eligible),Nos.,Length,Expenditure,Nos.,Length,Expenditure,Nos.,Length,Expenditure,1000+,999-500,499-250 (Eligible),Nos.,Length,Expenditure,LSB Nos.,Road Nos.,Road Length,Expenditure,Shimla,2016 - 2017,101,649.616,"38,465.89",0,2,30,0,10,76.155,"5,374.69",5,111,725.771,"43,840.58",0.00,0,0.000,0.00,0,0,0,0,0,0.000,0.00,0,0.000,0.00,0,0.000,,0,0,0,0,0,0.000,0.00,0,0,0.000,0.00,Total,434,"3,028.747","1,11,636.96",12,94,209,0,110,"1,278.535","86,306.09",8,544,"4,307.282","1,97,943.05",0.00,0,0.000,"32,296.13",0,0,0,0,0,0.000,"8,514.50",0,0.000,"40,810.63",201,"1,365.447","32,791.73",12,77,136,0,22,260.730,"8,587.67",0,223,"1,626.177","41,379.40",Grand Total,"2,828","14,912.843","5,22,499.08",197,816,"1,549",0,"1,049","10,064.773","6,11,256.74",126,"3,877","24,977.616","11,33,755.83",0.00,7,32.021,"1,56,370.80",0,0,3,0,0,0.000,"42,249.24",7,32.021,"1,98,649.45","1,613","7,343.664","1,58,387.30",179,696,"1,041",0,227,"2,403.111","42,429.07",0,"1,840","9,746.775","2,00,991.92","Page 1 of 1     Generated on : 12/03/2025 23:17 PM     2014 NRRDA, All rights reserved"
Pradhan Mantri Gram Sadak Yojana,Monthly Report Format for Physical & Financial Progress under PMGSY,State: Himachal Pradesh     District: All Districts     Block: All Blocks     Year: 2015     Month: January     Collaboration: All Collaborations     Agency:  Public Works Department   Scheme: All Scheme,Note : All Costs and Expenditures in Lakhs and Length in Kms.,Clearance,Progress During Month,Cumulative Progress,New Connectivity,Upgradation,Total,New Connectivity,Upgradation,Total,New Connectivity,Upgradation,Total,Sr.No.,Sanction Year,Nos.,Length,Cost,1000+,999-500,499-250 (Eligible),Nos.,Length,Cost,LSB Nos.,Road Nos.,Road Length,Cost,Funds Released,Nos.,Length,Expenditure,1000+,999-500,499-250 (Eligible),Nos.,Length,Expenditure,Nos.,Length,Expenditure,Nos.,Length,Expenditure,1000+,999-500,499-250 (Eligible),Nos.,Length,Expenditure,LSB Nos.,Road Nos.,Road Length,Expenditure,Shimla,2017 - 2018,37,285.737,"17,569.69",0,0,20,0,3,20.855,"1,120.04",3,40,306.592,"18,689.73",0.00,0,0.000,0.00,0,0,0,0,0,0.000,0.00,0,0.000,0.00,0,0.000,,0,0,0,0,0,0.000,0.00,0,0,0.000,0.00,Total,434,"3,028.747","1,11,636.96",12,94,209,0,110,"1,278.535","86,306.09",8,544,"4,307.282","1,97,943.05",0.00,0,0.000,"32,296.13",0,0,0,0,0,0.000,"8,514.50",0,0.000,"40,810.63",201,"1,365.447","32,791.73",12,77,136,0,22,260.730,"8,587.67",0,223,"1,626.177","41,379.40",Grand Total,"2,828","14,912.843","5,22,499.08",197,816,"1,549",0,"1,049","10,064.773","6,11,256.74",126,"3,877","24,977.616","11,33,755.83",0.00,7,32.021,"1,56,370.80",0,0,3,0,0,0.000,"42,249.24",7,32.021,"1,98,649.45","1,613","7,343.664","1,58,387.30",179,696,"1,041",0,227,"2,403.111","42,429.07",0,"1,840","9,746.775","2,00,991.92","Page 1 of 1     Generated on : 12/03/2025 23:17 PM     2014 NRRDA, All rights reserved"
Pradhan Mantri Gram Sadak Yojana,Monthly Report Format for Physical & Financial Progress under PMGSY,State: Himachal Pradesh     District: All Districts     Block: All Blocks     Year: 2015     Month: January     Collaboration: All Collaborations     Agency:  Public Works Department   Scheme: All Scheme,Note : All Costs and Expenditures in Lakhs and Length in Kms.,Clearance,Progress During Month,Cumulative Progress,New Connectivity,Upgradation,Total,New Connectivity,Upgradation,Total,New Connectivity,Upgradation,Total,Sr.No.,Sanction Year,Nos.,Length,Cost,1000+,999-500,499-250 (Eligible),Nos.,Length,Cost,LSB Nos.,Road Nos.,Road Length,Cost,Funds Released,Nos.,Length,Expenditure,1000+,999-500,499-250 (Eligible),Nos.,Length,Expenditure,Nos.,Length,Expenditure,Nos.,Length,Expenditure,1000+,999-500,499-250 (Eligible),Nos.,Length,Expenditure,LSB Nos.,Road Nos.,Road Length,Expenditure,Shimla,2018 - 2019,7,69.690,"3,994.94",0,0,3,0,8,87.120,"4,871.74",0,15,156.810,"8,866.68",0.00,0,0.000,0.00,0,0,0,0,0,0.000,0.00,0,0.000,0.00,0,0.000,,0,0,0,0,0,0.000,0.00,0,0,0.000,0.00,Total,434,"3,028.747","1,11,636.96",12,94,209,0,110,"1,278.535","86,306.09",8,544,"4,307.282","1,97,943.05",0.00,0,0.000,"32,296.13",0,0,0,0,0,0.000,"8,514.50",0,0.000,"40,810.63",201,"1,365.447","32,791.73",12,77,136,0,22,260.730,"8,587.67",0,223,"1,626.177","41,379.40",Grand Total,"2,828","14,912.843","5,22,499.08",197,816,"1,549",0,"1,049","10,064.773","6,11,256.74",126,"3,877","24,977.616","11,33,755.83",0.00,7,32.021,"1,56,370.80",0,0,3,0,0,0.000,"42,249.24",7,32.021,"1,98,649.45","1,613","7,343.664","1,58,387.30",179,696,"1,041",0,227,"2,403.111","42,429.07",0,"1,840","9,746.775","2,00,991.92","Page 1 of 1     Generated on : 12/03/2025 23:17 PM     2014 NRRDA, All rights reserved"
Pradhan Mantri Gram Sadak Yojana,Monthly Report Format for Physical & Financial Progress under PMGSY,State: Himachal Pradesh     District: All Districts     Block: All Blocks     Year: 2015     Month: January     Collaboration: All Collaborations     Agency:  Public Works Department   Scheme: All Scheme,Note : All Costs and Expenditures in Lakhs and Length in Kms.,Clearance,Progress During Month,Cumulative Progress,New Connectivity,Upgradation,Total,New Connectivity,Upgradation,Total,New Connectivity,Upgradation,Total,Sr.No.,Sanction Year,Nos.,Length,Cost,1000+,999-500,499-250 (Eligible),Nos.,Length,Cost,LSB Nos.,Road Nos.,Road Length,Cost,Funds Released,Nos.,Length,Expenditure,1000+,999-500,499-250 (Eligible),Nos.,Length,Expenditure,Nos.,Length,Expenditure,Nos.,Length,Expenditure,1000+,999-500,499-250 (Eligible),Nos.,Length,Expenditure,LSB Nos.,Road Nos.,Road Length,Expenditure,Shimla,2019 - 2020,0,0.000,0.00,0,0,0,0,11,129.860,"9,209.74",0,11,129.860,"9,209.74",0.00,0,0.000,0.00,0,0,0,0,0,0.000,0.00,0,0.000,0.00,0,0.000,,0,0,0,0,0,0.000,0.00,0,0,0.000,0.00,Total,434,"3,028.747","1,11,636.96",12,94,209,0,110,"1,278.535","86,306.09",8,544,"4,307.282","1,97,943.05",0.00,0,0.000,"32,296.13",0,0,0,0,0,0.000,"8,514.50",0,0.000,"40,810.63",201,"1,365.447","32,791.73",12,77,136,0,22,260.730,"8,587.67",0,223,"1,626.177","41,379.40",Grand Total,"2,828","14,912.843","5,22,499.08",197,816,"1,549",0,"1,049","10,064.773","6,11,256.74",126,"3,877","24,977.616","11,33,755.83",0.00,7,32.021,"1,56,370.80",0,0,3,0,0,0.000,"42,249.24",7,32.021,"1,98,649.45","1,613","7,343.664","1,58,387.30",179,696,"1,041",0,227,"2,403.111","42,429.07",0,"1,840","9,746.775","2,00,991.92","Page 1 of 1     Generated on : 12/03/2025 23:17 PM     2014 NRRDA, All rights reserved"
Pradhan Mantri Gram Sadak Yojana,Monthly Report Format for Physical & Financial Progress under PMGSY,State: Himachal Pradesh     District: All Districts     Block: All Blocks     Year: 2015     Month: January     Collaboration: All Collaborations     Agency:  Public Works Department   Scheme: All Scheme,Note : All Costs and Expenditures in Lakhs and Length in Kms.,Clearance,Progress During Month,Cumulative Progress,New Connectivity,Upgradation,Total,New Connectivity,Upgradation,Total,New Connectivity,Upgradation,Total,Sr.No.,Sanction Year,Nos.,Length,Cost,1000+,999-500,499-250 (Eligible),Nos.,Length,Cost,LSB Nos.,Road Nos.,Road Length,Cost,Funds Released,Nos.,Length,Expenditure,1000+,999-500,499-250 (Eligible),Nos.,Length,Expenditure,Nos.,Length,Expenditure,Nos.,Length,Expenditure,1000+,999-500,499-250 (Eligible),Nos.,Length,Expenditure,LSB Nos.,Road Nos.,Road Length,Expenditure,Shimla,2022 - 2023,0,0.000,0.00,0,0,0,0,3,22.630,"2,599.91",0,3,22.630,"2,599.91",0.00,0,0.000,0.00,0,0,0,0,0,0.000,0.00,0,0.000,0.00,0,0.000,,0,0,0,0,0,0.000,0.00,0,0,0.000,0.00,Total,434,"3,028.747","1,11,636.96",12,94,209,0,110,"1,278.535","86,306.09",8,544,"4,307.282","1,97,943.05",0.00,0,0.000,"32,296.13",0,0,0,0,0,0.000,"8,514.50",0,0.000,"40,810.63",201,"1,365.447","32,791.73",12,77,136,0,22,260.730,"8,587.67",0,223,"1,626.177","41,379.40",Grand Total,"2,828","14,912.843","5,22,499.08",197,816,"1,549",0,"1,049","10,064.773","6,11,256.74",126,"3,877","24,977.616","11,33,755.83",0.00,7,32.021,"1,56,370.80",0,0,3,0,0,0.000,"42,249.24",7,32.021,"1,98,649.45","1,613","7,343.664","1,58,387.30",179,696,"1,041",0,227,"2,403.111","42,429.07",0,"1,840","9,746.775","2,00,991.92","Page 1 of 1     Generated on : 12/03/2025 23:17 PM     2014 NRRDA, All rights reserved"
Pradhan Mantri Gram Sadak Yojana,Monthly Report Format for Physical & Financial Progress under PMGSY,State: Himachal Pradesh     District: All Districts     Block: All Blocks     Year: 2015     Month: January     Collaboration: All Collaborations     Agency:  Public Works Department   Scheme: All Scheme,Note : All Costs and Expenditures in Lakhs and Length in Kms.,Clearance,Progress During Month,Cumulative Progress,New Connectivity,Upgradation,Total,New Connectivity,Upgradation,Total,New Connectivity,Upgradation,Total,Sr.No.,Sanction Year,Nos.,Length,Cost,1000+,999-500,499-250 (Eligible),Nos.,Length,Cost,LSB Nos.,Road Nos.,Road Length,Cost,Funds Released,Nos.,Length,Expenditure,1000+,999-500,499-250 (Eligible),Nos.,Length,Expenditure,Nos.,Length,Expenditure,Nos.,Length,Expenditure,1000+,999-500,499-250 (Eligible),Nos.,Length,Expenditure,LSB Nos.,Road Nos.,Road Length,Expenditure,Shimla,2023 - 2024,0,0.000,0.00,0,0,0,0,46,549.050,"52,548.59",0,46,549.050,"52,548.59",0.00,0,0.000,0.00,0,0,0,0,0,0.000,0.00,0,0.000,0.00,0,0.000,,0,0,0,0,0,0.000,0.00,0,0,0.000,0.00,Total,434,"3,028.747","1,11,636.96",12,94,209,0,110,"1,278.535","86,306.09",8,544,"4,307.282","1,97,943.05",0.00,0,0.000,"32,296.13",0,0,0,0,0,0.000,"8,514.50",0,0.000,"40,810.63",201,"1,365.447","32,791.73",12,77,136,0,22,260.730,"8,587.67",0,223,"1,626.177","41,379.40",Grand Total,"2,828","14,912.843","5,22,499.08",197,816,"1,549",0,"1,049","10,064.773","6,11,256.74",126,"3,877","24,977.616","11,33,755.83",0.00,7,32.021,"1,56,370.80",0,0,3,0,0,0.000,"42,249.24",7,32.021,"1,98,649.45","1,613","7,343.664","1,58,387.30",179,696,"1,041",0,227,"2,403.111","42,429.07",0,"1,840","9,746.775","2,00,991.92","Page 1 of 1     Generated on : 12/03/2025 23:17 PM     2014 NRRDA, All rights reserved"
Pradhan Mantri Gram Sadak Yojana,Monthly Report Format for Physical & Financial Progress under PMGSY,State: Himachal Pradesh     District: All Districts     Block: All Blocks     Year: 2015     Month: January     Collaboration: All Collaborations     Agency:  Public Works Department   Scheme: All Scheme,Note : All Costs and Expenditures in Lakhs and Length in Kms.,Clearance,Progress During Month,Cumulative Progress,New Connectivity,Upgradation,Total,New Connectivity,Upgradation,Total,New Connectivity,Upgradation,Total,Sr.No.,Sanction Year,Nos.,Length,Cost,1000+,999-500,499-250 (Eligible),Nos.,Length,Cost,LSB Nos.,Road Nos.,Road Length,Cost,Funds Released,Nos.,Length,Expenditure,1000+,999-500,499-250 (Eligible),Nos.,Length,Expenditure,Nos.,Length,Expenditure,Nos.,Length,Expenditure,1000+,999-500,499-250 (Eligible),Nos.,Length,Expenditure,LSB Nos.,Road Nos.,Road Length,Expenditure,Sirmaur,2000 - 2001,9,23.225,325.00,2,3,4,0,0,0.000,0.00,0,9,23.225,325.00,0.00,0,0.000,305.11,0,0,0,0,0,0.000,0.00,0,0.000,305.11,9,23.225,305.11,2,3,4,0,0,0.000,0.00,0,9,23.225,305.11,Total,226,"1,446.953","49,624.80",29,66,91,0,42,541.270,"34,732.91",8,268,"1,988.223","84,357.71",0.00,1,17.500,"13,379.51",0,0,1,0,0,0.000,"2,214.93",1,17.500,"15,594.44",112,667.663,"13,563.07",26,57,63,0,6,85.980,"2,214.93",0,118,753.643,"15,778.00",Grand Total,"2,828","14,912.843","5,22,499.08",197,816,"1,549",0,"1,049","10,064.773","6,11,256.74",126,"3,877","24,977.616","11,33,755.83",0.00,7,32.021,"1,56,370.80",0,0,3,0,0,0.000,"42,249.24",7,32.021,"1,98,649.45","1,613","7,343.664","1,58,387.30",179,696,"1,041",0,227,"2,403.111","42,429.07",0,"1,840","9,746.775","2,00,991.92","Page 1 of 1     Generated on : 12/03/2025 23:17 PM     2014 NRRDA, All rights reserved"
Pradhan Mantri Gram Sadak Yojana,Monthly Report Format for Physical & Financial Progress under PMGSY,State: Himachal Pradesh     District: All Districts     Block: All Blocks     Year: 2015     Month: January     Collaboration: All Collaborations     Agency:  Public Works Department   Scheme: All Scheme,Note : All Costs and Expenditures in Lakhs and Length in Kms.,Clearance,Progress During Month,Cumulative Progress,New Connectivity,Upgradation,Total,New Connectivity,Upgradation,Total,New Connectivity,Upgradation,Total,Sr.No.,Sanction Year,Nos.,Length,Cost,1000+,999-500,499-250 (Eligible),Nos.,Length,Cost,LSB Nos.,Road Nos.,Road Length,Cost,Funds Released,Nos.,Length,Expenditure,1000+,999-500,499-250 (Eligible),Nos.,Length,Expenditure,Nos.,Length,Expenditure,Nos.,Length,Expenditure,1000+,999-500,499-250 (Eligible),Nos.,Length,Expenditure,LSB Nos.,Road Nos.,Road Length,Expenditure,Sirmaur,2001 - 2002,13,47.295,832.57,7,5,3,0,0,0.000,0.00,0,13,47.295,832.57,0.00,0,0.000,128.42,0,0,0,0,0,0.000,0.00,0,0.000,128.42,13,47.295,128.42,7,5,3,0,0,0.000,0.00,0,13,47.295,128.42,Total,226,"1,446.953","49,624.80",29,66,91,0,42,541.270,"34,732.91",8,268,"1,988.223","84,357.71",0.00,1,17.500,"13,379.51",0,0,1,0,0,0.000,"2,214.93",1,17.500,"15,594.44",112,667.663,"13,563.07",26,57,63,0,6,85.980,"2,214.93",0,118,753.643,"15,778.00",Grand Total,"2,828","14,912.843","5,22,499.08",197,816,"1,549",0,"1,049","10,064.773","6,11,256.74",126,"3,877","24,977.616","11,33,755.83",0.00,7,32.021,"1,56,370.80",0,0,3,0,0,0.000,"42,249.24",7,32.021,"1,98,649.45","1,613","7,343.664","1,58,387.30",179,696,"1,041",0,227,"2,403.111","42,429.07",0,"1,840","9,746.775","2,00,991.92","Page 1 of 1     Generated on : 12/03/2025 23:17 PM     2014 NRRDA, All rights reserved"
Pradhan Mantri Gram Sadak Yojana,Monthly Report Format for Physical & Financial Progress under PMGSY,State: Himachal Pradesh     District: All Districts     Block: All Blocks     Year: 2015     Month: January     Collaboration: All Collaborations     Agency:  Public Works Department   Scheme: All Scheme,Note : All Costs and Expenditures in Lakhs and Length in Kms.,Clearance,Progress During Month,Cumulative Progress,New Connectivity,Upgradation,Total,New Connectivity,Upgradation,Total,New Connectivity,Upgradation,Total,Sr.No.,Sanction Year,Nos.,Length,Cost,1000+,999-500,499-250 (Eligible),Nos.,Length,Cost,LSB Nos.,Road Nos.,Road Length,Cost,Funds Released,Nos.,Length,Expenditure,1000+,999-500,499-250 (Eligible),Nos.,Length,Expenditure,Nos.,Length,Expenditure,Nos.,Length,Expenditure,1000+,999-500,499-250 (Eligible),Nos.,Length,Expenditure,LSB Nos.,Road Nos.,Road Length,Expenditure,Sirmaur,2003 - 2004,36,245.000,"2,774.97",7,16,26,0,0,0.000,0.00,0,36,245.000,"2,774.97",0.00,0,0.000,"2,676.62",0,0,0,0,0,0.000,0.00,0,0.000,"2,676.62",36,245.000,"2,676.62",7,16,26,0,0,0.000,0.00,0,36,245.000,"2,676.62",Total,226,"1,446.953","49,624.80",29,66,91,0,42,541.270,"34,732.91",8,268,"1,988.223","84,357.71",0.00,1,17.500,"13,379.51",0,0,1,0,0,0.000,"2,214.93",1,17.500,"15,594.44",112,667.663,"13,563.07",26,57,63,0,6,85.980,"2,214.93",0,118,753.643,"15,778.00",Grand Total,"2,828","14,912.843","5,22,499.08",197,816,"1,549",0,"1,049","10,064.773","6,11,256.74",126,"3,877","24,977.616","11,33,755.83",0.00,7,32.021,"1,56,370.80",0,0,3,0,0,0.000,"42,249.24",7,32.021,"1,98,649.45","1,613","7,343.664","1,58,387.30",179,696,"1,041",0,227,"2,403.111","42,429.07",0,"1,840","9,746.775","2,00,991.92","Page 1 of 1     Generated on : 12/03/2025 23:17 PM     2014 NRRDA, All rights reserved"
Pradhan Mantri Gram Sadak Yojana,Monthly Report Format for Physical & Financial Progress under PMGSY,State: Himachal Pradesh     District: All Districts     Block: All Blocks     Year: 2015     Month: January     Collaboration: All Collaborations     Agency:  Public Works Department   Scheme: All Scheme,Note : All Costs and Expenditures in Lakhs and Length in Kms.,Clearance,Progress During Month,Cumulative Progress,New Connectivity,Upgradation,Total,New Connectivity,Upgradation,Total,New Connectivity,Upgradation,Total,Sr.No.,Sanction Year,Nos.,Length,Cost,1000+,999-500,499-250 (Eligible),Nos.,Length,Cost,LSB Nos.,Road Nos.,Road Length,Cost,Funds Released,Nos.,Length,Expenditure,1000+,999-500,499-250 (Eligible),Nos.,Length,Expenditure,Nos.,Length,Expenditure,Nos.,Length,Expenditure,1000+,999-500,499-250 (Eligible),Nos.,Length,Expenditure,LSB Nos.,Road Nos.,Road Length,Expenditure,Sirmaur,2004 - 2005,10,81.905,"1,457.17",4,7,9,0,0,0.000,0.00,0,10,81.905,"1,457.17",0.00,0,0.000,"1,298.68",0,0,0,0,0,0.000,0.00,0,0.000,"1,298.68",10,75.755,"1,298.68",4,7,9,0,0,0.000,0.00,0,10,75.755,"1,298.68",Total,226,"1,446.953","49,624.80",29,66,91,0,42,541.270,"34,732.91",8,268,"1,988.223","84,357.71",0.00,1,17.500,"13,379.51",0,0,1,0,0,0.000,"2,214.93",1,17.500,"15,594.44",112,667.663,"13,563.07",26,57,63,0,6,85.980,"2,214.93",0,118,753.643,"15,778.00",Grand Total,"2,828","14,912.843","5,22,499.08",197,816,"1,549",0,"1,049","10,064.773","6,11,256.74",126,"3,877","24,977.616","11,33,755.83",0.00,7,32.021,"1,56,370.80",0,0,3,0,0,0.000,"42,249.24",7,32.021,"1,98,649.45","1,613","7,343.664","1,58,387.30",179,696,"1,041",0,227,"2,403.111","42,429.07",0,"1,840","9,746.775","2,00,991.92","Page 1 of 1     Generated on : 12/03/2025 23:17 PM     2014 NRRDA, All rights reserved"
Pradhan Mantri Gram Sadak Yojana,Monthly Report Format for Physical & Financial Progress under PMGSY,State: Himachal Pradesh     District: All Districts     Block: All Blocks     Year: 2015     Month: January     Collaboration: All Collaborations     Agency:  Public Works Department   Scheme: All Scheme,Note : All Costs and Expenditures in Lakhs and Length in Kms.,Clearance,Progress During Month,Cumulative Progress,New Connectivity,Upgradation,Total,New Connectivity,Upgradation,Total,New Connectivity,Upgradation,Total,Sr.No.,Sanction Year,Nos.,Length,Cost,1000+,999-500,499-250 (Eligible),Nos.,Length,Cost,LSB Nos.,Road Nos.,Road Length,Cost,Funds Released,Nos.,Length,Expenditure,1000+,999-500,499-250 (Eligible),Nos.,Length,Expenditure,Nos.,Length,Expenditure,Nos.,Length,Expenditure,1000+,999-500,499-250 (Eligible),Nos.,Length,Expenditure,LSB Nos.,Road Nos.,Road Length,Expenditure,Sirmaur,2005 - 2006,11,107.775,"1,951.72",2,2,15,0,0,0.000,0.00,0,11,107.775,"1,951.72",0.00,1,17.500,"2,166.89",0,0,1,0,0,0.000,0.00,1,17.500,"2,166.89",10,93.715,"2,166.89",2,2,13,0,0,0.000,0.00,0,10,93.715,"2,166.89",Total,226,"1,446.953","49,624.80",29,66,91,0,42,541.270,"34,732.91",8,268,"1,988.223","84,357.71",0.00,1,17.500,"13,379.51",0,0,1,0,0,0.000,"2,214.93",1,17.500,"15,594.44",112,667.663,"13,563.07",26,57,63,0,6,85.980,"2,214.93",0,118,753.643,"15,778.00",Grand Total,"2,828","14,912.843","5,22,499.08",197,816,"1,549",0,"1,049","10,064.773","6,11,256.74",126,"3,877","24,977.616","11,33,755.83",0.00,7,32.021,"1,56,370.80",0,0,3,0,0,0.000,"42,249.24",7,32.021,"1,98,649.45","1,613","7,343.664","1,58,387.30",179,696,"1,041",0,227,"2,403.111","42,429.07",0,"1,840","9,746.775","2,00,991.92","Page 1 of 1     Generated on : 12/03/2025 23:17 PM     2014 NRRDA, All rights reserved"
Pradhan Mantri Gram Sadak Yojana,Monthly Report Format for Physical & Financial Progress under PMGSY,State: Himachal Pradesh     District: All Districts     Block: All Blocks     Year: 2015     Month: January     Collaboration: All Collaborations     Agency:  Public Works Department   Scheme: All Scheme,Note : All Costs and Expenditures in Lakhs and Length in Kms.,Clearance,Progress During Month,Cumulative Progress,New Connectivity,Upgradation,Total,New Connectivity,Upgradation,Total,New Connectivity,Upgradation,Total,Sr.No.,Sanction Year,Nos.,Length,Cost,1000+,999-500,499-250 (Eligible),Nos.,Length,Cost,LSB Nos.,Road Nos.,Road Length,Cost,Funds Released,Nos.,Length,Expenditure,1000+,999-500,499-250 (Eligible),Nos.,Length,Expenditure,Nos.,Length,Expenditure,Nos.,Length,Expenditure,1000+,999-500,499-250 (Eligible),Nos.,Length,Expenditure,LSB Nos.,Road Nos.,Road Length,Expenditure,Sirmaur,2006 - 2007,29,187.368,"3,550.39",5,27,3,0,8,143.590,"3,229.93",0,37,330.958,"6,780.32",0.00,0,0.000,"2,862.88",0,0,0,0,0,0.000,"2,214.93",0,0.000,"5,077.81",22,139.473,"2,897.58",4,21,1,0,6,85.980,"2,214.93",0,28,225.453,"5,112.51",Total,226,"1,446.953","49,624.80",29,66,91,0,42,541.270,"34,732.91",8,268,"1,988.223","84,357.71",0.00,1,17.500,"13,379.51",0,0,1,0,0,0.000,"2,214.93",1,17.500,"15,594.44",112,667.663,"13,563.07",26,57,63,0,6,85.980,"2,214.93",0,118,753.643,"15,778.00",Grand Total,"2,828","14,912.843","5,22,499.08",197,816,"1,549",0,"1,049","10,064.773","6,11,256.74",126,"3,877","24,977.616","11,33,755.83",0.00,7,32.021,"1,56,370.80",0,0,3,0,0,0.000,"42,249.24",7,32.021,"1,98,649.45","1,613","7,343.664","1,58,387.30",179,696,"1,041",0,227,"2,403.111","42,429.07",0,"1,840","9,746.775","2,00,991.92","Page 1 of 1     Generated on : 12/03/2025 23:17 PM     2014 NRRDA, All rights reserved"
Pradhan Mantri Gram Sadak Yojana,Monthly Report Format for Physical & Financial Progress under PMGSY,State: Himachal Pradesh     District: All Districts     Block: All Blocks     Year: 2015     Month: January     Collaboration: All Collaborations     Agency:  Public Works Department   Scheme: All Scheme,Note : All Costs and Expenditures in Lakhs and Length in Kms.,Clearance,Progress During Month,Cumulative Progress,New Connectivity,Upgradation,Total,New Connectivity,Upgradation,Total,New Connectivity,Upgradation,Total,Sr.No.,Sanction Year,Nos.,Length,Cost,1000+,999-500,499-250 (Eligible),Nos.,Length,Cost,LSB Nos.,Road Nos.,Road Length,Cost,Funds Released,Nos.,Length,Expenditure,1000+,999-500,499-250 (Eligible),Nos.,Length,Expenditure,Nos.,Length,Expenditure,Nos.,Length,Expenditure,1000+,999-500,499-250 (Eligible),Nos.,Length,Expenditure,LSB Nos.,Road Nos.,Road Length,Expenditure,Sirmaur,2007 - 2008,4,30.485,664.31,1,3,0,0,0,0.000,0.00,0,4,30.485,664.31,0.00,0,0.000,647.60,0,0,0,0,0,0.000,0.00,0,0.000,647.60,3,23.425,647.60,0,3,0,0,0,0.000,0.00,0,3,23.425,647.60,Total,226,"1,446.953","49,624.80",29,66,91,0,42,541.270,"34,732.91",8,268,"1,988.223","84,357.71",0.00,1,17.500,"13,379.51",0,0,1,0,0,0.000,"2,214.93",1,17.500,"15,594.44",112,667.663,"13,563.07",26,57,63,0,6,85.980,"2,214.93",0,118,753.643,"15,778.00",Grand Total,"2,828","14,912.843","5,22,499.08",197,816,"1,549",0,"1,049","10,064.773","6,11,256.74",126,"3,877","24,977.616","11,33,755.83",0.00,7,32.021,"1,56,370.80",0,0,3,0,0,0.000,"42,249.24",7,32.021,"1,98,649.45","1,613","7,343.664","1,58,387.30",179,696,"1,041",0,227,"2,403.111","42,429.07",0,"1,840","9,746.775","2,00,991.92","Page 1 of 1     Generated on : 12/03/2025 23:17 PM     2014 NRRDA, All rights reserved"
Pradhan Mantri Gram Sadak Yojana,Monthly Report Format for Physical & Financial Progress under PMGSY,State: Himachal Pradesh     District: All Districts     Block: All Blocks     Year: 2015     Month: January     Collaboration: All Collaborations     Agency:  Public Works Department   Scheme: All Scheme,Note : All Costs and Expenditures in Lakhs and Length in Kms.,Clearance,Progress During Month,Cumulative Progress,New Connectivity,Upgradation,Total,New Connectivity,Upgradation,Total,New Connectivity,Upgradation,Total,Sr.No.,Sanction Year,Nos.,Length,Cost,1000+,999-500,499-250 (Eligible),Nos.,Length,Cost,LSB Nos.,Road Nos.,Road Length,Cost,Funds Released,Nos.,Length,Expenditure,1000+,999-500,499-250 (Eligible),Nos.,Length,Expenditure,Nos.,Length,Expenditure,Nos.,Length,Expenditure,1000+,999-500,499-250 (Eligible),Nos.,Length,Expenditure,LSB Nos.,Road Nos.,Road Length,Expenditure,Sirmaur,2009 - 2010,9,28.045,936.14,0,0,10,0,0,0.000,0.00,0,9,28.045,936.14,0.00,0,0.000,735.70,0,0,0,0,0,0.000,0.00,0,0.000,735.70,6,15.670,735.70,0,0,7,0,0,0.000,0.00,0,6,15.670,735.70,Total,226,"1,446.953","49,624.80",29,66,91,0,42,541.270,"34,732.91",8,268,"1,988.223","84,357.71",0.00,1,17.500,"13,379.51",0,0,1,0,0,0.000,"2,214.93",1,17.500,"15,594.44",112,667.663,"13,563.07",26,57,63,0,6,85.980,"2,214.93",0,118,753.643,"15,778.00",Grand Total,"2,828","14,912.843","5,22,499.08",197,816,"1,549",0,"1,049","10,064.773","6,11,256.74",126,"3,877","24,977.616","11,33,755.83",0.00,7,32.021,"1,56,370.80",0,0,3,0,0,0.000,"42,249.24",7,32.021,"1,98,649.45","1,613","7,343.664","1,58,387.30",179,696,"1,041",0,227,"2,403.111","42,429.07",0,"1,840","9,746.775","2,00,991.92","Page 1 of 1     Generated on : 12/03/2025 23:17 PM     2014 NRRDA, All rights reserved"
Pradhan Mantri Gram Sadak Yojana,Monthly Report Format for Physical & Financial Progress under PMGSY,State: Himachal Pradesh     District: All Districts     Block: All Blocks     Year: 2015     Month: January     Collaboration: All Collaborations     Agency:  Public Works Department   Scheme: All Scheme,Note : All Costs and Expenditures in Lakhs and Length in Kms.,Clearance,Progress During Month,Cumulative Progress,New Connectivity,Upgradation,Total,New Connectivity,Upgradation,Total,New Connectivity,Upgradation,Total,Sr.No.,Sanction Year,Nos.,Length,Cost,1000+,999-500,499-250 (Eligible),Nos.,Length,Cost,LSB Nos.,Road Nos.,Road Length,Cost,Funds Released,Nos.,Length,Expenditure,1000+,999-500,499-250 (Eligible),Nos.,Length,Expenditure,Nos.,Length,Expenditure,Nos.,Length,Expenditure,1000+,999-500,499-250 (Eligible),Nos.,Length,Expenditure,LSB Nos.,Road Nos.,Road Length,Expenditure,Sirmaur,2011 - 2012,8,31.020,896.52,0,0,0,0,0,0.000,0.00,0,8,31.020,896.52,0.00,0,0.000,481.90,0,0,0,0,0,0.000,0.00,0,0.000,481.90,3,4.105,496.91,0,0,0,0,0,0.000,0.00,0,3,4.105,496.91,Total,226,"1,446.953","49,624.80",29,66,91,0,42,541.270,"34,732.91",8,268,"1,988.223","84,357.71",0.00,1,17.500,"13,379.51",0,0,1,0,0,0.000,"2,214.93",1,17.500,"15,594.44",112,667.663,"13,563.07",26,57,63,0,6,85.980,"2,214.93",0,118,753.643,"15,778.00",Grand Total,"2,828","14,912.843","5,22,499.08",197,816,"1,549",0,"1,049","10,064.773","6,11,256.74",126,"3,877","24,977.616","11,33,755.83",0.00,7,32.021,"1,56,370.80",0,0,3,0,0,0.000,"42,249.24",7,32.021,"1,98,649.45","1,613","7,343.664","1,58,387.30",179,696,"1,041",0,227,"2,403.111","42,429.07",0,"1,840","9,746.775","2,00,991.92","Page 1 of 1     Generated on : 12/03/2025 23:17 PM     2014 NRRDA, All rights reserved"
Pradhan Mantri Gram Sadak Yojana,Monthly Report Format for Physical & Financial Progress under PMGSY,State: Himachal Pradesh     District: All Districts     Block: All Blocks     Year: 2015     Month: January     Collaboration: All Collaborations     Agency:  Public Works Department   Scheme: All Scheme,Note : All Costs and Expenditures in Lakhs and Length in Kms.,Clearance,Progress During Month,Cumulative Progress,New Connectivity,Upgradation,Total,New Connectivity,Upgradation,Total,New Connectivity,Upgradation,Total,Sr.No.,Sanction Year,Nos.,Length,Cost,1000+,999-500,499-250 (Eligible),Nos.,Length,Cost,LSB Nos.,Road Nos.,Road Length,Cost,Funds Released,Nos.,Length,Expenditure,1000+,999-500,499-250 (Eligible),Nos.,Length,Expenditure,Nos.,Length,Expenditure,Nos.,Length,Expenditure,1000+,999-500,499-250 (Eligible),Nos.,Length,Expenditure,LSB Nos.,Road Nos.,Road Length,Expenditure,Sirmaur,2013 - 2014,20,146.765,"7,037.08",0,0,4,0,0,0.000,0.00,0,20,146.765,"7,037.08",0.00,0,0.000,"2,075.71",0,0,0,0,0,0.000,0.00,0,0.000,"2,075.71",0,0.000,"2,209.56",0,0,0,0,0,0.000,0.00,0,0,0.000,"2,209.56",Total,226,"1,446.953","49,624.80",29,66,91,0,42,541.270,"34,732.91",8,268,"1,988.223","84,357.71",0.00,1,17.500,"13,379.51",0,0,1,0,0,0.000,"2,214.93",1,17.500,"15,594.44",112,667.663,"13,563.07",26,57,63,0,6,85.980,"2,214.93",0,118,753.643,"15,778.00",Grand Total,"2,828","14,912.843","5,22,499.08",197,816,"1,549",0,"1,049","10,064.773","6,11,256.74",126,"3,877","24,977.616","11,33,755.83",0.00,7,32.021,"1,56,370.80",0,0,3,0,0,0.000,"42,249.24",7,32.021,"1,98,649.45","1,613","7,343.664","1,58,387.30",179,696,"1,041",0,227,"2,403.111","42,429.07",0,"1,840","9,746.775","2,00,991.92","Page 1 of 1     Generated on : 12/03/2025 23:17 PM     2014 NRRDA, All rights reserved"
Pradhan Mantri Gram Sadak Yojana,Monthly Report Format for Physical & Financial Progress under PMGSY,State: Himachal Pradesh     District: All Districts     Block: All Blocks     Year: 2015     Month: January     Collaboration: All Collaborations     Agency:  Public Works Department   Scheme: All Scheme,Note : All Costs and Expenditures in Lakhs and Length in Kms.,Clearance,Progress During Month,Cumulative Progress,New Connectivity,Upgradation,Total,New Connectivity,Upgradation,Total,New Connectivity,Upgradation,Total,Sr.No.,Sanction Year,Nos.,Length,Cost,1000+,999-500,499-250 (Eligible),Nos.,Length,Cost,LSB Nos.,Road Nos.,Road Length,Cost,Funds Released,Nos.,Length,Expenditure,1000+,999-500,499-250 (Eligible),Nos.,Length,Expenditure,Nos.,Length,Expenditure,Nos.,Length,Expenditure,1000+,999-500,499-250 (Eligible),Nos.,Length,Expenditure,LSB Nos.,Road Nos.,Road Length,Expenditure,Sirmaur,2014 - 2015,2,9.750,344.53,0,0,0,0,0,0.000,0.00,0,2,9.750,344.53,0.00,0,0.000,0.00,0,0,0,0,0,0.000,0.00,0,0.000,0.00,0,0.000,,0,0,0,0,0,0.000,0.00,0,0,0.000,0.00,Total,226,"1,446.953","49,624.80",29,66,91,0,42,541.270,"34,732.91",8,268,"1,988.223","84,357.71",0.00,1,17.500,"13,379.51",0,0,1,0,0,0.000,"2,214.93",1,17.500,"15,594.44",112,667.663,"13,563.07",26,57,63,0,6,85.980,"2,214.93",0,118,753.643,"15,778.00",Grand Total,"2,828","14,912.843","5,22,499.08",197,816,"1,549",0,"1,049","10,064.773","6,11,256.74",126,"3,877","24,977.616","11,33,755.83",0.00,7,32.021,"1,56,370.80",0,0,3,0,0,0.000,"42,249.24",7,32.021,"1,98,649.45","1,613","7,343.664","1,58,387.30",179,696,"1,041",0,227,"2,403.111","42,429.07",0,"1,840","9,746.775","2,00,991.92","Page 1 of 1     Generated on : 12/03/2025 23:17 PM     2014 NRRDA, All rights reserved"
Pradhan Mantri Gram Sadak Yojana,Monthly Report Format for Physical & Financial Progress under PMGSY,State: Himachal Pradesh     District: All Districts     Block: All Blocks     Year: 2015     Month: January     Collaboration: All Collaborations     Agency:  Public Works Department   Scheme: All Scheme,Note : All Costs and Expenditures in Lakhs and Length in Kms.,Clearance,Progress During Month,Cumulative Progress,New Connectivity,Upgradation,Total,New Connectivity,Upgradation,Total,New Connectivity,Upgradation,Total,Sr.No.,Sanction Year,Nos.,Length,Cost,1000+,999-500,499-250 (Eligible),Nos.,Length,Cost,LSB Nos.,Road Nos.,Road Length,Cost,Funds Released,Nos.,Length,Expenditure,1000+,999-500,499-250 (Eligible),Nos.,Length,Expenditure,Nos.,Length,Expenditure,Nos.,Length,Expenditure,1000+,999-500,499-250 (Eligible),Nos.,Length,Expenditure,LSB Nos.,Road Nos.,Road Length,Expenditure,Sirmaur,2016 - 2017,31,193.450,"11,555.76",0,2,6,0,0,0.000,0.00,7,31,193.450,"11,555.76",0.00,0,0.000,0.00,0,0,0,0,0,0.000,0.00,0,0.000,0.00,0,0.000,,0,0,0,0,0,0.000,0.00,0,0,0.000,0.00,Total,226,"1,446.953","49,624.80",29,66,91,0,42,541.270,"34,732.91",8,268,"1,988.223","84,357.71",0.00,1,17.500,"13,379.51",0,0,1,0,0,0.000,"2,214.93",1,17.500,"15,594.44",112,667.663,"13,563.07",26,57,63,0,6,85.980,"2,214.93",0,118,753.643,"15,778.00",Grand Total,"2,828","14,912.843","5,22,499.08",197,816,"1,549",0,"1,049","10,064.773","6,11,256.74",126,"3,877","24,977.616","11,33,755.83",0.00,7,32.021,"1,56,370.80",0,0,3,0,0,0.000,"42,249.24",7,32.021,"1,98,649.45","1,613","7,343.664","1,58,387.30",179,696,"1,041",0,227,"2,403.111","42,429.07",0,"1,840","9,746.775","2,00,991.92","Page 1 of 1     Generated on : 12/03/2025 23:17 PM     2014 NRRDA, All rights reserved"
Pradhan Mantri Gram Sadak Yojana,Monthly Report Format for Physical & Financial Progress under PMGSY,State: Himachal Pradesh     District: All Districts     Block: All Blocks     Year: 2015     Month: January     Collaboration: All Collaborations     Agency:  Public Works Department   Scheme: All Scheme,Note : All Costs and Expenditures in Lakhs and Length in Kms.,Clearance,Progress During Month,Cumulative Progress,New Connectivity,Upgradation,Total,New Connectivity,Upgradation,Total,New Connectivity,Upgradation,Total,Sr.No.,Sanction Year,Nos.,Length,Cost,1000+,999-500,499-250 (Eligible),Nos.,Length,Cost,LSB Nos.,Road Nos.,Road Length,Cost,Funds Released,Nos.,Length,Expenditure,1000+,999-500,499-250 (Eligible),Nos.,Length,Expenditure,Nos.,Length,Expenditure,Nos.,Length,Expenditure,1000+,999-500,499-250 (Eligible),Nos.,Length,Expenditure,LSB Nos.,Road Nos.,Road Length,Expenditure,Sirmaur,2017 - 2018,41,290.050,"16,018.57",1,1,11,0,1,3.570,142.99,1,42,293.620,"16,161.56",0.00,0,0.000,0.00,0,0,0,0,0,0.000,0.00,0,0.000,0.00,0,0.000,,0,0,0,0,0,0.000,0.00,0,0,0.000,0.00,Total,226,"1,446.953","49,624.80",29,66,91,0,42,541.270,"34,732.91",8,268,"1,988.223","84,357.71",0.00,1,17.500,"13,379.51",0,0,1,0,0,0.000,"2,214.93",1,17.500,"15,594.44",112,667.663,"13,563.07",26,57,63,0,6,85.980,"2,214.93",0,118,753.643,"15,778.00",Grand Total,"2,828","14,912.843","5,22,499.08",197,816,"1,549",0,"1,049","10,064.773","6,11,256.74",126,"3,877","24,977.616","11,33,755.83",0.00,7,32.021,"1,56,370.80",0,0,3,0,0,0.000,"42,249.24",7,32.021,"1,98,649.45","1,613","7,343.664","1,58,387.30",179,696,"1,041",0,227,"2,403.111","42,429.07",0,"1,840","9,746.775","2,00,991.92","Page 1 of 1     Generated on : 12/03/2025 23:17 PM     2014 NRRDA, All rights reserved"
Pradhan Mantri Gram Sadak Yojana,Monthly Report Format for Physical & Financial Progress under PMGSY,State: Himachal Pradesh     District: All Districts     Block: All Blocks     Year: 2015     Month: January     Collaboration: All Collaborations     Agency:  Public Works Department   Scheme: All Scheme,Note : All Costs and Expenditures in Lakhs and Length in Kms.,Clearance,Progress During Month,Cumulative Progress,New Connectivity,Upgradation,Total,New Connectivity,Upgradation,Total,New Connectivity,Upgradation,Total,Sr.No.,Sanction Year,Nos.,Length,Cost,1000+,999-500,499-250 (Eligible),Nos.,Length,Cost,LSB Nos.,Road Nos.,Road Length,Cost,Funds Released,Nos.,Length,Expenditure,1000+,999-500,499-250 (Eligible),Nos.,Length,Expenditure,Nos.,Length,Expenditure,Nos.,Length,Expenditure,1000+,999-500,499-250 (Eligible),Nos.,Length,Expenditure,LSB Nos.,Road Nos.,Road Length,Expenditure,Sirmaur,2018 - 2019,3,24.820,"1,280.07",0,0,0,0,3,24.800,"1,346.47",0,6,49.620,"2,626.54",0.00,0,0.000,0.00,0,0,0,0,0,0.000,0.00,0,0.000,0.00,0,0.000,,0,0,0,0,0,0.000,0.00,0,0,0.000,0.00,Total,226,"1,446.953","49,624.80",29,66,91,0,42,541.270,"34,732.91",8,268,"1,988.223","84,357.71",0.00,1,17.500,"13,379.51",0,0,1,0,0,0.000,"2,214.93",1,17.500,"15,594.44",112,667.663,"13,563.07",26,57,63,0,6,85.980,"2,214.93",0,118,753.643,"15,778.00",Grand Total,"2,828","14,912.843","5,22,499.08",197,816,"1,549",0,"1,049","10,064.773","6,11,256.74",126,"3,877","24,977.616","11,33,755.83",0.00,7,32.021,"1,56,370.80",0,0,3,0,0,0.000,"42,249.24",7,32.021,"1,98,649.45","1,613","7,343.664","1,58,387.30",179,696,"1,041",0,227,"2,403.111","42,429.07",0,"1,840","9,746.775","2,00,991.92","Page 1 of 1     Generated on : 12/03/2025 23:17 PM     2014 NRRDA, All rights reserved"
Pradhan Mantri Gram Sadak Yojana,Monthly Report Format for Physical & Financial Progress under PMGSY,State: Himachal Pradesh     District: All Districts     Block: All Blocks     Year: 2015     Month: January     Collaboration: All Collaborations     Agency:  Public Works Department   Scheme: All Scheme,Note : All Costs and Expenditures in Lakhs and Length in Kms.,Clearance,Progress During Month,Cumulative Progress,New Connectivity,Upgradation,Total,New Connectivity,Upgradation,Total,New Connectivity,Upgradation,Total,Sr.No.,Sanction Year,Nos.,Length,Cost,1000+,999-500,499-250 (Eligible),Nos.,Length,Cost,LSB Nos.,Road Nos.,Road Length,Cost,Funds Released,Nos.,Length,Expenditure,1000+,999-500,499-250 (Eligible),Nos.,Length,Expenditure,Nos.,Length,Expenditure,Nos.,Length,Expenditure,1000+,999-500,499-250 (Eligible),Nos.,Length,Expenditure,LSB Nos.,Road Nos.,Road Length,Expenditure,Sirmaur,2019 - 2020,0,0.000,0.00,0,0,0,0,7,77.030,"5,336.48",0,7,77.030,"5,336.48",0.00,0,0.000,0.00,0,0,0,0,0,0.000,0.00,0,0.000,0.00,0,0.000,,0,0,0,0,0,0.000,0.00,0,0,0.000,0.00,Total,226,"1,446.953","49,624.80",29,66,91,0,42,541.270,"34,732.91",8,268,"1,988.223","84,357.71",0.00,1,17.500,"13,379.51",0,0,1,0,0,0.000,"2,214.93",1,17.500,"15,594.44",112,667.663,"13,563.07",26,57,63,0,6,85.980,"2,214.93",0,118,753.643,"15,778.00",Grand Total,"2,828","14,912.843","5,22,499.08",197,816,"1,549",0,"1,049","10,064.773","6,11,256.74",126,"3,877","24,977.616","11,33,755.83",0.00,7,32.021,"1,56,370.80",0,0,3,0,0,0.000,"42,249.24",7,32.021,"1,98,649.45","1,613","7,343.664","1,58,387.30",179,696,"1,041",0,227,"2,403.111","42,429.07",0,"1,840","9,746.775","2,00,991.92","Page 1 of 1     Generated on : 12/03/2025 23:17 PM     2014 NRRDA, All rights reserved"
Pradhan Mantri Gram Sadak Yojana,Monthly Report Format for Physical & Financial Progress under PMGSY,State: Himachal Pradesh     District: All Districts     Block: All Blocks     Year: 2015     Month: January     Collaboration: All Collaborations     Agency:  Public Works Department   Scheme: All Scheme,Note : All Costs and Expenditures in Lakhs and Length in Kms.,Clearance,Progress During Month,Cumulative Progress,New Connectivity,Upgradation,Total,New Connectivity,Upgradation,Total,New Connectivity,Upgradation,Total,Sr.No.,Sanction Year,Nos.,Length,Cost,1000+,999-500,499-250 (Eligible),Nos.,Length,Cost,LSB Nos.,Road Nos.,Road Length,Cost,Funds Released,Nos.,Length,Expenditure,1000+,999-500,499-250 (Eligible),Nos.,Length,Expenditure,Nos.,Length,Expenditure,Nos.,Length,Expenditure,1000+,999-500,499-250 (Eligible),Nos.,Length,Expenditure,LSB Nos.,Road Nos.,Road Length,Expenditure,Sirmaur,2022 - 2023,0,0.000,0.00,0,0,0,0,11,129.110,"10,891.21",0,11,129.110,"10,891.21",0.00,0,0.000,0.00,0,0,0,0,0,0.000,0.00,0,0.000,0.00,0,0.000,,0,0,0,0,0,0.000,0.00,0,0,0.000,0.00,Total,226,"1,446.953","49,624.80",29,66,91,0,42,541.270,"34,732.91",8,268,"1,988.223","84,357.71",0.00,1,17.500,"13,379.51",0,0,1,0,0,0.000,"2,214.93",1,17.500,"15,594.44",112,667.663,"13,563.07",26,57,63,0,6,85.980,"2,214.93",0,118,753.643,"15,778.00",Grand Total,"2,828","14,912.843","5,22,499.08",197,816,"1,549",0,"1,049","10,064.773","6,11,256.74",126,"3,877","24,977.616","11,33,755.83",0.00,7,32.021,"1,56,370.80",0,0,3,0,0,0.000,"42,249.24",7,32.021,"1,98,649.45","1,613","7,343.664","1,58,387.30",179,696,"1,041",0,227,"2,403.111","42,429.07",0,"1,840","9,746.775","2,00,991.92","Page 1 of 1     Generated on : 12/03/2025 23:17 PM     2014 NRRDA, All rights reserved"
Pradhan Mantri Gram Sadak Yojana,Monthly Report Format for Physical & Financial Progress under PMGSY,State: Himachal Pradesh     District: All Districts     Block: All Blocks     Year: 2015     Month: January     Collaboration: All Collaborations     Agency:  Public Works Department   Scheme: All Scheme,Note : All Costs and Expenditures in Lakhs and Length in Kms.,Clearance,Progress During Month,Cumulative Progress,New Connectivity,Upgradation,Total,New Connectivity,Upgradation,Total,New Connectivity,Upgradation,Total,Sr.No.,Sanction Year,Nos.,Length,Cost,1000+,999-500,499-250 (Eligible),Nos.,Length,Cost,LSB Nos.,Road Nos.,Road Length,Cost,Funds Released,Nos.,Length,Expenditure,1000+,999-500,499-250 (Eligible),Nos.,Length,Expenditure,Nos.,Length,Expenditure,Nos.,Length,Expenditure,1000+,999-500,499-250 (Eligible),Nos.,Length,Expenditure,LSB Nos.,Road Nos.,Road Length,Expenditure,Sirmaur,2023 - 2024,0,0.000,0.00,0,0,0,0,12,163.170,"13,785.83",0,12,163.170,"13,785.83",0.00,0,0.000,0.00,0,0,0,0,0,0.000,0.00,0,0.000,0.00,0,0.000,,0,0,0,0,0,0.000,0.00,0,0,0.000,0.00,Total,226,"1,446.953","49,624.80",29,66,91,0,42,541.270,"34,732.91",8,268,"1,988.223","84,357.71",0.00,1,17.500,"13,379.51",0,0,1,0,0,0.000,"2,214.93",1,17.500,"15,594.44",112,667.663,"13,563.07",26,57,63,0,6,85.980,"2,214.93",0,118,753.643,"15,778.00",Grand Total,"2,828","14,912.843","5,22,499.08",197,816,"1,549",0,"1,049","10,064.773","6,11,256.74",126,"3,877","24,977.616","11,33,755.83",0.00,7,32.021,"1,56,370.80",0,0,3,0,0,0.000,"42,249.24",7,32.021,"1,98,649.45","1,613","7,343.664","1,58,387.30",179,696,"1,041",0,227,"2,403.111","42,429.07",0,"1,840","9,746.775","2,00,991.92","Page 1 of 1     Generated on : 12/03/2025 23:17 PM     2014 NRRDA, All rights reserved"
Pradhan Mantri Gram Sadak Yojana,Monthly Report Format for Physical & Financial Progress under PMGSY,State: Himachal Pradesh     District: All Districts     Block: All Blocks     Year: 2015     Month: January     Collaboration: All Collaborations     Agency:  Public Works Department   Scheme: All Scheme,Note : All Costs and Expenditures in Lakhs and Length in Kms.,Clearance,Progress During Month,Cumulative Progress,New Connectivity,Upgradation,Total,New Connectivity,Upgradation,Total,New Connectivity,Upgradation,Total,Sr.No.,Sanction Year,Nos.,Length,Cost,1000+,999-500,499-250 (Eligible),Nos.,Length,Cost,LSB Nos.,Road Nos.,Road Length,Cost,Funds Released,Nos.,Length,Expenditure,1000+,999-500,499-250 (Eligible),Nos.,Length,Expenditure,Nos.,Length,Expenditure,Nos.,Length,Expenditure,1000+,999-500,499-250 (Eligible),Nos.,Length,Expenditure,LSB Nos.,Road Nos.,Road Length,Expenditure,Solan,2000 - 2001,6,28.680,400.00,0,3,5,0,0,0.000,0.00,0,6,28.680,400.00,0.00,0,0.000,355.41,0,0,0,0,0,0.000,0.00,0,0.000,355.41,6,28.680,355.41,0,3,5,0,0,0.000,0.00,0,6,28.680,355.41,Total,148,794.698,"20,900.40",8,22,77,0,70,737.355,"51,025.27",5,218,"1,532.053","71,925.67",0.00,1,1.250,"8,223.83",0,0,0,0,0,0.000,"3,278.79",1,1.250,"11,502.62",92,457.917,"8,426.02",8,22,61,0,13,120.015,"3,278.79",0,105,577.932,"11,704.81",Grand Total,"2,828","14,912.843","5,22,499.08",197,816,"1,549",0,"1,049","10,064.773","6,11,256.74",126,"3,877","24,977.616","11,33,755.83",0.00,7,32.021,"1,56,370.80",0,0,3,0,0,0.000,"42,249.24",7,32.021,"1,98,649.45","1,613","7,343.664","1,58,387.30",179,696,"1,041",0,227,"2,403.111","42,429.07",0,"1,840","9,746.775","2,00,991.92","Page 1 of 1     Generated on : 12/03/2025 23:17 PM     2014 NRRDA, All rights reserved"
Pradhan Mantri Gram Sadak Yojana,Monthly Report Format for Physical & Financial Progress under PMGSY,State: Himachal Pradesh     District: All Districts     Block: All Blocks     Year: 2015     Month: January     Collaboration: All Collaborations     Agency:  Public Works Department   Scheme: All Scheme,Note : All Costs and Expenditures in Lakhs and Length in Kms.,Clearance,Progress During Month,Cumulative Progress,New Connectivity,Upgradation,Total,New Connectivity,Upgradation,Total,New Connectivity,Upgradation,Total,Sr.No.,Sanction Year,Nos.,Length,Cost,1000+,999-500,499-250 (Eligible),Nos.,Length,Cost,LSB Nos.,Road Nos.,Road Length,Cost,Funds Released,Nos.,Length,Expenditure,1000+,999-500,499-250 (Eligible),Nos.,Length,Expenditure,Nos.,Length,Expenditure,Nos.,Length,Expenditure,1000+,999-500,499-250 (Eligible),Nos.,Length,Expenditure,LSB Nos.,Road Nos.,Road Length,Expenditure,Solan,2001 - 2002,19,68.900,959.08,6,10,10,0,0,0.000,0.00,0,19,68.900,959.08,0.00,0,0.000,774.61,0,0,0,0,0,0.000,0.00,0,0.000,774.61,19,68.050,774.61,6,10,10,0,0,0.000,0.00,0,19,68.050,774.61,Total,148,794.698,"20,900.40",8,22,77,0,70,737.355,"51,025.27",5,218,"1,532.053","71,925.67",0.00,1,1.250,"8,223.83",0,0,0,0,0,0.000,"3,278.79",1,1.250,"11,502.62",92,457.917,"8,426.02",8,22,61,0,13,120.015,"3,278.79",0,105,577.932,"11,704.81",Grand Total,"2,828","14,912.843","5,22,499.08",197,816,"1,549",0,"1,049","10,064.773","6,11,256.74",126,"3,877","24,977.616","11,33,755.83",0.00,7,32.021,"1,56,370.80",0,0,3,0,0,0.000,"42,249.24",7,32.021,"1,98,649.45","1,613","7,343.664","1,58,387.30",179,696,"1,041",0,227,"2,403.111","42,429.07",0,"1,840","9,746.775","2,00,991.92","Page 1 of 1     Generated on : 12/03/2025 23:17 PM     2014 NRRDA, All rights reserved"
Pradhan Mantri Gram Sadak Yojana,Monthly Report Format for Physical & Financial Progress under PMGSY,State: Himachal Pradesh     District: All Districts     Block: All Blocks     Year: 2015     Month: January     Collaboration: All Collaborations     Agency:  Public Works Department   Scheme: All Scheme,Note : All Costs and Expenditures in Lakhs and Length in Kms.,Clearance,Progress During Month,Cumulative Progress,New Connectivity,Upgradation,Total,New Connectivity,Upgradation,Total,New Connectivity,Upgradation,Total,Sr.No.,Sanction Year,Nos.,Length,Cost,1000+,999-500,499-250 (Eligible),Nos.,Length,Cost,LSB Nos.,Road Nos.,Road Length,Cost,Funds Released,Nos.,Length,Expenditure,1000+,999-500,499-250 (Eligible),Nos.,Length,Expenditure,Nos.,Length,Expenditure,Nos.,Length,Expenditure,1000+,999-500,499-250 (Eligible),Nos.,Length,Expenditure,LSB Nos.,Road Nos.,Road Length,Expenditure,Solan,2003 - 2004,30,160.196,"1,636.66",0,6,27,0,0,0.000,0.00,0,30,160.196,"1,636.66",0.00,0,0.000,"1,565.13",0,0,0,0,0,0.000,0.00,0,0.000,"1,565.13",30,157.186,"1,569.43",0,6,27,0,0,0.000,0.00,0,30,157.186,"1,569.43",Total,148,794.698,"20,900.40",8,22,77,0,70,737.355,"51,025.27",5,218,"1,532.053","71,925.67",0.00,1,1.250,"8,223.83",0,0,0,0,0,0.000,"3,278.79",1,1.250,"11,502.62",92,457.917,"8,426.02",8,22,61,0,13,120.015,"3,278.79",0,105,577.932,"11,704.81",Grand Total,"2,828","14,912.843","5,22,499.08",197,816,"1,549",0,"1,049","10,064.773","6,11,256.74",126,"3,877","24,977.616","11,33,755.83",0.00,7,32.021,"1,56,370.80",0,0,3,0,0,0.000,"42,249.24",7,32.021,"1,98,649.45","1,613","7,343.664","1,58,387.30",179,696,"1,041",0,227,"2,403.111","42,429.07",0,"1,840","9,746.775","2,00,991.92","Page 1 of 1     Generated on : 12/03/2025 23:17 PM     2014 NRRDA, All rights reserved"
Pradhan Mantri Gram Sadak Yojana,Monthly Report Format for Physical & Financial Progress under PMGSY,State: Himachal Pradesh     District: All Districts     Block: All Blocks     Year: 2015     Month: January     Collaboration: All Collaborations     Agency:  Public Works Department   Scheme: All Scheme,Note : All Costs and Expenditures in Lakhs and Length in Kms.,Clearance,Progress During Month,Cumulative Progress,New Connectivity,Upgradation,Total,New Connectivity,Upgradation,Total,New Connectivity,Upgradation,Total,Sr.No.,Sanction Year,Nos.,Length,Cost,1000+,999-500,499-250 (Eligible),Nos.,Length,Cost,LSB Nos.,Road Nos.,Road Length,Cost,Funds Released,Nos.,Length,Expenditure,1000+,999-500,499-250 (Eligible),Nos.,Length,Expenditure,Nos.,Length,Expenditure,Nos.,Length,Expenditure,1000+,999-500,499-250 (Eligible),Nos.,Length,Expenditure,LSB Nos.,Road Nos.,Road Length,Expenditure,Solan,2004 - 2005,7,53.053,902.34,2,0,2,0,0,0.000,0.00,0,7,53.053,902.34,0.00,0,0.000,698.32,0,0,0,0,0,0.000,0.00,0,0.000,698.32,7,53.045,698.32,2,0,2,0,0,0.000,0.00,0,7,53.045,698.32,Total,148,794.698,"20,900.40",8,22,77,0,70,737.355,"51,025.27",5,218,"1,532.053","71,925.67",0.00,1,1.250,"8,223.83",0,0,0,0,0,0.000,"3,278.79",1,1.250,"11,502.62",92,457.917,"8,426.02",8,22,61,0,13,120.015,"3,278.79",0,105,577.932,"11,704.81",Grand Total,"2,828","14,912.843","5,22,499.08",197,816,"1,549",0,"1,049","10,064.773","6,11,256.74",126,"3,877","24,977.616","11,33,755.83",0.00,7,32.021,"1,56,370.80",0,0,3,0,0,0.000,"42,249.24",7,32.021,"1,98,649.45","1,613","7,343.664","1,58,387.30",179,696,"1,041",0,227,"2,403.111","42,429.07",0,"1,840","9,746.775","2,00,991.92","Page 1 of 1     Generated on : 12/03/2025 23:17 PM     2014 NRRDA, All rights reserved"
Pradhan Mantri Gram Sadak Yojana,Monthly Report Format for Physical & Financial Progress under PMGSY,State: Himachal Pradesh     District: All Districts     Block: All Blocks     Year: 2015     Month: January     Collaboration: All Collaborations     Agency:  Public Works Department   Scheme: All Scheme,Note : All Costs and Expenditures in Lakhs and Length in Kms.,Clearance,Progress During Month,Cumulative Progress,New Connectivity,Upgradation,Total,New Connectivity,Upgradation,Total,New Connectivity,Upgradation,Total,Sr.No.,Sanction Year,Nos.,Length,Cost,1000+,999-500,499-250 (Eligible),Nos.,Length,Cost,LSB Nos.,Road Nos.,Road Length,Cost,Funds Released,Nos.,Length,Expenditure,1000+,999-500,499-250 (Eligible),Nos.,Length,Expenditure,Nos.,Length,Expenditure,Nos.,Length,Expenditure,1000+,999-500,499-250 (Eligible),Nos.,Length,Expenditure,LSB Nos.,Road Nos.,Road Length,Expenditure,Solan,2005 - 2006,7,45.165,"1,649.18",0,0,8,0,0,0.000,0.00,0,7,45.165,"1,649.18",0.00,0,0.000,"1,341.53",0,0,0,0,0,0.000,0.00,0,0.000,"1,341.53",6,34.815,"1,341.53",0,0,7,0,0,0.000,0.00,0,6,34.815,"1,341.53",Total,148,794.698,"20,900.40",8,22,77,0,70,737.355,"51,025.27",5,218,"1,532.053","71,925.67",0.00,1,1.250,"8,223.83",0,0,0,0,0,0.000,"3,278.79",1,1.250,"11,502.62",92,457.917,"8,426.02",8,22,61,0,13,120.015,"3,278.79",0,105,577.932,"11,704.81",Grand Total,"2,828","14,912.843","5,22,499.08",197,816,"1,549",0,"1,049","10,064.773","6,11,256.74",126,"3,877","24,977.616","11,33,755.83",0.00,7,32.021,"1,56,370.80",0,0,3,0,0,0.000,"42,249.24",7,32.021,"1,98,649.45","1,613","7,343.664","1,58,387.30",179,696,"1,041",0,227,"2,403.111","42,429.07",0,"1,840","9,746.775","2,00,991.92","Page 1 of 1     Generated on : 12/03/2025 23:17 PM     2014 NRRDA, All rights reserved"
Pradhan Mantri Gram Sadak Yojana,Monthly Report Format for Physical & Financial Progress under PMGSY,State: Himachal Pradesh     District: All Districts     Block: All Blocks     Year: 2015     Month: January     Collaboration: All Collaborations     Agency:  Public Works Department   Scheme: All Scheme,Note : All Costs and Expenditures in Lakhs and Length in Kms.,Clearance,Progress During Month,Cumulative Progress,New Connectivity,Upgradation,Total,New Connectivity,Upgradation,Total,New Connectivity,Upgradation,Total,Sr.No.,Sanction Year,Nos.,Length,Cost,1000+,999-500,499-250 (Eligible),Nos.,Length,Cost,LSB Nos.,Road Nos.,Road Length,Cost,Funds Released,Nos.,Length,Expenditure,1000+,999-500,499-250 (Eligible),Nos.,Length,Expenditure,Nos.,Length,Expenditure,Nos.,Length,Expenditure,1000+,999-500,499-250 (Eligible),Nos.,Length,Expenditure,LSB Nos.,Road Nos.,Road Length,Expenditure,Solan,2006 - 2007,7,57.535,"1,061.17",0,3,2,0,6,58.985,"1,206.34",0,13,116.520,"2,267.51",0.00,0,0.000,"1,098.04",0,0,0,0,0,0.000,"1,160.17",0,0.000,"2,258.21",7,52.335,"1,098.04",0,3,2,0,6,57.235,"1,160.17",0,13,109.570,"2,258.21",Total,148,794.698,"20,900.40",8,22,77,0,70,737.355,"51,025.27",5,218,"1,532.053","71,925.67",0.00,1,1.250,"8,223.83",0,0,0,0,0,0.000,"3,278.79",1,1.250,"11,502.62",92,457.917,"8,426.02",8,22,61,0,13,120.015,"3,278.79",0,105,577.932,"11,704.81",Grand Total,"2,828","14,912.843","5,22,499.08",197,816,"1,549",0,"1,049","10,064.773","6,11,256.74",126,"3,877","24,977.616","11,33,755.83",0.00,7,32.021,"1,56,370.80",0,0,3,0,0,0.000,"42,249.24",7,32.021,"1,98,649.45","1,613","7,343.664","1,58,387.30",179,696,"1,041",0,227,"2,403.111","42,429.07",0,"1,840","9,746.775","2,00,991.92","Page 1 of 1     Generated on : 12/03/2025 23:17 PM     2014 NRRDA, All rights reserved"
Pradhan Mantri Gram Sadak Yojana,Monthly Report Format for Physical & Financial Progress under PMGSY,State: Himachal Pradesh     District: All Districts     Block: All Blocks     Year: 2015     Month: January     Collaboration: All Collaborations     Agency:  Public Works Department   Scheme: All Scheme,Note : All Costs and Expenditures in Lakhs and Length in Kms.,Clearance,Progress During Month,Cumulative Progress,New Connectivity,Upgradation,Total,New Connectivity,Upgradation,Total,New Connectivity,Upgradation,Total,Sr.No.,Sanction Year,Nos.,Length,Cost,1000+,999-500,499-250 (Eligible),Nos.,Length,Cost,LSB Nos.,Road Nos.,Road Length,Cost,Funds Released,Nos.,Length,Expenditure,1000+,999-500,499-250 (Eligible),Nos.,Length,Expenditure,Nos.,Length,Expenditure,Nos.,Length,Expenditure,1000+,999-500,499-250 (Eligible),Nos.,Length,Expenditure,LSB Nos.,Road Nos.,Road Length,Expenditure,Solan,2007 - 2008,0,0.000,0.00,0,0,0,0,8,74.610,"1,832.98",0,8,74.610,"1,832.98",0.00,0,0.000,0.00,0,0,0,0,0,0.000,"1,755.10",0,0.000,"1,755.10",0,0.000,0.00,0,0,0,0,6,54.150,"1,755.10",0,6,54.150,"1,755.10",Total,148,794.698,"20,900.40",8,22,77,0,70,737.355,"51,025.27",5,218,"1,532.053","71,925.67",0.00,1,1.250,"8,223.83",0,0,0,0,0,0.000,"3,278.79",1,1.250,"11,502.62",92,457.917,"8,426.02",8,22,61,0,13,120.015,"3,278.79",0,105,577.932,"11,704.81",Grand Total,"2,828","14,912.843","5,22,499.08",197,816,"1,549",0,"1,049","10,064.773","6,11,256.74",126,"3,877","24,977.616","11,33,755.83",0.00,7,32.021,"1,56,370.80",0,0,3,0,0,0.000,"42,249.24",7,32.021,"1,98,649.45","1,613","7,343.664","1,58,387.30",179,696,"1,041",0,227,"2,403.111","42,429.07",0,"1,840","9,746.775","2,00,991.92","Page 1 of 1     Generated on : 12/03/2025 23:17 PM     2014 NRRDA, All rights reserved"
Pradhan Mantri Gram Sadak Yojana,Monthly Report Format for Physical & Financial Progress under PMGSY,State: Himachal Pradesh     District: All Districts     Block: All Blocks     Year: 2015     Month: January     Collaboration: All Collaborations     Agency:  Public Works Department   Scheme: All Scheme,Note : All Costs and Expenditures in Lakhs and Length in Kms.,Clearance,Progress During Month,Cumulative Progress,New Connectivity,Upgradation,Total,New Connectivity,Upgradation,Total,New Connectivity,Upgradation,Total,Sr.No.,Sanction Year,Nos.,Length,Cost,1000+,999-500,499-250 (Eligible),Nos.,Length,Cost,LSB Nos.,Road Nos.,Road Length,Cost,Funds Released,Nos.,Length,Expenditure,1000+,999-500,499-250 (Eligible),Nos.,Length,Expenditure,Nos.,Length,Expenditure,Nos.,Length,Expenditure,1000+,999-500,499-250 (Eligible),Nos.,Length,Expenditure,LSB Nos.,Road Nos.,Road Length,Expenditure,Solan,2008 - 2009,0,0.000,0.00,0,0,0,0,1,8.630,388.70,0,1,8.630,388.70,0.00,0,0.000,0.00,0,0,0,0,0,0.000,363.52,0,0.000,363.52,0,0.000,0.00,0,0,0,0,1,8.630,363.52,0,1,8.630,363.52,Total,148,794.698,"20,900.40",8,22,77,0,70,737.355,"51,025.27",5,218,"1,532.053","71,925.67",0.00,1,1.250,"8,223.83",0,0,0,0,0,0.000,"3,278.79",1,1.250,"11,502.62",92,457.917,"8,426.02",8,22,61,0,13,120.015,"3,278.79",0,105,577.932,"11,704.81",Grand Total,"2,828","14,912.843","5,22,499.08",197,816,"1,549",0,"1,049","10,064.773","6,11,256.74",126,"3,877","24,977.616","11,33,755.83",0.00,7,32.021,"1,56,370.80",0,0,3,0,0,0.000,"42,249.24",7,32.021,"1,98,649.45","1,613","7,343.664","1,58,387.30",179,696,"1,041",0,227,"2,403.111","42,429.07",0,"1,840","9,746.775","2,00,991.92","Page 1 of 1     Generated on : 12/03/2025 23:17 PM     2014 NRRDA, All rights reserved"
Pradhan Mantri Gram Sadak Yojana,Monthly Report Format for Physical & Financial Progress under PMGSY,State: Himachal Pradesh     District: All Districts     Block: All Blocks     Year: 2015     Month: January     Collaboration: All Collaborations     Agency:  Public Works Department   Scheme: All Scheme,Note : All Costs and Expenditures in Lakhs and Length in Kms.,Clearance,Progress During Month,Cumulative Progress,New Connectivity,Upgradation,Total,New Connectivity,Upgradation,Total,New Connectivity,Upgradation,Total,Sr.No.,Sanction Year,Nos.,Length,Cost,1000+,999-500,499-250 (Eligible),Nos.,Length,Cost,LSB Nos.,Road Nos.,Road Length,Cost,Funds Released,Nos.,Length,Expenditure,1000+,999-500,499-250 (Eligible),Nos.,Length,Expenditure,Nos.,Length,Expenditure,Nos.,Length,Expenditure,1000+,999-500,499-250 (Eligible),Nos.,Length,Expenditure,LSB Nos.,Road Nos.,Road Length,Expenditure,Solan,2009 - 2010,8,28.520,"1,362.43",0,0,8,0,0,0.000,0.00,0,8,28.520,"1,362.43",0.00,0,0.000,"1,124.35",0,0,0,0,0,0.000,0.00,0,0.000,"1,124.35",7,24.460,"1,124.35",0,0,7,0,0,0.000,0.00,0,7,24.460,"1,124.35",Total,148,794.698,"20,900.40",8,22,77,0,70,737.355,"51,025.27",5,218,"1,532.053","71,925.67",0.00,1,1.250,"8,223.83",0,0,0,0,0,0.000,"3,278.79",1,1.250,"11,502.62",92,457.917,"8,426.02",8,22,61,0,13,120.015,"3,278.79",0,105,577.932,"11,704.81",Grand Total,"2,828","14,912.843","5,22,499.08",197,816,"1,549",0,"1,049","10,064.773","6,11,256.74",126,"3,877","24,977.616","11,33,755.83",0.00,7,32.021,"1,56,370.80",0,0,3,0,0,0.000,"42,249.24",7,32.021,"1,98,649.45","1,613","7,343.664","1,58,387.30",179,696,"1,041",0,227,"2,403.111","42,429.07",0,"1,840","9,746.775","2,00,991.92","Page 1 of 1     Generated on : 12/03/2025 23:17 PM     2014 NRRDA, All rights reserved"
Pradhan Mantri Gram Sadak Yojana,Monthly Report Format for Physical & Financial Progress under PMGSY,State: Himachal Pradesh     District: All Districts     Block: All Blocks     Year: 2015     Month: January     Collaboration: All Collaborations     Agency:  Public Works Department   Scheme: All Scheme,Note : All Costs and Expenditures in Lakhs and Length in Kms.,Clearance,Progress During Month,Cumulative Progress,New Connectivity,Upgradation,Total,New Connectivity,Upgradation,Total,New Connectivity,Upgradation,Total,Sr.No.,Sanction Year,Nos.,Length,Cost,1000+,999-500,499-250 (Eligible),Nos.,Length,Cost,LSB Nos.,Road Nos.,Road Length,Cost,Funds Released,Nos.,Length,Expenditure,1000+,999-500,499-250 (Eligible),Nos.,Length,Expenditure,Nos.,Length,Expenditure,Nos.,Length,Expenditure,1000+,999-500,499-250 (Eligible),Nos.,Length,Expenditure,LSB Nos.,Road Nos.,Road Length,Expenditure,Solan,2011 - 2012,11,53.240,"1,063.70",0,0,3,0,0,0.000,0.00,0,11,53.240,"1,063.70",0.00,1,1.250,675.56,0,0,0,0,0,0.000,0.00,1,1.250,675.56,6,29.290,724.49,0,0,1,0,0,0.000,0.00,0,6,29.290,724.49,Total,148,794.698,"20,900.40",8,22,77,0,70,737.355,"51,025.27",5,218,"1,532.053","71,925.67",0.00,1,1.250,"8,223.83",0,0,0,0,0,0.000,"3,278.79",1,1.250,"11,502.62",92,457.917,"8,426.02",8,22,61,0,13,120.015,"3,278.79",0,105,577.932,"11,704.81",Grand Total,"2,828","14,912.843","5,22,499.08",197,816,"1,549",0,"1,049","10,064.773","6,11,256.74",126,"3,877","24,977.616","11,33,755.83",0.00,7,32.021,"1,56,370.80",0,0,3,0,0,0.000,"42,249.24",7,32.021,"1,98,649.45","1,613","7,343.664","1,58,387.30",179,696,"1,041",0,227,"2,403.111","42,429.07",0,"1,840","9,746.775","2,00,991.92","Page 1 of 1     Generated on : 12/03/2025 23:17 PM     2014 NRRDA, All rights reserved"
Pradhan Mantri Gram Sadak Yojana,Monthly Report Format for Physical & Financial Progress under PMGSY,State: Himachal Pradesh     District: All Districts     Block: All Blocks     Year: 2015     Month: January     Collaboration: All Collaborations     Agency:  Public Works Department   Scheme: All Scheme,Note : All Costs and Expenditures in Lakhs and Length in Kms.,Clearance,Progress During Month,Cumulative Progress,New Connectivity,Upgradation,Total,New Connectivity,Upgradation,Total,New Connectivity,Upgradation,Total,Sr.No.,Sanction Year,Nos.,Length,Cost,1000+,999-500,499-250 (Eligible),Nos.,Length,Cost,LSB Nos.,Road Nos.,Road Length,Cost,Funds Released,Nos.,Length,Expenditure,1000+,999-500,499-250 (Eligible),Nos.,Length,Expenditure,Nos.,Length,Expenditure,Nos.,Length,Expenditure,1000+,999-500,499-250 (Eligible),Nos.,Length,Expenditure,LSB Nos.,Road Nos.,Road Length,Expenditure,Solan,2013 - 2014,10,46.146,"1,359.48",0,0,1,0,0,0.000,0.00,0,10,46.146,"1,359.48",0.00,0,0.000,519.09,0,0,0,0,0,0.000,0.00,0,0.000,519.09,4,10.056,626.60,0,0,0,0,0,0.000,0.00,0,4,10.056,626.60,Total,148,794.698,"20,900.40",8,22,77,0,70,737.355,"51,025.27",5,218,"1,532.053","71,925.67",0.00,1,1.250,"8,223.83",0,0,0,0,0,0.000,"3,278.79",1,1.250,"11,502.62",92,457.917,"8,426.02",8,22,61,0,13,120.015,"3,278.79",0,105,577.932,"11,704.81",Grand Total,"2,828","14,912.843","5,22,499.08",197,816,"1,549",0,"1,049","10,064.773","6,11,256.74",126,"3,877","24,977.616","11,33,755.83",0.00,7,32.021,"1,56,370.80",0,0,3,0,0,0.000,"42,249.24",7,32.021,"1,98,649.45","1,613","7,343.664","1,58,387.30",179,696,"1,041",0,227,"2,403.111","42,429.07",0,"1,840","9,746.775","2,00,991.92","Page 1 of 1     Generated on : 12/03/2025 23:17 PM     2014 NRRDA, All rights reserved"
Pradhan Mantri Gram Sadak Yojana,Monthly Report Format for Physical & Financial Progress under PMGSY,State: Himachal Pradesh     District: All Districts     Block: All Blocks     Year: 2015     Month: January     Collaboration: All Collaborations     Agency:  Public Works Department   Scheme: All Scheme,Note : All Costs and Expenditures in Lakhs and Length in Kms.,Clearance,Progress During Month,Cumulative Progress,New Connectivity,Upgradation,Total,New Connectivity,Upgradation,Total,New Connectivity,Upgradation,Total,Sr.No.,Sanction Year,Nos.,Length,Cost,1000+,999-500,499-250 (Eligible),Nos.,Length,Cost,LSB Nos.,Road Nos.,Road Length,Cost,Funds Released,Nos.,Length,Expenditure,1000+,999-500,499-250 (Eligible),Nos.,Length,Expenditure,Nos.,Length,Expenditure,Nos.,Length,Expenditure,1000+,999-500,499-250 (Eligible),Nos.,Length,Expenditure,LSB Nos.,Road Nos.,Road Length,Expenditure,Solan,2014 - 2015,12,104.883,"3,789.43",0,0,0,0,0,0.000,0.00,0,12,104.883,"3,789.43",0.00,0,0.000,71.79,0,0,0,0,0,0.000,0.00,0,0.000,71.79,0,0.000,113.24,0,0,0,0,0,0.000,0.00,0,0,0.000,113.24,Total,148,794.698,"20,900.40",8,22,77,0,70,737.355,"51,025.27",5,218,"1,532.053","71,925.67",0.00,1,1.250,"8,223.83",0,0,0,0,0,0.000,"3,278.79",1,1.250,"11,502.62",92,457.917,"8,426.02",8,22,61,0,13,120.015,"3,278.79",0,105,577.932,"11,704.81",Grand Total,"2,828","14,912.843","5,22,499.08",197,816,"1,549",0,"1,049","10,064.773","6,11,256.74",126,"3,877","24,977.616","11,33,755.83",0.00,7,32.021,"1,56,370.80",0,0,3,0,0,0.000,"42,249.24",7,32.021,"1,98,649.45","1,613","7,343.664","1,58,387.30",179,696,"1,041",0,227,"2,403.111","42,429.07",0,"1,840","9,746.775","2,00,991.92","Page 1 of 1     Generated on : 12/03/2025 23:17 PM     2014 NRRDA, All rights reserved"
Pradhan Mantri Gram Sadak Yojana,Monthly Report Format for Physical & Financial Progress under PMGSY,State: Himachal Pradesh     District: All Districts     Block: All Blocks     Year: 2015     Month: January     Collaboration: All Collaborations     Agency:  Public Works Department   Scheme: All Scheme,Note : All Costs and Expenditures in Lakhs and Length in Kms.,Clearance,Progress During Month,Cumulative Progress,New Connectivity,Upgradation,Total,New Connectivity,Upgradation,Total,New Connectivity,Upgradation,Total,Sr.No.,Sanction Year,Nos.,Length,Cost,1000+,999-500,499-250 (Eligible),Nos.,Length,Cost,LSB Nos.,Road Nos.,Road Length,Cost,Funds Released,Nos.,Length,Expenditure,1000+,999-500,499-250 (Eligible),Nos.,Length,Expenditure,Nos.,Length,Expenditure,Nos.,Length,Expenditure,1000+,999-500,499-250 (Eligible),Nos.,Length,Expenditure,LSB Nos.,Road Nos.,Road Length,Expenditure,Solan,2016 - 2017,22,98.405,"4,342.09",0,0,5,0,11,176.735,"8,650.94",1,33,275.140,"12,993.03",0.00,0,0.000,0.00,0,0,0,0,0,0.000,0.00,0,0.000,0.00,0,0.000,,0,0,0,0,0,0.000,0.00,0,0,0.000,0.00,Total,148,794.698,"20,900.40",8,22,77,0,70,737.355,"51,025.27",5,218,"1,532.053","71,925.67",0.00,1,1.250,"8,223.83",0,0,0,0,0,0.000,"3,278.79",1,1.250,"11,502.62",92,457.917,"8,426.02",8,22,61,0,13,120.015,"3,278.79",0,105,577.932,"11,704.81",Grand Total,"2,828","14,912.843","5,22,499.08",197,816,"1,549",0,"1,049","10,064.773","6,11,256.74",126,"3,877","24,977.616","11,33,755.83",0.00,7,32.021,"1,56,370.80",0,0,3,0,0,0.000,"42,249.24",7,32.021,"1,98,649.45","1,613","7,343.664","1,58,387.30",179,696,"1,041",0,227,"2,403.111","42,429.07",0,"1,840","9,746.775","2,00,991.92","Page 1 of 1     Generated on : 12/03/2025 23:17 PM     2014 NRRDA, All rights reserved"
Pradhan Mantri Gram Sadak Yojana,Monthly Report Format for Physical & Financial Progress under PMGSY,State: Himachal Pradesh     District: All Districts     Block: All Blocks     Year: 2015     Month: January     Collaboration: All Collaborations     Agency:  Public Works Department   Scheme: All Scheme,Note : All Costs and Expenditures in Lakhs and Length in Kms.,Clearance,Progress During Month,Cumulative Progress,New Connectivity,Upgradation,Total,New Connectivity,Upgradation,Total,New Connectivity,Upgradation,Total,Sr.No.,Sanction Year,Nos.,Length,Cost,1000+,999-500,499-250 (Eligible),Nos.,Length,Cost,LSB Nos.,Road Nos.,Road Length,Cost,Funds Released,Nos.,Length,Expenditure,1000+,999-500,499-250 (Eligible),Nos.,Length,Expenditure,Nos.,Length,Expenditure,Nos.,Length,Expenditure,1000+,999-500,499-250 (Eligible),Nos.,Length,Expenditure,LSB Nos.,Road Nos.,Road Length,Expenditure,Solan,2017 - 2018,9,49.975,"2,374.84",0,0,6,0,7,27.410,"1,271.37",0,16,77.385,"3,646.21",0.00,0,0.000,0.00,0,0,0,0,0,0.000,0.00,0,0.000,0.00,0,0.000,,0,0,0,0,0,0.000,0.00,0,0,0.000,0.00,Total,148,794.698,"20,900.40",8,22,77,0,70,737.355,"51,025.27",5,218,"1,532.053","71,925.67",0.00,1,1.250,"8,223.83",0,0,0,0,0,0.000,"3,278.79",1,1.250,"11,502.62",92,457.917,"8,426.02",8,22,61,0,13,120.015,"3,278.79",0,105,577.932,"11,704.81",Grand Total,"2,828","14,912.843","5,22,499.08",197,816,"1,549",0,"1,049","10,064.773","6,11,256.74",126,"3,877","24,977.616","11,33,755.83",0.00,7,32.021,"1,56,370.80",0,0,3,0,0,0.000,"42,249.24",7,32.021,"1,98,649.45","1,613","7,343.664","1,58,387.30",179,696,"1,041",0,227,"2,403.111","42,429.07",0,"1,840","9,746.775","2,00,991.92","Page 1 of 1     Generated on : 12/03/2025 23:17 PM     2014 NRRDA, All rights reserved"
Pradhan Mantri Gram Sadak Yojana,Monthly Report Format for Physical & Financial Progress under PMGSY,State: Himachal Pradesh     District: All Districts     Block: All Blocks     Year: 2015     Month: January     Collaboration: All Collaborations     Agency:  Public Works Department   Scheme: All Scheme,Note : All Costs and Expenditures in Lakhs and Length in Kms.,Clearance,Progress During Month,Cumulative Progress,New Connectivity,Upgradation,Total,New Connectivity,Upgradation,Total,New Connectivity,Upgradation,Total,Sr.No.,Sanction Year,Nos.,Length,Cost,1000+,999-500,499-250 (Eligible),Nos.,Length,Cost,LSB Nos.,Road Nos.,Road Length,Cost,Funds Released,Nos.,Length,Expenditure,1000+,999-500,499-250 (Eligible),Nos.,Length,Expenditure,Nos.,Length,Expenditure,Nos.,Length,Expenditure,1000+,999-500,499-250 (Eligible),Nos.,Length,Expenditure,LSB Nos.,Road Nos.,Road Length,Expenditure,Solan,2018 - 2019,0,0.000,0.00,0,0,0,0,3,28.460,"1,815.96",0,3,28.460,"1,815.96",0.00,0,0.000,0.00,0,0,0,0,0,0.000,0.00,0,0.000,0.00,0,0.000,,0,0,0,0,0,0.000,0.00,0,0,0.000,0.00,Total,148,794.698,"20,900.40",8,22,77,0,70,737.355,"51,025.27",5,218,"1,532.053","71,925.67",0.00,1,1.250,"8,223.83",0,0,0,0,0,0.000,"3,278.79",1,1.250,"11,502.62",92,457.917,"8,426.02",8,22,61,0,13,120.015,"3,278.79",0,105,577.932,"11,704.81",Grand Total,"2,828","14,912.843","5,22,499.08",197,816,"1,549",0,"1,049","10,064.773","6,11,256.74",126,"3,877","24,977.616","11,33,755.83",0.00,7,32.021,"1,56,370.80",0,0,3,0,0,0.000,"42,249.24",7,32.021,"1,98,649.45","1,613","7,343.664","1,58,387.30",179,696,"1,041",0,227,"2,403.111","42,429.07",0,"1,840","9,746.775","2,00,991.92","Page 1 of 1     Generated on : 12/03/2025 23:17 PM     2014 NRRDA, All rights reserved"
Pradhan Mantri Gram Sadak Yojana,Monthly Report Format for Physical & Financial Progress under PMGSY,State: Himachal Pradesh     District: All Districts     Block: All Blocks     Year: 2015     Month: January     Collaboration: All Collaborations     Agency:  Public Works Department   Scheme: All Scheme,Note : All Costs and Expenditures in Lakhs and Length in Kms.,Clearance,Progress During Month,Cumulative Progress,New Connectivity,Upgradation,Total,New Connectivity,Upgradation,Total,New Connectivity,Upgradation,Total,Sr.No.,Sanction Year,Nos.,Length,Cost,1000+,999-500,499-250 (Eligible),Nos.,Length,Cost,LSB Nos.,Road Nos.,Road Length,Cost,Funds Released,Nos.,Length,Expenditure,1000+,999-500,499-250 (Eligible),Nos.,Length,Expenditure,Nos.,Length,Expenditure,Nos.,Length,Expenditure,1000+,999-500,499-250 (Eligible),Nos.,Length,Expenditure,LSB Nos.,Road Nos.,Road Length,Expenditure,Solan,2019 - 2020,0,0.000,0.00,0,0,0,0,9,71.265,"5,218.55",0,9,71.265,"5,218.55",0.00,0,0.000,0.00,0,0,0,0,0,0.000,0.00,0,0.000,0.00,0,0.000,,0,0,0,0,0,0.000,0.00,0,0,0.000,0.00,Total,148,794.698,"20,900.40",8,22,77,0,70,737.355,"51,025.27",5,218,"1,532.053","71,925.67",0.00,1,1.250,"8,223.83",0,0,0,0,0,0.000,"3,278.79",1,1.250,"11,502.62",92,457.917,"8,426.02",8,22,61,0,13,120.015,"3,278.79",0,105,577.932,"11,704.81",Grand Total,"2,828","14,912.843","5,22,499.08",197,816,"1,549",0,"1,049","10,064.773","6,11,256.74",126,"3,877","24,977.616","11,33,755.83",0.00,7,32.021,"1,56,370.80",0,0,3,0,0,0.000,"42,249.24",7,32.021,"1,98,649.45","1,613","7,343.664","1,58,387.30",179,696,"1,041",0,227,"2,403.111","42,429.07",0,"1,840","9,746.775","2,00,991.92","Page 1 of 1     Generated on : 12/03/2025 23:17 PM     2014 NRRDA, All rights reserved"
Pradhan Mantri Gram Sadak Yojana,Monthly Report Format for Physical & Financial Progress under PMGSY,State: Himachal Pradesh     District: All Districts     Block: All Blocks     Year: 2015     Month: January     Collaboration: All Collaborations     Agency:  Public Works Department   Scheme: All Scheme,Note : All Costs and Expenditures in Lakhs and Length in Kms.,Clearance,Progress During Month,Cumulative Progress,New Connectivity,Upgradation,Total,New Connectivity,Upgradation,Total,New Connectivity,Upgradation,Total,Sr.No.,Sanction Year,Nos.,Length,Cost,1000+,999-500,499-250 (Eligible),Nos.,Length,Cost,LSB Nos.,Road Nos.,Road Length,Cost,Funds Released,Nos.,Length,Expenditure,1000+,999-500,499-250 (Eligible),Nos.,Length,Expenditure,Nos.,Length,Expenditure,Nos.,Length,Expenditure,1000+,999-500,499-250 (Eligible),Nos.,Length,Expenditure,LSB Nos.,Road Nos.,Road Length,Expenditure,Solan,2023 - 2024,0,0.000,0.00,0,0,0,0,25,291.260,"30,640.43",4,25,291.260,"30,640.43",0.00,0,0.000,0.00,0,0,0,0,0,0.000,0.00,0,0.000,0.00,0,0.000,,0,0,0,0,0,0.000,0.00,0,0,0.000,0.00,Total,148,794.698,"20,900.40",8,22,77,0,70,737.355,"51,025.27",5,218,"1,532.053","71,925.67",0.00,1,1.250,"8,223.83",0,0,0,0,0,0.000,"3,278.79",1,1.250,"11,502.62",92,457.917,"8,426.02",8,22,61,0,13,120.015,"3,278.79",0,105,577.932,"11,704.81",Grand Total,"2,828","14,912.843","5,22,499.08",197,816,"1,549",0,"1,049","10,064.773","6,11,256.74",126,"3,877","24,977.616","11,33,755.83",0.00,7,32.021,"1,56,370.80",0,0,3,0,0,0.000,"42,249.24",7,32.021,"1,98,649.45","1,613","7,343.664","1,58,387.30",179,696,"1,041",0,227,"2,403.111","42,429.07",0,"1,840","9,746.775","2,00,991.92","Page 1 of 1     Generated on : 12/03/2025 23:17 PM     2014 NRRDA, All rights reserved"
Pradhan Mantri Gram Sadak Yojana,Monthly Report Format for Physical & Financial Progress under PMGSY,State: Himachal Pradesh     District: All Districts     Block: All Blocks     Year: 2015     Month: January     Collaboration: All Collaborations     Agency:  Public Works Department   Scheme: All Scheme,Note : All Costs and Expenditures in Lakhs and Length in Kms.,Clearance,Progress During Month,Cumulative Progress,New Connectivity,Upgradation,Total,New Connectivity,Upgradation,Total,New Connectivity,Upgradation,Total,Sr.No.,Sanction Year,Nos.,Length,Cost,1000+,999-500,499-250 (Eligible),Nos.,Length,Cost,LSB Nos.,Road Nos.,Road Length,Cost,Funds Released,Nos.,Length,Expenditure,1000+,999-500,499-250 (Eligible),Nos.,Length,Expenditure,Nos.,Length,Expenditure,Nos.,Length,Expenditure,1000+,999-500,499-250 (Eligible),Nos.,Length,Expenditure,LSB Nos.,Road Nos.,Road Length,Expenditure,Una,2000 - 2001,11,40.820,380.00,8,3,1,0,0,0.000,0.00,0,11,40.820,380.00,0.00,0,0.000,372.28,0,0,0,0,0,0.000,0.00,0,0.000,372.28,11,39.030,372.28,8,3,1,0,0,0.000,0.00,0,11,39.030,372.28,Total,128,474.285,"11,753.19",51,46,44,0,81,758.985,"58,451.68",35,209,"1,233.270","70,204.87",0.00,0,0.000,"8,239.77",0,0,0,0,0,0.000,758.10,0,0.000,"9,008.22",118,440.395,"8,239.77",50,46,38,0,10,126.426,758.10,0,128,566.821,"9,122.85",Grand Total,"2,828","14,912.843","5,22,499.08",197,816,"1,549",0,"1,049","10,064.773","6,11,256.74",126,"3,877","24,977.616","11,33,755.83",0.00,7,32.021,"1,56,370.80",0,0,3,0,0,0.000,"42,249.24",7,32.021,"1,98,649.45","1,613","7,343.664","1,58,387.30",179,696,"1,041",0,227,"2,403.111","42,429.07",0,"1,840","9,746.775","2,00,991.92","Page 1 of 1     Generated on : 12/03/2025 23:17 PM     2014 NRRDA, All rights reserved"
Pradhan Mantri Gram Sadak Yojana,Monthly Report Format for Physical & Financial Progress under PMGSY,State: Himachal Pradesh     District: All Districts     Block: All Blocks     Year: 2015     Month: January     Collaboration: All Collaborations     Agency:  Public Works Department   Scheme: All Scheme,Note : All Costs and Expenditures in Lakhs and Length in Kms.,Clearance,Progress During Month,Cumulative Progress,New Connectivity,Upgradation,Total,New Connectivity,Upgradation,Total,New Connectivity,Upgradation,Total,Sr.No.,Sanction Year,Nos.,Length,Cost,1000+,999-500,499-250 (Eligible),Nos.,Length,Cost,LSB Nos.,Road Nos.,Road Length,Cost,Funds Released,Nos.,Length,Expenditure,1000+,999-500,499-250 (Eligible),Nos.,Length,Expenditure,Nos.,Length,Expenditure,Nos.,Length,Expenditure,1000+,999-500,499-250 (Eligible),Nos.,Length,Expenditure,LSB Nos.,Road Nos.,Road Length,Expenditure,Una,2001 - 2002,17,72.565,841.83,10,8,5,0,0,0.000,0.00,0,17,72.565,841.83,0.00,0,0.000,767.32,0,0,0,0,0,0.000,0.00,0,0.000,767.32,17,72.565,767.32,10,8,5,0,0,0.000,0.00,0,17,72.565,767.32,Total,128,474.285,"11,753.19",51,46,44,0,81,758.985,"58,451.68",35,209,"1,233.270","70,204.87",0.00,0,0.000,"8,239.77",0,0,0,0,0,0.000,758.10,0,0.000,"9,008.22",118,440.395,"8,239.77",50,46,38,0,10,126.426,758.10,0,128,566.821,"9,122.85",Grand Total,"2,828","14,912.843","5,22,499.08",197,816,"1,549",0,"1,049","10,064.773","6,11,256.74",126,"3,877","24,977.616","11,33,755.83",0.00,7,32.021,"1,56,370.80",0,0,3,0,0,0.000,"42,249.24",7,32.021,"1,98,649.45","1,613","7,343.664","1,58,387.30",179,696,"1,041",0,227,"2,403.111","42,429.07",0,"1,840","9,746.775","2,00,991.92","Page 1 of 1     Generated on : 12/03/2025 23:17 PM     2014 NRRDA, All rights reserved"
Pradhan Mantri Gram Sadak Yojana,Monthly Report Format for Physical & Financial Progress under PMGSY,State: Himachal Pradesh     District: All Districts     Block: All Blocks     Year: 2015     Month: January     Collaboration: All Collaborations     Agency:  Public Works Department   Scheme: All Scheme,Note : All Costs and Expenditures in Lakhs and Length in Kms.,Clearance,Progress During Month,Cumulative Progress,New Connectivity,Upgradation,Total,New Connectivity,Upgradation,Total,New Connectivity,Upgradation,Total,Sr.No.,Sanction Year,Nos.,Length,Cost,1000+,999-500,499-250 (Eligible),Nos.,Length,Cost,LSB Nos.,Road Nos.,Road Length,Cost,Funds Released,Nos.,Length,Expenditure,1000+,999-500,499-250 (Eligible),Nos.,Length,Expenditure,Nos.,Length,Expenditure,Nos.,Length,Expenditure,1000+,999-500,499-250 (Eligible),Nos.,Length,Expenditure,LSB Nos.,Road Nos.,Road Length,Expenditure,Una,2003 - 2004,26,94.790,"1,341.25",15,9,10,0,0,0.000,0.00,0,26,94.790,"1,341.25",0.00,0,0.000,"1,237.83",0,0,0,0,0,0.000,0.00,0,0.000,"1,237.83",26,94.745,"1,237.83",15,9,10,0,0,0.000,0.00,0,26,94.745,"1,237.83",Total,128,474.285,"11,753.19",51,46,44,0,81,758.985,"58,451.68",35,209,"1,233.270","70,204.87",0.00,0,0.000,"8,239.77",0,0,0,0,0,0.000,758.10,0,0.000,"9,008.22",118,440.395,"8,239.77",50,46,38,0,10,126.426,758.10,0,128,566.821,"9,122.85",Grand Total,"2,828","14,912.843","5,22,499.08",197,816,"1,549",0,"1,049","10,064.773","6,11,256.74",126,"3,877","24,977.616","11,33,755.83",0.00,7,32.021,"1,56,370.80",0,0,3,0,0,0.000,"42,249.24",7,32.021,"1,98,649.45","1,613","7,343.664","1,58,387.30",179,696,"1,041",0,227,"2,403.111","42,429.07",0,"1,840","9,746.775","2,00,991.92","Page 1 of 1     Generated on : 12/03/2025 23:17 PM     2014 NRRDA, All rights reserved"
Pradhan Mantri Gram Sadak Yojana,Monthly Report Format for Physical & Financial Progress under PMGSY,State: Himachal Pradesh     District: All Districts     Block: All Blocks     Year: 2015     Month: January     Collaboration: All Collaborations     Agency:  Public Works Department   Scheme: All Scheme,Note : All Costs and Expenditures in Lakhs and Length in Kms.,Clearance,Progress During Month,Cumulative Progress,New Connectivity,Upgradation,Total,New Connectivity,Upgradation,Total,New Connectivity,Upgradation,Total,Sr.No.,Sanction Year,Nos.,Length,Cost,1000+,999-500,499-250 (Eligible),Nos.,Length,Cost,LSB Nos.,Road Nos.,Road Length,Cost,Funds Released,Nos.,Length,Expenditure,1000+,999-500,499-250 (Eligible),Nos.,Length,Expenditure,Nos.,Length,Expenditure,Nos.,Length,Expenditure,1000+,999-500,499-250 (Eligible),Nos.,Length,Expenditure,LSB Nos.,Road Nos.,Road Length,Expenditure,Una,2004 - 2005,8,30.755,532.08,5,1,1,0,0,0.000,0.00,0,8,30.755,532.08,0.00,0,0.000,508.09,0,0,0,0,0,0.000,0.00,0,0.000,508.09,8,30.750,508.09,5,1,1,0,0,0.000,0.00,0,8,30.750,508.09,Total,128,474.285,"11,753.19",51,46,44,0,81,758.985,"58,451.68",35,209,"1,233.270","70,204.87",0.00,0,0.000,"8,239.77",0,0,0,0,0,0.000,758.10,0,0.000,"9,008.22",118,440.395,"8,239.77",50,46,38,0,10,126.426,758.10,0,128,566.821,"9,122.85",Grand Total,"2,828","14,912.843","5,22,499.08",197,816,"1,549",0,"1,049","10,064.773","6,11,256.74",126,"3,877","24,977.616","11,33,755.83",0.00,7,32.021,"1,56,370.80",0,0,3,0,0,0.000,"42,249.24",7,32.021,"1,98,649.45","1,613","7,343.664","1,58,387.30",179,696,"1,041",0,227,"2,403.111","42,429.07",0,"1,840","9,746.775","2,00,991.92","Page 1 of 1     Generated on : 12/03/2025 23:17 PM     2014 NRRDA, All rights reserved"
Pradhan Mantri Gram Sadak Yojana,Monthly Report Format for Physical & Financial Progress under PMGSY,State: Himachal Pradesh     District: All Districts     Block: All Blocks     Year: 2015     Month: January     Collaboration: All Collaborations     Agency:  Public Works Department   Scheme: All Scheme,Note : All Costs and Expenditures in Lakhs and Length in Kms.,Clearance,Progress During Month,Cumulative Progress,New Connectivity,Upgradation,Total,New Connectivity,Upgradation,Total,New Connectivity,Upgradation,Total,Sr.No.,Sanction Year,Nos.,Length,Cost,1000+,999-500,499-250 (Eligible),Nos.,Length,Cost,LSB Nos.,Road Nos.,Road Length,Cost,Funds Released,Nos.,Length,Expenditure,1000+,999-500,499-250 (Eligible),Nos.,Length,Expenditure,Nos.,Length,Expenditure,Nos.,Length,Expenditure,1000+,999-500,499-250 (Eligible),Nos.,Length,Expenditure,LSB Nos.,Road Nos.,Road Length,Expenditure,Una,2005 - 2006,9,46.980,560.85,0,2,7,0,0,0.000,0.00,0,9,46.980,560.85,0.00,0,0.000,543.19,0,0,0,0,0,0.000,0.00,0,0.000,543.19,9,46.990,543.19,0,2,7,0,0,0.000,0.00,0,9,46.990,543.19,Total,128,474.285,"11,753.19",51,46,44,0,81,758.985,"58,451.68",35,209,"1,233.270","70,204.87",0.00,0,0.000,"8,239.77",0,0,0,0,0,0.000,758.10,0,0.000,"9,008.22",118,440.395,"8,239.77",50,46,38,0,10,126.426,758.10,0,128,566.821,"9,122.85",Grand Total,"2,828","14,912.843","5,22,499.08",197,816,"1,549",0,"1,049","10,064.773","6,11,256.74",126,"3,877","24,977.616","11,33,755.83",0.00,7,32.021,"1,56,370.80",0,0,3,0,0,0.000,"42,249.24",7,32.021,"1,98,649.45","1,613","7,343.664","1,58,387.30",179,696,"1,041",0,227,"2,403.111","42,429.07",0,"1,840","9,746.775","2,00,991.92","Page 1 of 1     Generated on : 12/03/2025 23:17 PM     2014 NRRDA, All rights reserved"
Pradhan Mantri Gram Sadak Yojana,Monthly Report Format for Physical & Financial Progress under PMGSY,State: Himachal Pradesh     District: All Districts     Block: All Blocks     Year: 2015     Month: January     Collaboration: All Collaborations     Agency:  Public Works Department   Scheme: All Scheme,Note : All Costs and Expenditures in Lakhs and Length in Kms.,Clearance,Progress During Month,Cumulative Progress,New Connectivity,Upgradation,Total,New Connectivity,Upgradation,Total,New Connectivity,Upgradation,Total,Sr.No.,Sanction Year,Nos.,Length,Cost,1000+,999-500,499-250 (Eligible),Nos.,Length,Cost,LSB Nos.,Road Nos.,Road Length,Cost,Funds Released,Nos.,Length,Expenditure,1000+,999-500,499-250 (Eligible),Nos.,Length,Expenditure,Nos.,Length,Expenditure,Nos.,Length,Expenditure,1000+,999-500,499-250 (Eligible),Nos.,Length,Expenditure,LSB Nos.,Road Nos.,Road Length,Expenditure,Una,2006 - 2007,33,102.855,"2,988.31",12,22,3,0,0,0.000,0.00,0,33,102.855,"2,988.31",0.00,0,0.000,"3,105.37",0,0,0,0,0,0.000,0.00,0,0.000,"3,105.37",33,102.850,"3,105.37",12,22,3,0,0,0.000,0.00,0,33,102.850,"3,105.37",Total,128,474.285,"11,753.19",51,46,44,0,81,758.985,"58,451.68",35,209,"1,233.270","70,204.87",0.00,0,0.000,"8,239.77",0,0,0,0,0,0.000,758.10,0,0.000,"9,008.22",118,440.395,"8,239.77",50,46,38,0,10,126.426,758.10,0,128,566.821,"9,122.85",Grand Total,"2,828","14,912.843","5,22,499.08",197,816,"1,549",0,"1,049","10,064.773","6,11,256.74",126,"3,877","24,977.616","11,33,755.83",0.00,7,32.021,"1,56,370.80",0,0,3,0,0,0.000,"42,249.24",7,32.021,"1,98,649.45","1,613","7,343.664","1,58,387.30",179,696,"1,041",0,227,"2,403.111","42,429.07",0,"1,840","9,746.775","2,00,991.92","Page 1 of 1     Generated on : 12/03/2025 23:17 PM     2014 NRRDA, All rights reserved"
Pradhan Mantri Gram Sadak Yojana,Monthly Report Format for Physical & Financial Progress under PMGSY,State: Himachal Pradesh     District: All Districts     Block: All Blocks     Year: 2015     Month: January     Collaboration: All Collaborations     Agency:  Public Works Department   Scheme: All Scheme,Note : All Costs and Expenditures in Lakhs and Length in Kms.,Clearance,Progress During Month,Cumulative Progress,New Connectivity,Upgradation,Total,New Connectivity,Upgradation,Total,New Connectivity,Upgradation,Total,Sr.No.,Sanction Year,Nos.,Length,Cost,1000+,999-500,499-250 (Eligible),Nos.,Length,Cost,LSB Nos.,Road Nos.,Road Length,Cost,Funds Released,Nos.,Length,Expenditure,1000+,999-500,499-250 (Eligible),Nos.,Length,Expenditure,Nos.,Length,Expenditure,Nos.,Length,Expenditure,1000+,999-500,499-250 (Eligible),Nos.,Length,Expenditure,LSB Nos.,Road Nos.,Road Length,Expenditure,Una,2007 - 2008,0,0.000,0.00,0,0,0,0,10,126.425,923.81,0,10,126.425,923.81,0.00,0,0.000,0.00,0,0,0,0,0,0.000,758.10,0,0.000,758.10,0,0.000,0.00,0,0,0,0,10,126.426,758.10,0,10,126.426,758.10,Total,128,474.285,"11,753.19",51,46,44,0,81,758.985,"58,451.68",35,209,"1,233.270","70,204.87",0.00,0,0.000,"8,239.77",0,0,0,0,0,0.000,758.10,0,0.000,"9,008.22",118,440.395,"8,239.77",50,46,38,0,10,126.426,758.10,0,128,566.821,"9,122.85",Grand Total,"2,828","14,912.843","5,22,499.08",197,816,"1,549",0,"1,049","10,064.773","6,11,256.74",126,"3,877","24,977.616","11,33,755.83",0.00,7,32.021,"1,56,370.80",0,0,3,0,0,0.000,"42,249.24",7,32.021,"1,98,649.45","1,613","7,343.664","1,58,387.30",179,696,"1,041",0,227,"2,403.111","42,429.07",0,"1,840","9,746.775","2,00,991.92","Page 1 of 1     Generated on : 12/03/2025 23:17 PM     2014 NRRDA, All rights reserved"
Pradhan Mantri Gram Sadak Yojana,Monthly Report Format for Physical & Financial Progress under PMGSY,State: Himachal Pradesh     District: All Districts     Block: All Blocks     Year: 2015     Month: January     Collaboration: All Collaborations     Agency:  Public Works Department   Scheme: All Scheme,Note : All Costs and Expenditures in Lakhs and Length in Kms.,Clearance,Progress During Month,Cumulative Progress,New Connectivity,Upgradation,Total,New Connectivity,Upgradation,Total,New Connectivity,Upgradation,Total,Sr.No.,Sanction Year,Nos.,Length,Cost,1000+,999-500,499-250 (Eligible),Nos.,Length,Cost,LSB Nos.,Road Nos.,Road Length,Cost,Funds Released,Nos.,Length,Expenditure,1000+,999-500,499-250 (Eligible),Nos.,Length,Expenditure,Nos.,Length,Expenditure,Nos.,Length,Expenditure,1000+,999-500,499-250 (Eligible),Nos.,Length,Expenditure,LSB Nos.,Road Nos.,Road Length,Expenditure,Una,2009 - 2010,10,31.430,"1,741.55",0,0,11,0,0,0.000,0.00,0,10,31.430,"1,741.55",0.00,0,0.000,"1,206.55",0,0,0,0,0,0.000,0.00,0,0.000,"1,206.55",9,27.905,"1,206.55",0,0,10,0,0,0.000,0.00,0,9,27.905,"1,206.55",Total,128,474.285,"11,753.19",51,46,44,0,81,758.985,"58,451.68",35,209,"1,233.270","70,204.87",0.00,0,0.000,"8,239.77",0,0,0,0,0,0.000,758.10,0,0.000,"9,008.22",118,440.395,"8,239.77",50,46,38,0,10,126.426,758.10,0,128,566.821,"9,122.85",Grand Total,"2,828","14,912.843","5,22,499.08",197,816,"1,549",0,"1,049","10,064.773","6,11,256.74",126,"3,877","24,977.616","11,33,755.83",0.00,7,32.021,"1,56,370.80",0,0,3,0,0,0.000,"42,249.24",7,32.021,"1,98,649.45","1,613","7,343.664","1,58,387.30",179,696,"1,041",0,227,"2,403.111","42,429.07",0,"1,840","9,746.775","2,00,991.92","Page 1 of 1     Generated on : 12/03/2025 23:17 PM     2014 NRRDA, All rights reserved"
Pradhan Mantri Gram Sadak Yojana,Monthly Report Format for Physical & Financial Progress under PMGSY,State: Himachal Pradesh     District: All Districts     Block: All Blocks     Year: 2015     Month: January     Collaboration: All Collaborations     Agency:  Public Works Department   Scheme: All Scheme,Note : All Costs and Expenditures in Lakhs and Length in Kms.,Clearance,Progress During Month,Cumulative Progress,New Connectivity,Upgradation,Total,New Connectivity,Upgradation,Total,New Connectivity,Upgradation,Total,Sr.No.,Sanction Year,Nos.,Length,Cost,1000+,999-500,499-250 (Eligible),Nos.,Length,Cost,LSB Nos.,Road Nos.,Road Length,Cost,Funds Released,Nos.,Length,Expenditure,1000+,999-500,499-250 (Eligible),Nos.,Length,Expenditure,Nos.,Length,Expenditure,Nos.,Length,Expenditure,1000+,999-500,499-250 (Eligible),Nos.,Length,Expenditure,LSB Nos.,Road Nos.,Road Length,Expenditure,Una,2011 - 2012,3,14.140,378.01,0,1,1,0,0,0.000,0.00,0,3,14.140,378.01,0.00,0,0.000,268.36,0,0,0,0,0,0.000,0.00,0,0.000,268.36,3,14.140,268.36,0,1,1,0,0,0.000,0.00,0,3,14.140,268.36,Total,128,474.285,"11,753.19",51,46,44,0,81,758.985,"58,451.68",35,209,"1,233.270","70,204.87",0.00,0,0.000,"8,239.77",0,0,0,0,0,0.000,758.10,0,0.000,"9,008.22",118,440.395,"8,239.77",50,46,38,0,10,126.426,758.10,0,128,566.821,"9,122.85",Grand Total,"2,828","14,912.843","5,22,499.08",197,816,"1,549",0,"1,049","10,064.773","6,11,256.74",126,"3,877","24,977.616","11,33,755.83",0.00,7,32.021,"1,56,370.80",0,0,3,0,0,0.000,"42,249.24",7,32.021,"1,98,649.45","1,613","7,343.664","1,58,387.30",179,696,"1,041",0,227,"2,403.111","42,429.07",0,"1,840","9,746.775","2,00,991.92","Page 1 of 1     Generated on : 12/03/2025 23:17 PM     2014 NRRDA, All rights reserved"
Pradhan Mantri Gram Sadak Yojana,Monthly Report Format for Physical & Financial Progress under PMGSY,State: Himachal Pradesh     District: All Districts     Block: All Blocks     Year: 2015     Month: January     Collaboration: All Collaborations     Agency:  Public Works Department   Scheme: All Scheme,Note : All Costs and Expenditures in Lakhs and Length in Kms.,Clearance,Progress During Month,Cumulative Progress,New Connectivity,Upgradation,Total,New Connectivity,Upgradation,Total,New Connectivity,Upgradation,Total,Sr.No.,Sanction Year,Nos.,Length,Cost,1000+,999-500,499-250 (Eligible),Nos.,Length,Cost,LSB Nos.,Road Nos.,Road Length,Cost,Funds Released,Nos.,Length,Expenditure,1000+,999-500,499-250 (Eligible),Nos.,Length,Expenditure,Nos.,Length,Expenditure,Nos.,Length,Expenditure,1000+,999-500,499-250 (Eligible),Nos.,Length,Expenditure,LSB Nos.,Road Nos.,Road Length,Expenditure,Una,2013 - 2014,3,15.420,322.02,1,0,0,0,0,0.000,0.00,1,3,15.420,322.02,0.00,0,0.000,230.78,0,0,0,0,0,0.000,0.00,0,0.000,241.13,2,11.420,230.78,0,0,0,0,0,0.000,0.00,0,2,11.420,260.79,Total,128,474.285,"11,753.19",51,46,44,0,81,758.985,"58,451.68",35,209,"1,233.270","70,204.87",0.00,0,0.000,"8,239.77",0,0,0,0,0,0.000,758.10,0,0.000,"9,008.22",118,440.395,"8,239.77",50,46,38,0,10,126.426,758.10,0,128,566.821,"9,122.85",Grand Total,"2,828","14,912.843","5,22,499.08",197,816,"1,549",0,"1,049","10,064.773","6,11,256.74",126,"3,877","24,977.616","11,33,755.83",0.00,7,32.021,"1,56,370.80",0,0,3,0,0,0.000,"42,249.24",7,32.021,"1,98,649.45","1,613","7,343.664","1,58,387.30",179,696,"1,041",0,227,"2,403.111","42,429.07",0,"1,840","9,746.775","2,00,991.92","Page 1 of 1     Generated on : 12/03/2025 23:17 PM     2014 NRRDA, All rights reserved"
Pradhan Mantri Gram Sadak Yojana,Monthly Report Format for Physical & Financial Progress under PMGSY,State: Himachal Pradesh     District: All Districts     Block: All Blocks     Year: 2015     Month: January     Collaboration: All Collaborations     Agency:  Public Works Department   Scheme: All Scheme,Note : All Costs and Expenditures in Lakhs and Length in Kms.,Clearance,Progress During Month,Cumulative Progress,New Connectivity,Upgradation,Total,New Connectivity,Upgradation,Total,New Connectivity,Upgradation,Total,Sr.No.,Sanction Year,Nos.,Length,Cost,1000+,999-500,499-250 (Eligible),Nos.,Length,Cost,LSB Nos.,Road Nos.,Road Length,Cost,Funds Released,Nos.,Length,Expenditure,1000+,999-500,499-250 (Eligible),Nos.,Length,Expenditure,Nos.,Length,Expenditure,Nos.,Length,Expenditure,1000+,999-500,499-250 (Eligible),Nos.,Length,Expenditure,LSB Nos.,Road Nos.,Road Length,Expenditure,Una,2014 - 2015,0,0.000,953.21,0,0,0,0,0,0.000,0.00,10,0,0.000,953.21,0.00,0,0.000,0.00,0,0,0,0,0,0.000,0.00,0,0.000,0.00,0,0.000,0.00,0,0,0,0,0,0.000,0.00,0,0,0.000,94.97,Total,128,474.285,"11,753.19",51,46,44,0,81,758.985,"58,451.68",35,209,"1,233.270","70,204.87",0.00,0,0.000,"8,239.77",0,0,0,0,0,0.000,758.10,0,0.000,"9,008.22",118,440.395,"8,239.77",50,46,38,0,10,126.426,758.10,0,128,566.821,"9,122.85",Grand Total,"2,828","14,912.843","5,22,499.08",197,816,"1,549",0,"1,049","10,064.773","6,11,256.74",126,"3,877","24,977.616","11,33,755.83",0.00,7,32.021,"1,56,370.80",0,0,3,0,0,0.000,"42,249.24",7,32.021,"1,98,649.45","1,613","7,343.664","1,58,387.30",179,696,"1,041",0,227,"2,403.111","42,429.07",0,"1,840","9,746.775","2,00,991.92","Page 1 of 1     Generated on : 12/03/2025 23:17 PM     2014 NRRDA, All rights reserved"
Pradhan Mantri Gram Sadak Yojana,Monthly Report Format for Physical & Financial Progress under PMGSY,State: Himachal Pradesh     District: All Districts     Block: All Blocks     Year: 2015     Month: January     Collaboration: All Collaborations     Agency:  Public Works Department   Scheme: All Scheme,Note : All Costs and Expenditures in Lakhs and Length in Kms.,Clearance,Progress During Month,Cumulative Progress,New Connectivity,Upgradation,Total,New Connectivity,Upgradation,Total,New Connectivity,Upgradation,Total,Sr.No.,Sanction Year,Nos.,Length,Cost,1000+,999-500,499-250 (Eligible),Nos.,Length,Cost,LSB Nos.,Road Nos.,Road Length,Cost,Funds Released,Nos.,Length,Expenditure,1000+,999-500,499-250 (Eligible),Nos.,Length,Expenditure,Nos.,Length,Expenditure,Nos.,Length,Expenditure,1000+,999-500,499-250 (Eligible),Nos.,Length,Expenditure,LSB Nos.,Road Nos.,Road Length,Expenditure,Una,2016 - 2017,5,16.425,"1,234.89",0,0,4,0,7,107.400,"7,386.13",11,12,123.825,"8,621.02",0.00,0,0.000,0.00,0,0,0,0,0,0.000,0.00,0,0.000,0.00,0,0.000,,0,0,0,0,0,0.000,0.00,0,0,0.000,0.00,Total,128,474.285,"11,753.19",51,46,44,0,81,758.985,"58,451.68",35,209,"1,233.270","70,204.87",0.00,0,0.000,"8,239.77",0,0,0,0,0,0.000,758.10,0,0.000,"9,008.22",118,440.395,"8,239.77",50,46,38,0,10,126.426,758.10,0,128,566.821,"9,122.85",Grand Total,"2,828","14,912.843","5,22,499.08",197,816,"1,549",0,"1,049","10,064.773","6,11,256.74",126,"3,877","24,977.616","11,33,755.83",0.00,7,32.021,"1,56,370.80",0,0,3,0,0,0.000,"42,249.24",7,32.021,"1,98,649.45","1,613","7,343.664","1,58,387.30",179,696,"1,041",0,227,"2,403.111","42,429.07",0,"1,840","9,746.775","2,00,991.92","Page 1 of 1     Generated on : 12/03/2025 23:17 PM     2014 NRRDA, All rights reserved"
Pradhan Mantri Gram Sadak Yojana,Monthly Report Format for Physical & Financial Progress under PMGSY,State: Himachal Pradesh     District: All Districts     Block: All Blocks     Year: 2015     Month: January     Collaboration: All Collaborations     Agency:  Public Works Department   Scheme: All Scheme,Note : All Costs and Expenditures in Lakhs and Length in Kms.,Clearance,Progress During Month,Cumulative Progress,New Connectivity,Upgradation,Total,New Connectivity,Upgradation,Total,New Connectivity,Upgradation,Total,Sr.No.,Sanction Year,Nos.,Length,Cost,1000+,999-500,499-250 (Eligible),Nos.,Length,Cost,LSB Nos.,Road Nos.,Road Length,Cost,Funds Released,Nos.,Length,Expenditure,1000+,999-500,499-250 (Eligible),Nos.,Length,Expenditure,Nos.,Length,Expenditure,Nos.,Length,Expenditure,1000+,999-500,499-250 (Eligible),Nos.,Length,Expenditure,LSB Nos.,Road Nos.,Road Length,Expenditure,Una,2017 - 2018,2,3.605,152.64,0,0,0,0,3,52.470,"3,683.28",1,5,56.075,"3,835.92",0.00,0,0.000,0.00,0,0,0,0,0,0.000,0.00,0,0.000,0.00,0,0.000,,0,0,0,0,0,0.000,0.00,0,0,0.000,0.00,Total,128,474.285,"11,753.19",51,46,44,0,81,758.985,"58,451.68",35,209,"1,233.270","70,204.87",0.00,0,0.000,"8,239.77",0,0,0,0,0,0.000,758.10,0,0.000,"9,008.22",118,440.395,"8,239.77",50,46,38,0,10,126.426,758.10,0,128,566.821,"9,122.85",Grand Total,"2,828","14,912.843","5,22,499.08",197,816,"1,549",0,"1,049","10,064.773","6,11,256.74",126,"3,877","24,977.616","11,33,755.83",0.00,7,32.021,"1,56,370.80",0,0,3,0,0,0.000,"42,249.24",7,32.021,"1,98,649.45","1,613","7,343.664","1,58,387.30",179,696,"1,041",0,227,"2,403.111","42,429.07",0,"1,840","9,746.775","2,00,991.92","Page 1 of 1     Generated on : 12/03/2025 23:17 PM     2014 NRRDA, All rights reserved"
Pradhan Mantri Gram Sadak Yojana,Monthly Report Format for Physical & Financial Progress under PMGSY,State: Himachal Pradesh     District: All Districts     Block: All Blocks     Year: 2015     Month: January     Collaboration: All Collaborations     Agency:  Public Works Department   Scheme: All Scheme,Note : All Costs and Expenditures in Lakhs and Length in Kms.,Clearance,Progress During Month,Cumulative Progress,New Connectivity,Upgradation,Total,New Connectivity,Upgradation,Total,New Connectivity,Upgradation,Total,Sr.No.,Sanction Year,Nos.,Length,Cost,1000+,999-500,499-250 (Eligible),Nos.,Length,Cost,LSB Nos.,Road Nos.,Road Length,Cost,Funds Released,Nos.,Length,Expenditure,1000+,999-500,499-250 (Eligible),Nos.,Length,Expenditure,Nos.,Length,Expenditure,Nos.,Length,Expenditure,1000+,999-500,499-250 (Eligible),Nos.,Length,Expenditure,LSB Nos.,Road Nos.,Road Length,Expenditure,Una,2018 - 2019,1,4.500,326.55,0,0,1,0,33,228.155,"14,496.56",0,34,232.655,"14,823.11",0.00,0,0.000,0.00,0,0,0,0,0,0.000,0.00,0,0.000,0.00,0,0.000,,0,0,0,0,0,0.000,0.00,0,0,0.000,0.00,Total,128,474.285,"11,753.19",51,46,44,0,81,758.985,"58,451.68",35,209,"1,233.270","70,204.87",0.00,0,0.000,"8,239.77",0,0,0,0,0,0.000,758.10,0,0.000,"9,008.22",118,440.395,"8,239.77",50,46,38,0,10,126.426,758.10,0,128,566.821,"9,122.85",Grand Total,"2,828","14,912.843","5,22,499.08",197,816,"1,549",0,"1,049","10,064.773","6,11,256.74",126,"3,877","24,977.616","11,33,755.83",0.00,7,32.021,"1,56,370.80",0,0,3,0,0,0.000,"42,249.24",7,32.021,"1,98,649.45","1,613","7,343.664","1,58,387.30",179,696,"1,041",0,227,"2,403.111","42,429.07",0,"1,840","9,746.775","2,00,991.92","Page 1 of 1     Generated on : 12/03/2025 23:17 PM     2014 NRRDA, All rights reserved"
Pradhan Mantri Gram Sadak Yojana,Monthly Report Format for Physical & Financial Progress under PMGSY,State: Himachal Pradesh     District: All Districts     Block: All Blocks     Year: 2015     Month: January     Collaboration: All Collaborations     Agency:  Public Works Department   Scheme: All Scheme,Note : All Costs and Expenditures in Lakhs and Length in Kms.,Clearance,Progress During Month,Cumulative Progress,New Connectivity,Upgradation,Total,New Connectivity,Upgradation,Total,New Connectivity,Upgradation,Total,Sr.No.,Sanction Year,Nos.,Length,Cost,1000+,999-500,499-250 (Eligible),Nos.,Length,Cost,LSB Nos.,Road Nos.,Road Length,Cost,Funds Released,Nos.,Length,Expenditure,1000+,999-500,499-250 (Eligible),Nos.,Length,Expenditure,Nos.,Length,Expenditure,Nos.,Length,Expenditure,1000+,999-500,499-250 (Eligible),Nos.,Length,Expenditure,LSB Nos.,Road Nos.,Road Length,Expenditure,Una,2019 - 2020,0,0.000,0.00,0,0,0,0,9,85.345,"7,598.80",1,9,85.345,"7,598.80",0.00,0,0.000,0.00,0,0,0,0,0,0.000,0.00,0,0.000,0.00,0,0.000,,0,0,0,0,0,0.000,0.00,0,0,0.000,0.00,Total,128,474.285,"11,753.19",51,46,44,0,81,758.985,"58,451.68",35,209,"1,233.270","70,204.87",0.00,0,0.000,"8,239.77",0,0,0,0,0,0.000,758.10,0,0.000,"9,008.22",118,440.395,"8,239.77",50,46,38,0,10,126.426,758.10,0,128,566.821,"9,122.85",Grand Total,"2,828","14,912.843","5,22,499.08",197,816,"1,549",0,"1,049","10,064.773","6,11,256.74",126,"3,877","24,977.616","11,33,755.83",0.00,7,32.021,"1,56,370.80",0,0,3,0,0,0.000,"42,249.24",7,32.021,"1,98,649.45","1,613","7,343.664","1,58,387.30",179,696,"1,041",0,227,"2,403.111","42,429.07",0,"1,840","9,746.775","2,00,991.92","Page 1 of 1     Generated on : 12/03/2025 23:17 PM     2014 NRRDA, All rights reserved"
Pradhan Mantri Gram Sadak Yojana,Monthly Report Format for Physical & Financial Progress under PMGSY,State: Himachal Pradesh     District: All Districts     Block: All Blocks     Year: 2015     Month: January     Collaboration: All Collaborations     Agency:  Public Works Department   Scheme: All Scheme,Note : All Costs and Expenditures in Lakhs and Length in Kms.,Clearance,Progress During Month,Cumulative Progress,New Connectivity,Upgradation,Total,New Connectivity,Upgradation,Total,New Connectivity,Upgradation,Total,Sr.No.,Sanction Year,Nos.,Length,Cost,1000+,999-500,499-250 (Eligible),Nos.,Length,Cost,LSB Nos.,Road Nos.,Road Length,Cost,Funds Released,Nos.,Length,Expenditure,1000+,999-500,499-250 (Eligible),Nos.,Length,Expenditure,Nos.,Length,Expenditure,Nos.,Length,Expenditure,1000+,999-500,499-250 (Eligible),Nos.,Length,Expenditure,LSB Nos.,Road Nos.,Road Length,Expenditure,Una,2023 - 2024,0,0.000,0.00,0,0,0,0,19,159.190,"24,363.10",11,19,159.190,"24,363.10",0.00,0,0.000,0.00,0,0,0,0,0,0.000,0.00,0,0.000,0.00,0,0.000,,0,0,0,0,0,0.000,0.00,0,0,0.000,0.00,Total,128,474.285,"11,753.19",51,46,44,0,81,758.985,"58,451.68",35,209,"1,233.270","70,204.87",0.00,0,0.000,"8,239.77",0,0,0,0,0,0.000,758.10,0,0.000,"9,008.22",118,440.395,"8,239.77",50,46,38,0,10,126.426,758.10,0,128,566.821,"9,122.85",Grand Total,"2,828","14,912.843","5,22,499.08",197,816,"1,549",0,"1,049","10,064.773","6,11,256.74",126,"3,877","24,977.616","11,33,755.83",0.00,7,32.021,"1,56,370.80",0,0,3,0,0,0.000,"42,249.24",7,32.021,"1,98,649.45","1,613","7,343.664","1,58,387.30",179,696,"1,041",0,227,"2,403.111","42,429.07",0,"1,840","9,746.775","2,00,991.92","Page 1 of 1     Generated on : 12/03/2025 23:17 PM     2014 NRRDA, All rights reserved"

