Textbox554,Textbox598,Textbox510,Textbox466,Textbox7,Textbox35,Textbox62,Textbox134,Textbox141,Textbox144,Textbox148,Textbox171,Textbox158,Textbox161,Textbox168,Textbox151,Textbox299,Textbox6,Textbox8,Textbox10,Textbox12,Textbox14,Textbox16,Textbox18,Textbox22,Textbox24,Textbox26,Textbox66,Textbox36,Textbox34,Textbox32,Textbox30,Textbox28,Textbox63,Textbox61,Textbox58,Textbox56,Textbox54,Textbox50,Textbox48,Textbox46,Textbox44,Textbox42,Textbox40,Textbox65,Textbox85,Textbox83,Textbox81,Textbox79,Textbox77,Textbox73,Textbox87,Textbox71,Textbox152,Textbox69,Textbox67,Textbox38,LOCATION_NAME,IMS_YEAR,TN_PROPOSALS,TN_LEN,TN_AMT,POP1000,POP999,POP499,POP250,TU_PROPOSALS,TU_LEN,TU_AMT,TN_PROPOSALS_LSB,TOT_PROP,TOT_LEN,TOT_AMT,FUNDS_RELEASED,CN_PROPOSALS,CN_LEN,CN_AMT,CPOP1000,CPOP999,CPOP499,CPOP250,CU_PROPOSALS,CU_LEN,CU_AMT,CTOT_PROP,CTOT_LEN,CTOT_AMT,CCN_PROPOSALS,CCN_LEN,CCN_AMT,CCPOP1000,CCPOP999,CCPOP499,CCPOP2501,CCU_PROPOSALS,CCU_LEN,CCU_AMT,TN_COMPLETED_LSB,CCTOT_PROP,CCTOT_LEN,CCTOT_AMT,Textbox174,Textbox175,Textbox176,Textbox177,Textbox178,Textbox179,Textbox180,Textbox181,Textbox182,Textbox183,Textbox184,Textbox172,Textbox185,Textbox186,Textbox187,Textbox188,Textbox189,Textbox190,Textbox191,Textbox192,Textbox193,Textbox194,Textbox9,Textbox196,Textbox197,Textbox198,Textbox199,Textbox200,Textbox201,Textbox157,Textbox203,Textbox159,Textbox205,Textbox206,Textbox207,Textbox208,Textbox209,Textbox210,Textbox166,Textbox160,Textbox212,Textbox213,Textbox214,Textbox215,Textbox216,Textbox217,Textbox218,Textbox219,Textbox220,Textbox221,Textbox222,Textbox223,Textbox224,Textbox225,Textbox165,Textbox226,Textbox227,Textbox228,Textbox229,Textbox230,Textbox231,Textbox232,Textbox233,Textbox234,Textbox235,Textbox149,Textbox237,Textbox238,Textbox239,Textbox240,Textbox241,Textbox242,Textbox90,Textbox244,Textbox92,Textbox246,Textbox247,Textbox248,Textbox249,Textbox250,Textbox251,Textbox142,Textbox162,Textbox253,Textbox254,Textbox255,Textbox642
Pradhan Mantri Gram Sadak Yojana,Monthly Report Format for Physical & Financial Progress under PMGSY,State: Arunachal Pradesh     District: All Districts     Block: All Blocks     Year: 2020     Month: January     Collaboration: All Collaborations     Agency:  Rural Works Department   Scheme: All Scheme,Note : All Costs and Expenditures in Lakhs and Length in Kms.,Clearance,Progress During Month,Cumulative Progress,New Connectivity,Upgradation,Total,New Connectivity,Upgradation,Total,New Connectivity,Upgradation,Total,Sr.No.,Sanction Year,Nos.,Length,Cost,1000+,999-500,499-250 (Eligible),Nos.,Length,Cost,LSB Nos.,Road Nos.,Road Length,Cost,Funds Released,Nos.,Length,Expenditure,1000+,999-500,499-250 (Eligible),Nos.,Length,Expenditure,Nos.,Length,Expenditure,Nos.,Length,Expenditure,1000+,999-500,499-250 (Eligible),Nos.,Length,Expenditure,LSB Nos.,Road Nos.,Road Length,Expenditure,Anjaw,2000 - 2001,5,4.450,44.48,0,0,0,0,0,0.000,0.00,0,5,4.450,44.48,0.00,0,0.000,44.48,0,0,0,0,0,0.000,0.00,0,0.000,44.48,5,4.450,44.48,0,0,0,0,0,0.000,0.00,0,5,4.450,44.48,Total,42,539.891,"66,285.04",0,3,12,0,0,0.000,0.00,9,42,539.891,"66,285.04",0.00,0,1.400,"10,305.30",0,0,0,0,0,0.000,0.00,0,1.400,"10,737.40",15,229.409,"10,305.30",0,1,8,0,0,0.000,0.00,0,15,229.409,"10,737.40",Grand Total,"1,387","14,515.167","11,73,314.32",49,126,466,0,276,"2,265.694","2,16,564.43",303,"1,663","16,780.861","13,89,878.75",0.00,3,178.791,"4,73,770.52",0,0,3,0,0,10.600,"6,077.44",3,189.391,"4,92,131.11",883,"8,265.337","4,89,536.36",49,119,331,0,9,90.615,"6,948.40",34,892,"8,355.952","5,09,288.08","Page 1 of 1     Generated on : 12/03/2025 19:29 PM     2014 NRRDA, All rights reserved"
Pradhan Mantri Gram Sadak Yojana,Monthly Report Format for Physical & Financial Progress under PMGSY,State: Arunachal Pradesh     District: All Districts     Block: All Blocks     Year: 2020     Month: January     Collaboration: All Collaborations     Agency:  Rural Works Department   Scheme: All Scheme,Note : All Costs and Expenditures in Lakhs and Length in Kms.,Clearance,Progress During Month,Cumulative Progress,New Connectivity,Upgradation,Total,New Connectivity,Upgradation,Total,New Connectivity,Upgradation,Total,Sr.No.,Sanction Year,Nos.,Length,Cost,1000+,999-500,499-250 (Eligible),Nos.,Length,Cost,LSB Nos.,Road Nos.,Road Length,Cost,Funds Released,Nos.,Length,Expenditure,1000+,999-500,499-250 (Eligible),Nos.,Length,Expenditure,Nos.,Length,Expenditure,Nos.,Length,Expenditure,1000+,999-500,499-250 (Eligible),Nos.,Length,Expenditure,LSB Nos.,Road Nos.,Road Length,Expenditure,Anjaw,2001 - 2002,2,9.360,111.08,0,1,0,0,0,0.000,0.00,0,2,9.360,111.08,0.00,0,0.000,111.08,0,0,0,0,0,0.000,0.00,0,0.000,111.08,2,9.360,111.08,0,1,0,0,0,0.000,0.00,0,2,9.360,111.08,Total,42,539.891,"66,285.04",0,3,12,0,0,0.000,0.00,9,42,539.891,"66,285.04",0.00,0,1.400,"10,305.30",0,0,0,0,0,0.000,0.00,0,1.400,"10,737.40",15,229.409,"10,305.30",0,1,8,0,0,0.000,0.00,0,15,229.409,"10,737.40",Grand Total,"1,387","14,515.167","11,73,314.32",49,126,466,0,276,"2,265.694","2,16,564.43",303,"1,663","16,780.861","13,89,878.75",0.00,3,178.791,"4,73,770.52",0,0,3,0,0,10.600,"6,077.44",3,189.391,"4,92,131.11",883,"8,265.337","4,89,536.36",49,119,331,0,9,90.615,"6,948.40",34,892,"8,355.952","5,09,288.08","Page 1 of 1     Generated on : 12/03/2025 19:29 PM     2014 NRRDA, All rights reserved"
Pradhan Mantri Gram Sadak Yojana,Monthly Report Format for Physical & Financial Progress under PMGSY,State: Arunachal Pradesh     District: All Districts     Block: All Blocks     Year: 2020     Month: January     Collaboration: All Collaborations     Agency:  Rural Works Department   Scheme: All Scheme,Note : All Costs and Expenditures in Lakhs and Length in Kms.,Clearance,Progress During Month,Cumulative Progress,New Connectivity,Upgradation,Total,New Connectivity,Upgradation,Total,New Connectivity,Upgradation,Total,Sr.No.,Sanction Year,Nos.,Length,Cost,1000+,999-500,499-250 (Eligible),Nos.,Length,Cost,LSB Nos.,Road Nos.,Road Length,Cost,Funds Released,Nos.,Length,Expenditure,1000+,999-500,499-250 (Eligible),Nos.,Length,Expenditure,Nos.,Length,Expenditure,Nos.,Length,Expenditure,1000+,999-500,499-250 (Eligible),Nos.,Length,Expenditure,LSB Nos.,Road Nos.,Road Length,Expenditure,Anjaw,2008 - 2009,5,66.970,"4,669.25",0,0,5,0,0,0.000,0.00,0,5,66.970,"4,669.25",0.00,0,0.000,"3,669.66",0,0,0,0,0,0.000,0.00,0,0.000,"3,669.66",4,65.580,"3,669.66",0,0,4,0,0,0.000,0.00,0,4,65.580,"3,669.66",Total,42,539.891,"66,285.04",0,3,12,0,0,0.000,0.00,9,42,539.891,"66,285.04",0.00,0,1.400,"10,305.30",0,0,0,0,0,0.000,0.00,0,1.400,"10,737.40",15,229.409,"10,305.30",0,1,8,0,0,0.000,0.00,0,15,229.409,"10,737.40",Grand Total,"1,387","14,515.167","11,73,314.32",49,126,466,0,276,"2,265.694","2,16,564.43",303,"1,663","16,780.861","13,89,878.75",0.00,3,178.791,"4,73,770.52",0,0,3,0,0,10.600,"6,077.44",3,189.391,"4,92,131.11",883,"8,265.337","4,89,536.36",49,119,331,0,9,90.615,"6,948.40",34,892,"8,355.952","5,09,288.08","Page 1 of 1     Generated on : 12/03/2025 19:29 PM     2014 NRRDA, All rights reserved"
Pradhan Mantri Gram Sadak Yojana,Monthly Report Format for Physical & Financial Progress under PMGSY,State: Arunachal Pradesh     District: All Districts     Block: All Blocks     Year: 2020     Month: January     Collaboration: All Collaborations     Agency:  Rural Works Department   Scheme: All Scheme,Note : All Costs and Expenditures in Lakhs and Length in Kms.,Clearance,Progress During Month,Cumulative Progress,New Connectivity,Upgradation,Total,New Connectivity,Upgradation,Total,New Connectivity,Upgradation,Total,Sr.No.,Sanction Year,Nos.,Length,Cost,1000+,999-500,499-250 (Eligible),Nos.,Length,Cost,LSB Nos.,Road Nos.,Road Length,Cost,Funds Released,Nos.,Length,Expenditure,1000+,999-500,499-250 (Eligible),Nos.,Length,Expenditure,Nos.,Length,Expenditure,Nos.,Length,Expenditure,1000+,999-500,499-250 (Eligible),Nos.,Length,Expenditure,LSB Nos.,Road Nos.,Road Length,Expenditure,Anjaw,2009 - 2010,6,136.869,"10,960.93",0,2,4,0,0,0.000,0.00,0,6,136.869,"10,960.93",0.00,0,0.000,"4,617.92",0,0,0,0,0,0.000,0.00,0,0.000,"4,617.92",3,83.449,"4,617.92",0,0,3,0,0,0.000,0.00,0,3,83.449,"4,617.92",Total,42,539.891,"66,285.04",0,3,12,0,0,0.000,0.00,9,42,539.891,"66,285.04",0.00,0,1.400,"10,305.30",0,0,0,0,0,0.000,0.00,0,1.400,"10,737.40",15,229.409,"10,305.30",0,1,8,0,0,0.000,0.00,0,15,229.409,"10,737.40",Grand Total,"1,387","14,515.167","11,73,314.32",49,126,466,0,276,"2,265.694","2,16,564.43",303,"1,663","16,780.861","13,89,878.75",0.00,3,178.791,"4,73,770.52",0,0,3,0,0,10.600,"6,077.44",3,189.391,"4,92,131.11",883,"8,265.337","4,89,536.36",49,119,331,0,9,90.615,"6,948.40",34,892,"8,355.952","5,09,288.08","Page 1 of 1     Generated on : 12/03/2025 19:29 PM     2014 NRRDA, All rights reserved"
Pradhan Mantri Gram Sadak Yojana,Monthly Report Format for Physical & Financial Progress under PMGSY,State: Arunachal Pradesh     District: All Districts     Block: All Blocks     Year: 2020     Month: January     Collaboration: All Collaborations     Agency:  Rural Works Department   Scheme: All Scheme,Note : All Costs and Expenditures in Lakhs and Length in Kms.,Clearance,Progress During Month,Cumulative Progress,New Connectivity,Upgradation,Total,New Connectivity,Upgradation,Total,New Connectivity,Upgradation,Total,Sr.No.,Sanction Year,Nos.,Length,Cost,1000+,999-500,499-250 (Eligible),Nos.,Length,Cost,LSB Nos.,Road Nos.,Road Length,Cost,Funds Released,Nos.,Length,Expenditure,1000+,999-500,499-250 (Eligible),Nos.,Length,Expenditure,Nos.,Length,Expenditure,Nos.,Length,Expenditure,1000+,999-500,499-250 (Eligible),Nos.,Length,Expenditure,LSB Nos.,Road Nos.,Road Length,Expenditure,Anjaw,2012 - 2013,1,9.070,770.30,0,0,1,0,0,0.000,0.00,0,1,9.070,770.30,0.00,0,0.000,600.25,0,0,0,0,0,0.000,0.00,0,0.000,"1,032.35",1,9.070,600.25,0,0,1,0,0,0.000,0.00,0,1,9.070,"1,032.35",Total,42,539.891,"66,285.04",0,3,12,0,0,0.000,0.00,9,42,539.891,"66,285.04",0.00,0,1.400,"10,305.30",0,0,0,0,0,0.000,0.00,0,1.400,"10,737.40",15,229.409,"10,305.30",0,1,8,0,0,0.000,0.00,0,15,229.409,"10,737.40",Grand Total,"1,387","14,515.167","11,73,314.32",49,126,466,0,276,"2,265.694","2,16,564.43",303,"1,663","16,780.861","13,89,878.75",0.00,3,178.791,"4,73,770.52",0,0,3,0,0,10.600,"6,077.44",3,189.391,"4,92,131.11",883,"8,265.337","4,89,536.36",49,119,331,0,9,90.615,"6,948.40",34,892,"8,355.952","5,09,288.08","Page 1 of 1     Generated on : 12/03/2025 19:29 PM     2014 NRRDA, All rights reserved"
Pradhan Mantri Gram Sadak Yojana,Monthly Report Format for Physical & Financial Progress under PMGSY,State: Arunachal Pradesh     District: All Districts     Block: All Blocks     Year: 2020     Month: January     Collaboration: All Collaborations     Agency:  Rural Works Department   Scheme: All Scheme,Note : All Costs and Expenditures in Lakhs and Length in Kms.,Clearance,Progress During Month,Cumulative Progress,New Connectivity,Upgradation,Total,New Connectivity,Upgradation,Total,New Connectivity,Upgradation,Total,Sr.No.,Sanction Year,Nos.,Length,Cost,1000+,999-500,499-250 (Eligible),Nos.,Length,Cost,LSB Nos.,Road Nos.,Road Length,Cost,Funds Released,Nos.,Length,Expenditure,1000+,999-500,499-250 (Eligible),Nos.,Length,Expenditure,Nos.,Length,Expenditure,Nos.,Length,Expenditure,1000+,999-500,499-250 (Eligible),Nos.,Length,Expenditure,LSB Nos.,Road Nos.,Road Length,Expenditure,Anjaw,2013 - 2014,1,16.720,"1,617.52",0,0,1,0,0,0.000,0.00,1,1,16.720,"1,617.52",0.00,0,0.000,701.13,0,0,0,0,0,0.000,0.00,0,0.000,701.13,0,11.500,701.13,0,0,0,0,0,0.000,0.00,0,0,11.500,701.13,Total,42,539.891,"66,285.04",0,3,12,0,0,0.000,0.00,9,42,539.891,"66,285.04",0.00,0,1.400,"10,305.30",0,0,0,0,0,0.000,0.00,0,1.400,"10,737.40",15,229.409,"10,305.30",0,1,8,0,0,0.000,0.00,0,15,229.409,"10,737.40",Grand Total,"1,387","14,515.167","11,73,314.32",49,126,466,0,276,"2,265.694","2,16,564.43",303,"1,663","16,780.861","13,89,878.75",0.00,3,178.791,"4,73,770.52",0,0,3,0,0,10.600,"6,077.44",3,189.391,"4,92,131.11",883,"8,265.337","4,89,536.36",49,119,331,0,9,90.615,"6,948.40",34,892,"8,355.952","5,09,288.08","Page 1 of 1     Generated on : 12/03/2025 19:29 PM     2014 NRRDA, All rights reserved"
Pradhan Mantri Gram Sadak Yojana,Monthly Report Format for Physical & Financial Progress under PMGSY,State: Arunachal Pradesh     District: All Districts     Block: All Blocks     Year: 2020     Month: January     Collaboration: All Collaborations     Agency:  Rural Works Department   Scheme: All Scheme,Note : All Costs and Expenditures in Lakhs and Length in Kms.,Clearance,Progress During Month,Cumulative Progress,New Connectivity,Upgradation,Total,New Connectivity,Upgradation,Total,New Connectivity,Upgradation,Total,Sr.No.,Sanction Year,Nos.,Length,Cost,1000+,999-500,499-250 (Eligible),Nos.,Length,Cost,LSB Nos.,Road Nos.,Road Length,Cost,Funds Released,Nos.,Length,Expenditure,1000+,999-500,499-250 (Eligible),Nos.,Length,Expenditure,Nos.,Length,Expenditure,Nos.,Length,Expenditure,1000+,999-500,499-250 (Eligible),Nos.,Length,Expenditure,LSB Nos.,Road Nos.,Road Length,Expenditure,Anjaw,2014 - 2015,3,62.366,"6,644.30",0,0,0,0,0,0.000,0.00,8,3,62.366,"6,644.30",0.00,0,0.000,560.78,0,0,0,0,0,0.000,0.00,0,0.000,560.78,0,41.900,560.78,0,0,0,0,0,0.000,0.00,0,0,41.900,560.78,Total,42,539.891,"66,285.04",0,3,12,0,0,0.000,0.00,9,42,539.891,"66,285.04",0.00,0,1.400,"10,305.30",0,0,0,0,0,0.000,0.00,0,1.400,"10,737.40",15,229.409,"10,305.30",0,1,8,0,0,0.000,0.00,0,15,229.409,"10,737.40",Grand Total,"1,387","14,515.167","11,73,314.32",49,126,466,0,276,"2,265.694","2,16,564.43",303,"1,663","16,780.861","13,89,878.75",0.00,3,178.791,"4,73,770.52",0,0,3,0,0,10.600,"6,077.44",3,189.391,"4,92,131.11",883,"8,265.337","4,89,536.36",49,119,331,0,9,90.615,"6,948.40",34,892,"8,355.952","5,09,288.08","Page 1 of 1     Generated on : 12/03/2025 19:29 PM     2014 NRRDA, All rights reserved"
Pradhan Mantri Gram Sadak Yojana,Monthly Report Format for Physical & Financial Progress under PMGSY,State: Arunachal Pradesh     District: All Districts     Block: All Blocks     Year: 2020     Month: January     Collaboration: All Collaborations     Agency:  Rural Works Department   Scheme: All Scheme,Note : All Costs and Expenditures in Lakhs and Length in Kms.,Clearance,Progress During Month,Cumulative Progress,New Connectivity,Upgradation,Total,New Connectivity,Upgradation,Total,New Connectivity,Upgradation,Total,Sr.No.,Sanction Year,Nos.,Length,Cost,1000+,999-500,499-250 (Eligible),Nos.,Length,Cost,LSB Nos.,Road Nos.,Road Length,Cost,Funds Released,Nos.,Length,Expenditure,1000+,999-500,499-250 (Eligible),Nos.,Length,Expenditure,Nos.,Length,Expenditure,Nos.,Length,Expenditure,1000+,999-500,499-250 (Eligible),Nos.,Length,Expenditure,LSB Nos.,Road Nos.,Road Length,Expenditure,Anjaw,2018 - 2019,3,48.330,"4,438.65",0,0,1,0,0,0.000,0.00,0,3,48.330,"4,438.65",0.00,0,1.400,0.00,0,0,0,0,0,0.000,0.00,0,1.400,0.00,0,4.100,,0,0,0,0,0,0.000,0.00,0,0,4.100,0.00,Total,42,539.891,"66,285.04",0,3,12,0,0,0.000,0.00,9,42,539.891,"66,285.04",0.00,0,1.400,"10,305.30",0,0,0,0,0,0.000,0.00,0,1.400,"10,737.40",15,229.409,"10,305.30",0,1,8,0,0,0.000,0.00,0,15,229.409,"10,737.40",Grand Total,"1,387","14,515.167","11,73,314.32",49,126,466,0,276,"2,265.694","2,16,564.43",303,"1,663","16,780.861","13,89,878.75",0.00,3,178.791,"4,73,770.52",0,0,3,0,0,10.600,"6,077.44",3,189.391,"4,92,131.11",883,"8,265.337","4,89,536.36",49,119,331,0,9,90.615,"6,948.40",34,892,"8,355.952","5,09,288.08","Page 1 of 1     Generated on : 12/03/2025 19:29 PM     2014 NRRDA, All rights reserved"
Pradhan Mantri Gram Sadak Yojana,Monthly Report Format for Physical & Financial Progress under PMGSY,State: Arunachal Pradesh     District: All Districts     Block: All Blocks     Year: 2020     Month: January     Collaboration: All Collaborations     Agency:  Rural Works Department   Scheme: All Scheme,Note : All Costs and Expenditures in Lakhs and Length in Kms.,Clearance,Progress During Month,Cumulative Progress,New Connectivity,Upgradation,Total,New Connectivity,Upgradation,Total,New Connectivity,Upgradation,Total,Sr.No.,Sanction Year,Nos.,Length,Cost,1000+,999-500,499-250 (Eligible),Nos.,Length,Cost,LSB Nos.,Road Nos.,Road Length,Cost,Funds Released,Nos.,Length,Expenditure,1000+,999-500,499-250 (Eligible),Nos.,Length,Expenditure,Nos.,Length,Expenditure,Nos.,Length,Expenditure,1000+,999-500,499-250 (Eligible),Nos.,Length,Expenditure,LSB Nos.,Road Nos.,Road Length,Expenditure,Anjaw,2023 - 2024,16,185.756,"37,028.53",0,0,0,0,0,0.000,0.00,0,16,185.756,"37,028.53",0.00,0,0.000,0.00,0,0,0,0,0,0.000,0.00,0,0.000,0.00,0,0.000,,0,0,0,0,0,0.000,0.00,0,0,0.000,0.00,Total,42,539.891,"66,285.04",0,3,12,0,0,0.000,0.00,9,42,539.891,"66,285.04",0.00,0,1.400,"10,305.30",0,0,0,0,0,0.000,0.00,0,1.400,"10,737.40",15,229.409,"10,305.30",0,1,8,0,0,0.000,0.00,0,15,229.409,"10,737.40",Grand Total,"1,387","14,515.167","11,73,314.32",49,126,466,0,276,"2,265.694","2,16,564.43",303,"1,663","16,780.861","13,89,878.75",0.00,3,178.791,"4,73,770.52",0,0,3,0,0,10.600,"6,077.44",3,189.391,"4,92,131.11",883,"8,265.337","4,89,536.36",49,119,331,0,9,90.615,"6,948.40",34,892,"8,355.952","5,09,288.08","Page 1 of 1     Generated on : 12/03/2025 19:29 PM     2014 NRRDA, All rights reserved"
Pradhan Mantri Gram Sadak Yojana,Monthly Report Format for Physical & Financial Progress under PMGSY,State: Arunachal Pradesh     District: All Districts     Block: All Blocks     Year: 2020     Month: January     Collaboration: All Collaborations     Agency:  Rural Works Department   Scheme: All Scheme,Note : All Costs and Expenditures in Lakhs and Length in Kms.,Clearance,Progress During Month,Cumulative Progress,New Connectivity,Upgradation,Total,New Connectivity,Upgradation,Total,New Connectivity,Upgradation,Total,Sr.No.,Sanction Year,Nos.,Length,Cost,1000+,999-500,499-250 (Eligible),Nos.,Length,Cost,LSB Nos.,Road Nos.,Road Length,Cost,Funds Released,Nos.,Length,Expenditure,1000+,999-500,499-250 (Eligible),Nos.,Length,Expenditure,Nos.,Length,Expenditure,Nos.,Length,Expenditure,1000+,999-500,499-250 (Eligible),Nos.,Length,Expenditure,LSB Nos.,Road Nos.,Road Length,Expenditure,Changlang,2000 - 2001,23,40.250,442.42,2,2,3,0,0,0.000,0.00,0,23,40.250,442.42,0.00,0,0.000,442.42,0,0,0,0,0,0.000,0.00,0,0.000,442.42,23,40.250,442.42,2,2,3,0,0,0.000,0.00,0,23,40.250,442.42,Total,98,922.981,"51,809.31",17,13,41,0,10,129.912,"8,946.59",29,108,"1,052.893","60,755.90",0.00,0,9.800,"31,375.90",0,0,2,0,0,0.000,"1,495.80",0,9.800,"36,582.92",79,739.046,"31,375.90",17,12,35,0,1,27.000,"1,495.80",2,80,766.046,"36,582.92",Grand Total,"1,387","14,515.167","11,73,314.32",49,126,466,0,276,"2,265.694","2,16,564.43",303,"1,663","16,780.861","13,89,878.75",0.00,3,178.791,"4,73,770.52",0,0,3,0,0,10.600,"6,077.44",3,189.391,"4,92,131.11",883,"8,265.337","4,89,536.36",49,119,331,0,9,90.615,"6,948.40",34,892,"8,355.952","5,09,288.08","Page 1 of 1     Generated on : 12/03/2025 19:29 PM     2014 NRRDA, All rights reserved"
Pradhan Mantri Gram Sadak Yojana,Monthly Report Format for Physical & Financial Progress under PMGSY,State: Arunachal Pradesh     District: All Districts     Block: All Blocks     Year: 2020     Month: January     Collaboration: All Collaborations     Agency:  Rural Works Department   Scheme: All Scheme,Note : All Costs and Expenditures in Lakhs and Length in Kms.,Clearance,Progress During Month,Cumulative Progress,New Connectivity,Upgradation,Total,New Connectivity,Upgradation,Total,New Connectivity,Upgradation,Total,Sr.No.,Sanction Year,Nos.,Length,Cost,1000+,999-500,499-250 (Eligible),Nos.,Length,Cost,LSB Nos.,Road Nos.,Road Length,Cost,Funds Released,Nos.,Length,Expenditure,1000+,999-500,499-250 (Eligible),Nos.,Length,Expenditure,Nos.,Length,Expenditure,Nos.,Length,Expenditure,1000+,999-500,499-250 (Eligible),Nos.,Length,Expenditure,LSB Nos.,Road Nos.,Road Length,Expenditure,Changlang,2001 - 2002,9,64.140,409.53,2,3,7,0,0,0.000,0.00,0,9,64.140,409.53,0.00,0,0.000,409.21,0,0,0,0,0,0.000,0.00,0,0.000,409.21,9,64.140,409.21,2,3,7,0,0,0.000,0.00,0,9,64.140,409.21,Total,98,922.981,"51,809.31",17,13,41,0,10,129.912,"8,946.59",29,108,"1,052.893","60,755.90",0.00,0,9.800,"31,375.90",0,0,2,0,0,0.000,"1,495.80",0,9.800,"36,582.92",79,739.046,"31,375.90",17,12,35,0,1,27.000,"1,495.80",2,80,766.046,"36,582.92",Grand Total,"1,387","14,515.167","11,73,314.32",49,126,466,0,276,"2,265.694","2,16,564.43",303,"1,663","16,780.861","13,89,878.75",0.00,3,178.791,"4,73,770.52",0,0,3,0,0,10.600,"6,077.44",3,189.391,"4,92,131.11",883,"8,265.337","4,89,536.36",49,119,331,0,9,90.615,"6,948.40",34,892,"8,355.952","5,09,288.08","Page 1 of 1     Generated on : 12/03/2025 19:29 PM     2014 NRRDA, All rights reserved"
Pradhan Mantri Gram Sadak Yojana,Monthly Report Format for Physical & Financial Progress under PMGSY,State: Arunachal Pradesh     District: All Districts     Block: All Blocks     Year: 2020     Month: January     Collaboration: All Collaborations     Agency:  Rural Works Department   Scheme: All Scheme,Note : All Costs and Expenditures in Lakhs and Length in Kms.,Clearance,Progress During Month,Cumulative Progress,New Connectivity,Upgradation,Total,New Connectivity,Upgradation,Total,New Connectivity,Upgradation,Total,Sr.No.,Sanction Year,Nos.,Length,Cost,1000+,999-500,499-250 (Eligible),Nos.,Length,Cost,LSB Nos.,Road Nos.,Road Length,Cost,Funds Released,Nos.,Length,Expenditure,1000+,999-500,499-250 (Eligible),Nos.,Length,Expenditure,Nos.,Length,Expenditure,Nos.,Length,Expenditure,1000+,999-500,499-250 (Eligible),Nos.,Length,Expenditure,LSB Nos.,Road Nos.,Road Length,Expenditure,Changlang,2004 - 2005,3,9.860,189.99,2,2,1,0,0,0.000,0.00,0,3,9.860,189.99,0.00,0,0.000,167.89,0,0,0,0,0,0.000,0.00,0,0.000,167.89,3,9.860,167.89,2,2,1,0,0,0.000,0.00,0,3,9.860,167.89,Total,98,922.981,"51,809.31",17,13,41,0,10,129.912,"8,946.59",29,108,"1,052.893","60,755.90",0.00,0,9.800,"31,375.90",0,0,2,0,0,0.000,"1,495.80",0,9.800,"36,582.92",79,739.046,"31,375.90",17,12,35,0,1,27.000,"1,495.80",2,80,766.046,"36,582.92",Grand Total,"1,387","14,515.167","11,73,314.32",49,126,466,0,276,"2,265.694","2,16,564.43",303,"1,663","16,780.861","13,89,878.75",0.00,3,178.791,"4,73,770.52",0,0,3,0,0,10.600,"6,077.44",3,189.391,"4,92,131.11",883,"8,265.337","4,89,536.36",49,119,331,0,9,90.615,"6,948.40",34,892,"8,355.952","5,09,288.08","Page 1 of 1     Generated on : 12/03/2025 19:29 PM     2014 NRRDA, All rights reserved"
Pradhan Mantri Gram Sadak Yojana,Monthly Report Format for Physical & Financial Progress under PMGSY,State: Arunachal Pradesh     District: All Districts     Block: All Blocks     Year: 2020     Month: January     Collaboration: All Collaborations     Agency:  Rural Works Department   Scheme: All Scheme,Note : All Costs and Expenditures in Lakhs and Length in Kms.,Clearance,Progress During Month,Cumulative Progress,New Connectivity,Upgradation,Total,New Connectivity,Upgradation,Total,New Connectivity,Upgradation,Total,Sr.No.,Sanction Year,Nos.,Length,Cost,1000+,999-500,499-250 (Eligible),Nos.,Length,Cost,LSB Nos.,Road Nos.,Road Length,Cost,Funds Released,Nos.,Length,Expenditure,1000+,999-500,499-250 (Eligible),Nos.,Length,Expenditure,Nos.,Length,Expenditure,Nos.,Length,Expenditure,1000+,999-500,499-250 (Eligible),Nos.,Length,Expenditure,LSB Nos.,Road Nos.,Road Length,Expenditure,Changlang,2005 - 2006,2,10.200,511.87,1,0,1,0,0,0.000,0.00,0,2,10.200,511.87,0.00,0,0.000,522.62,0,0,0,0,0,0.000,0.00,0,0.000,522.62,2,10.200,522.62,1,0,1,0,0,0.000,0.00,0,2,10.200,522.62,Total,98,922.981,"51,809.31",17,13,41,0,10,129.912,"8,946.59",29,108,"1,052.893","60,755.90",0.00,0,9.800,"31,375.90",0,0,2,0,0,0.000,"1,495.80",0,9.800,"36,582.92",79,739.046,"31,375.90",17,12,35,0,1,27.000,"1,495.80",2,80,766.046,"36,582.92",Grand Total,"1,387","14,515.167","11,73,314.32",49,126,466,0,276,"2,265.694","2,16,564.43",303,"1,663","16,780.861","13,89,878.75",0.00,3,178.791,"4,73,770.52",0,0,3,0,0,10.600,"6,077.44",3,189.391,"4,92,131.11",883,"8,265.337","4,89,536.36",49,119,331,0,9,90.615,"6,948.40",34,892,"8,355.952","5,09,288.08","Page 1 of 1     Generated on : 12/03/2025 19:29 PM     2014 NRRDA, All rights reserved"
Pradhan Mantri Gram Sadak Yojana,Monthly Report Format for Physical & Financial Progress under PMGSY,State: Arunachal Pradesh     District: All Districts     Block: All Blocks     Year: 2020     Month: January     Collaboration: All Collaborations     Agency:  Rural Works Department   Scheme: All Scheme,Note : All Costs and Expenditures in Lakhs and Length in Kms.,Clearance,Progress During Month,Cumulative Progress,New Connectivity,Upgradation,Total,New Connectivity,Upgradation,Total,New Connectivity,Upgradation,Total,Sr.No.,Sanction Year,Nos.,Length,Cost,1000+,999-500,499-250 (Eligible),Nos.,Length,Cost,LSB Nos.,Road Nos.,Road Length,Cost,Funds Released,Nos.,Length,Expenditure,1000+,999-500,499-250 (Eligible),Nos.,Length,Expenditure,Nos.,Length,Expenditure,Nos.,Length,Expenditure,1000+,999-500,499-250 (Eligible),Nos.,Length,Expenditure,LSB Nos.,Road Nos.,Road Length,Expenditure,Changlang,2006 - 2007,5,58.070,"1,862.46",0,0,0,0,0,0.000,0.00,0,5,58.070,"1,862.46",0.00,0,0.000,"1,862.53",0,0,0,0,0,0.000,0.00,0,0.000,"1,862.53",5,58.070,"1,862.53",0,0,0,0,0,0.000,0.00,0,5,58.070,"1,862.53",Total,98,922.981,"51,809.31",17,13,41,0,10,129.912,"8,946.59",29,108,"1,052.893","60,755.90",0.00,0,9.800,"31,375.90",0,0,2,0,0,0.000,"1,495.80",0,9.800,"36,582.92",79,739.046,"31,375.90",17,12,35,0,1,27.000,"1,495.80",2,80,766.046,"36,582.92",Grand Total,"1,387","14,515.167","11,73,314.32",49,126,466,0,276,"2,265.694","2,16,564.43",303,"1,663","16,780.861","13,89,878.75",0.00,3,178.791,"4,73,770.52",0,0,3,0,0,10.600,"6,077.44",3,189.391,"4,92,131.11",883,"8,265.337","4,89,536.36",49,119,331,0,9,90.615,"6,948.40",34,892,"8,355.952","5,09,288.08","Page 1 of 1     Generated on : 12/03/2025 19:29 PM     2014 NRRDA, All rights reserved"
Pradhan Mantri Gram Sadak Yojana,Monthly Report Format for Physical & Financial Progress under PMGSY,State: Arunachal Pradesh     District: All Districts     Block: All Blocks     Year: 2020     Month: January     Collaboration: All Collaborations     Agency:  Rural Works Department   Scheme: All Scheme,Note : All Costs and Expenditures in Lakhs and Length in Kms.,Clearance,Progress During Month,Cumulative Progress,New Connectivity,Upgradation,Total,New Connectivity,Upgradation,Total,New Connectivity,Upgradation,Total,Sr.No.,Sanction Year,Nos.,Length,Cost,1000+,999-500,499-250 (Eligible),Nos.,Length,Cost,LSB Nos.,Road Nos.,Road Length,Cost,Funds Released,Nos.,Length,Expenditure,1000+,999-500,499-250 (Eligible),Nos.,Length,Expenditure,Nos.,Length,Expenditure,Nos.,Length,Expenditure,1000+,999-500,499-250 (Eligible),Nos.,Length,Expenditure,LSB Nos.,Road Nos.,Road Length,Expenditure,Changlang,2007 - 2008,6,32.500,"1,138.43",6,2,2,0,0,0.000,0.00,0,6,32.500,"1,138.43",0.00,0,0.000,"1,126.71",0,0,0,0,0,0.000,0.00,0,0.000,"1,126.71",6,32.500,"1,126.71",6,2,2,0,0,0.000,0.00,0,6,32.500,"1,126.71",Total,98,922.981,"51,809.31",17,13,41,0,10,129.912,"8,946.59",29,108,"1,052.893","60,755.90",0.00,0,9.800,"31,375.90",0,0,2,0,0,0.000,"1,495.80",0,9.800,"36,582.92",79,739.046,"31,375.90",17,12,35,0,1,27.000,"1,495.80",2,80,766.046,"36,582.92",Grand Total,"1,387","14,515.167","11,73,314.32",49,126,466,0,276,"2,265.694","2,16,564.43",303,"1,663","16,780.861","13,89,878.75",0.00,3,178.791,"4,73,770.52",0,0,3,0,0,10.600,"6,077.44",3,189.391,"4,92,131.11",883,"8,265.337","4,89,536.36",49,119,331,0,9,90.615,"6,948.40",34,892,"8,355.952","5,09,288.08","Page 1 of 1     Generated on : 12/03/2025 19:29 PM     2014 NRRDA, All rights reserved"
Pradhan Mantri Gram Sadak Yojana,Monthly Report Format for Physical & Financial Progress under PMGSY,State: Arunachal Pradesh     District: All Districts     Block: All Blocks     Year: 2020     Month: January     Collaboration: All Collaborations     Agency:  Rural Works Department   Scheme: All Scheme,Note : All Costs and Expenditures in Lakhs and Length in Kms.,Clearance,Progress During Month,Cumulative Progress,New Connectivity,Upgradation,Total,New Connectivity,Upgradation,Total,New Connectivity,Upgradation,Total,Sr.No.,Sanction Year,Nos.,Length,Cost,1000+,999-500,499-250 (Eligible),Nos.,Length,Cost,LSB Nos.,Road Nos.,Road Length,Cost,Funds Released,Nos.,Length,Expenditure,1000+,999-500,499-250 (Eligible),Nos.,Length,Expenditure,Nos.,Length,Expenditure,Nos.,Length,Expenditure,1000+,999-500,499-250 (Eligible),Nos.,Length,Expenditure,LSB Nos.,Road Nos.,Road Length,Expenditure,Changlang,2008 - 2009,10,66.740,"3,364.18",1,0,6,0,0,0.000,0.00,0,10,66.740,"3,364.18",0.00,0,0.000,"3,222.67",0,0,0,0,0,0.000,0.00,0,0.000,"3,222.67",10,66.742,"3,222.67",1,0,6,0,0,0.000,0.00,0,10,66.742,"3,222.67",Total,98,922.981,"51,809.31",17,13,41,0,10,129.912,"8,946.59",29,108,"1,052.893","60,755.90",0.00,0,9.800,"31,375.90",0,0,2,0,0,0.000,"1,495.80",0,9.800,"36,582.92",79,739.046,"31,375.90",17,12,35,0,1,27.000,"1,495.80",2,80,766.046,"36,582.92",Grand Total,"1,387","14,515.167","11,73,314.32",49,126,466,0,276,"2,265.694","2,16,564.43",303,"1,663","16,780.861","13,89,878.75",0.00,3,178.791,"4,73,770.52",0,0,3,0,0,10.600,"6,077.44",3,189.391,"4,92,131.11",883,"8,265.337","4,89,536.36",49,119,331,0,9,90.615,"6,948.40",34,892,"8,355.952","5,09,288.08","Page 1 of 1     Generated on : 12/03/2025 19:29 PM     2014 NRRDA, All rights reserved"
Pradhan Mantri Gram Sadak Yojana,Monthly Report Format for Physical & Financial Progress under PMGSY,State: Arunachal Pradesh     District: All Districts     Block: All Blocks     Year: 2020     Month: January     Collaboration: All Collaborations     Agency:  Rural Works Department   Scheme: All Scheme,Note : All Costs and Expenditures in Lakhs and Length in Kms.,Clearance,Progress During Month,Cumulative Progress,New Connectivity,Upgradation,Total,New Connectivity,Upgradation,Total,New Connectivity,Upgradation,Total,Sr.No.,Sanction Year,Nos.,Length,Cost,1000+,999-500,499-250 (Eligible),Nos.,Length,Cost,LSB Nos.,Road Nos.,Road Length,Cost,Funds Released,Nos.,Length,Expenditure,1000+,999-500,499-250 (Eligible),Nos.,Length,Expenditure,Nos.,Length,Expenditure,Nos.,Length,Expenditure,1000+,999-500,499-250 (Eligible),Nos.,Length,Expenditure,LSB Nos.,Road Nos.,Road Length,Expenditure,Changlang,2009 - 2010,4,99.513,"4,193.08",0,1,4,0,0,0.000,0.00,0,4,99.513,"4,193.08",0.00,0,0.000,"3,923.40",0,0,0,0,0,0.000,0.00,0,0.000,"3,923.40",4,99.513,"3,923.40",0,1,4,0,0,0.000,0.00,0,4,99.513,"3,923.40",Total,98,922.981,"51,809.31",17,13,41,0,10,129.912,"8,946.59",29,108,"1,052.893","60,755.90",0.00,0,9.800,"31,375.90",0,0,2,0,0,0.000,"1,495.80",0,9.800,"36,582.92",79,739.046,"31,375.90",17,12,35,0,1,27.000,"1,495.80",2,80,766.046,"36,582.92",Grand Total,"1,387","14,515.167","11,73,314.32",49,126,466,0,276,"2,265.694","2,16,564.43",303,"1,663","16,780.861","13,89,878.75",0.00,3,178.791,"4,73,770.52",0,0,3,0,0,10.600,"6,077.44",3,189.391,"4,92,131.11",883,"8,265.337","4,89,536.36",49,119,331,0,9,90.615,"6,948.40",34,892,"8,355.952","5,09,288.08","Page 1 of 1     Generated on : 12/03/2025 19:29 PM     2014 NRRDA, All rights reserved"
Pradhan Mantri Gram Sadak Yojana,Monthly Report Format for Physical & Financial Progress under PMGSY,State: Arunachal Pradesh     District: All Districts     Block: All Blocks     Year: 2020     Month: January     Collaboration: All Collaborations     Agency:  Rural Works Department   Scheme: All Scheme,Note : All Costs and Expenditures in Lakhs and Length in Kms.,Clearance,Progress During Month,Cumulative Progress,New Connectivity,Upgradation,Total,New Connectivity,Upgradation,Total,New Connectivity,Upgradation,Total,Sr.No.,Sanction Year,Nos.,Length,Cost,1000+,999-500,499-250 (Eligible),Nos.,Length,Cost,LSB Nos.,Road Nos.,Road Length,Cost,Funds Released,Nos.,Length,Expenditure,1000+,999-500,499-250 (Eligible),Nos.,Length,Expenditure,Nos.,Length,Expenditure,Nos.,Length,Expenditure,1000+,999-500,499-250 (Eligible),Nos.,Length,Expenditure,LSB Nos.,Road Nos.,Road Length,Expenditure,Changlang,2012 - 2013,8,85.714,"6,520.74",2,2,1,0,0,0.000,0.00,2,8,85.714,"6,520.74",0.00,0,0.000,"6,196.05",0,0,0,0,0,0.000,0.00,0,0.000,"6,362.32",8,85.714,"6,196.05",2,2,1,0,0,0.000,0.00,2,8,85.714,"6,362.32",Total,98,922.981,"51,809.31",17,13,41,0,10,129.912,"8,946.59",29,108,"1,052.893","60,755.90",0.00,0,9.800,"31,375.90",0,0,2,0,0,0.000,"1,495.80",0,9.800,"36,582.92",79,739.046,"31,375.90",17,12,35,0,1,27.000,"1,495.80",2,80,766.046,"36,582.92",Grand Total,"1,387","14,515.167","11,73,314.32",49,126,466,0,276,"2,265.694","2,16,564.43",303,"1,663","16,780.861","13,89,878.75",0.00,3,178.791,"4,73,770.52",0,0,3,0,0,10.600,"6,077.44",3,189.391,"4,92,131.11",883,"8,265.337","4,89,536.36",49,119,331,0,9,90.615,"6,948.40",34,892,"8,355.952","5,09,288.08","Page 1 of 1     Generated on : 12/03/2025 19:29 PM     2014 NRRDA, All rights reserved"
Pradhan Mantri Gram Sadak Yojana,Monthly Report Format for Physical & Financial Progress under PMGSY,State: Arunachal Pradesh     District: All Districts     Block: All Blocks     Year: 2020     Month: January     Collaboration: All Collaborations     Agency:  Rural Works Department   Scheme: All Scheme,Note : All Costs and Expenditures in Lakhs and Length in Kms.,Clearance,Progress During Month,Cumulative Progress,New Connectivity,Upgradation,Total,New Connectivity,Upgradation,Total,New Connectivity,Upgradation,Total,Sr.No.,Sanction Year,Nos.,Length,Cost,1000+,999-500,499-250 (Eligible),Nos.,Length,Cost,LSB Nos.,Road Nos.,Road Length,Cost,Funds Released,Nos.,Length,Expenditure,1000+,999-500,499-250 (Eligible),Nos.,Length,Expenditure,Nos.,Length,Expenditure,Nos.,Length,Expenditure,1000+,999-500,499-250 (Eligible),Nos.,Length,Expenditure,LSB Nos.,Road Nos.,Road Length,Expenditure,Changlang,2013 - 2014,7,152.409,"14,166.93",1,0,6,0,2,27.000,"1,661.63",26,9,179.409,"15,828.56",0.00,0,1.000,"4,209.10",0,0,2,0,0,0.000,"1,495.80",0,1.000,"9,249.85",3,124.352,"4,209.10",1,0,5,0,1,27.000,"1,495.80",0,4,151.352,"9,249.85",Total,98,922.981,"51,809.31",17,13,41,0,10,129.912,"8,946.59",29,108,"1,052.893","60,755.90",0.00,0,9.800,"31,375.90",0,0,2,0,0,0.000,"1,495.80",0,9.800,"36,582.92",79,739.046,"31,375.90",17,12,35,0,1,27.000,"1,495.80",2,80,766.046,"36,582.92",Grand Total,"1,387","14,515.167","11,73,314.32",49,126,466,0,276,"2,265.694","2,16,564.43",303,"1,663","16,780.861","13,89,878.75",0.00,3,178.791,"4,73,770.52",0,0,3,0,0,10.600,"6,077.44",3,189.391,"4,92,131.11",883,"8,265.337","4,89,536.36",49,119,331,0,9,90.615,"6,948.40",34,892,"8,355.952","5,09,288.08","Page 1 of 1     Generated on : 12/03/2025 19:29 PM     2014 NRRDA, All rights reserved"
Pradhan Mantri Gram Sadak Yojana,Monthly Report Format for Physical & Financial Progress under PMGSY,State: Arunachal Pradesh     District: All Districts     Block: All Blocks     Year: 2020     Month: January     Collaboration: All Collaborations     Agency:  Rural Works Department   Scheme: All Scheme,Note : All Costs and Expenditures in Lakhs and Length in Kms.,Clearance,Progress During Month,Cumulative Progress,New Connectivity,Upgradation,Total,New Connectivity,Upgradation,Total,New Connectivity,Upgradation,Total,Sr.No.,Sanction Year,Nos.,Length,Cost,1000+,999-500,499-250 (Eligible),Nos.,Length,Cost,LSB Nos.,Road Nos.,Road Length,Cost,Funds Released,Nos.,Length,Expenditure,1000+,999-500,499-250 (Eligible),Nos.,Length,Expenditure,Nos.,Length,Expenditure,Nos.,Length,Expenditure,1000+,999-500,499-250 (Eligible),Nos.,Length,Expenditure,LSB Nos.,Road Nos.,Road Length,Expenditure,Changlang,2014 - 2015,3,34.940,"3,031.77",0,1,4,0,0,0.000,0.00,0,3,34.940,"3,031.77",0.00,0,0.000,"1,895.97",0,0,0,0,0,0.000,0.00,0,0.000,"1,895.97",2,31.680,"1,895.97",0,0,2,0,0,0.000,0.00,0,2,31.680,"1,895.97",Total,98,922.981,"51,809.31",17,13,41,0,10,129.912,"8,946.59",29,108,"1,052.893","60,755.90",0.00,0,9.800,"31,375.90",0,0,2,0,0,0.000,"1,495.80",0,9.800,"36,582.92",79,739.046,"31,375.90",17,12,35,0,1,27.000,"1,495.80",2,80,766.046,"36,582.92",Grand Total,"1,387","14,515.167","11,73,314.32",49,126,466,0,276,"2,265.694","2,16,564.43",303,"1,663","16,780.861","13,89,878.75",0.00,3,178.791,"4,73,770.52",0,0,3,0,0,10.600,"6,077.44",3,189.391,"4,92,131.11",883,"8,265.337","4,89,536.36",49,119,331,0,9,90.615,"6,948.40",34,892,"8,355.952","5,09,288.08","Page 1 of 1     Generated on : 12/03/2025 19:29 PM     2014 NRRDA, All rights reserved"
Pradhan Mantri Gram Sadak Yojana,Monthly Report Format for Physical & Financial Progress under PMGSY,State: Arunachal Pradesh     District: All Districts     Block: All Blocks     Year: 2020     Month: January     Collaboration: All Collaborations     Agency:  Rural Works Department   Scheme: All Scheme,Note : All Costs and Expenditures in Lakhs and Length in Kms.,Clearance,Progress During Month,Cumulative Progress,New Connectivity,Upgradation,Total,New Connectivity,Upgradation,Total,New Connectivity,Upgradation,Total,Sr.No.,Sanction Year,Nos.,Length,Cost,1000+,999-500,499-250 (Eligible),Nos.,Length,Cost,LSB Nos.,Road Nos.,Road Length,Cost,Funds Released,Nos.,Length,Expenditure,1000+,999-500,499-250 (Eligible),Nos.,Length,Expenditure,Nos.,Length,Expenditure,Nos.,Length,Expenditure,1000+,999-500,499-250 (Eligible),Nos.,Length,Expenditure,LSB Nos.,Road Nos.,Road Length,Expenditure,Changlang,2016 - 2017,9,112.335,"8,244.64",0,0,4,0,0,0.000,0.00,0,9,112.335,"8,244.64",0.00,0,2.900,"6,582.65",0,0,0,0,0,0.000,0.00,0,2.900,"6,582.65",3,108.375,"6,582.65",0,0,2,0,0,0.000,0.00,0,3,108.375,"6,582.65",Total,98,922.981,"51,809.31",17,13,41,0,10,129.912,"8,946.59",29,108,"1,052.893","60,755.90",0.00,0,9.800,"31,375.90",0,0,2,0,0,0.000,"1,495.80",0,9.800,"36,582.92",79,739.046,"31,375.90",17,12,35,0,1,27.000,"1,495.80",2,80,766.046,"36,582.92",Grand Total,"1,387","14,515.167","11,73,314.32",49,126,466,0,276,"2,265.694","2,16,564.43",303,"1,663","16,780.861","13,89,878.75",0.00,3,178.791,"4,73,770.52",0,0,3,0,0,10.600,"6,077.44",3,189.391,"4,92,131.11",883,"8,265.337","4,89,536.36",49,119,331,0,9,90.615,"6,948.40",34,892,"8,355.952","5,09,288.08","Page 1 of 1     Generated on : 12/03/2025 19:29 PM     2014 NRRDA, All rights reserved"
Pradhan Mantri Gram Sadak Yojana,Monthly Report Format for Physical & Financial Progress under PMGSY,State: Arunachal Pradesh     District: All Districts     Block: All Blocks     Year: 2020     Month: January     Collaboration: All Collaborations     Agency:  Rural Works Department   Scheme: All Scheme,Note : All Costs and Expenditures in Lakhs and Length in Kms.,Clearance,Progress During Month,Cumulative Progress,New Connectivity,Upgradation,Total,New Connectivity,Upgradation,Total,New Connectivity,Upgradation,Total,Sr.No.,Sanction Year,Nos.,Length,Cost,1000+,999-500,499-250 (Eligible),Nos.,Length,Cost,LSB Nos.,Road Nos.,Road Length,Cost,Funds Released,Nos.,Length,Expenditure,1000+,999-500,499-250 (Eligible),Nos.,Length,Expenditure,Nos.,Length,Expenditure,Nos.,Length,Expenditure,1000+,999-500,499-250 (Eligible),Nos.,Length,Expenditure,LSB Nos.,Road Nos.,Road Length,Expenditure,Changlang,2018 - 2019,9,156.310,"7,733.27",0,0,2,0,0,0.000,0.00,0,9,156.310,"7,733.27",0.00,0,5.900,814.68,0,0,0,0,0,0.000,0.00,0,5.900,814.68,1,7.650,814.68,0,0,1,0,0,0.000,0.00,0,1,7.650,814.68,Total,98,922.981,"51,809.31",17,13,41,0,10,129.912,"8,946.59",29,108,"1,052.893","60,755.90",0.00,0,9.800,"31,375.90",0,0,2,0,0,0.000,"1,495.80",0,9.800,"36,582.92",79,739.046,"31,375.90",17,12,35,0,1,27.000,"1,495.80",2,80,766.046,"36,582.92",Grand Total,"1,387","14,515.167","11,73,314.32",49,126,466,0,276,"2,265.694","2,16,564.43",303,"1,663","16,780.861","13,89,878.75",0.00,3,178.791,"4,73,770.52",0,0,3,0,0,10.600,"6,077.44",3,189.391,"4,92,131.11",883,"8,265.337","4,89,536.36",49,119,331,0,9,90.615,"6,948.40",34,892,"8,355.952","5,09,288.08","Page 1 of 1     Generated on : 12/03/2025 19:29 PM     2014 NRRDA, All rights reserved"
Pradhan Mantri Gram Sadak Yojana,Monthly Report Format for Physical & Financial Progress under PMGSY,State: Arunachal Pradesh     District: All Districts     Block: All Blocks     Year: 2020     Month: January     Collaboration: All Collaborations     Agency:  Rural Works Department   Scheme: All Scheme,Note : All Costs and Expenditures in Lakhs and Length in Kms.,Clearance,Progress During Month,Cumulative Progress,New Connectivity,Upgradation,Total,New Connectivity,Upgradation,Total,New Connectivity,Upgradation,Total,Sr.No.,Sanction Year,Nos.,Length,Cost,1000+,999-500,499-250 (Eligible),Nos.,Length,Cost,LSB Nos.,Road Nos.,Road Length,Cost,Funds Released,Nos.,Length,Expenditure,1000+,999-500,499-250 (Eligible),Nos.,Length,Expenditure,Nos.,Length,Expenditure,Nos.,Length,Expenditure,1000+,999-500,499-250 (Eligible),Nos.,Length,Expenditure,LSB Nos.,Road Nos.,Road Length,Expenditure,Changlang,2019 - 2020,0,0.000,0.00,0,0,0,0,1,3.700,351.92,0,1,3.700,351.92,0.00,0,0.000,0.00,0,0,0,0,0,0.000,0.00,0,0.000,0.00,0,0.000,,0,0,0,0,0,0.000,0.00,0,0,0.000,0.00,Total,98,922.981,"51,809.31",17,13,41,0,10,129.912,"8,946.59",29,108,"1,052.893","60,755.90",0.00,0,9.800,"31,375.90",0,0,2,0,0,0.000,"1,495.80",0,9.800,"36,582.92",79,739.046,"31,375.90",17,12,35,0,1,27.000,"1,495.80",2,80,766.046,"36,582.92",Grand Total,"1,387","14,515.167","11,73,314.32",49,126,466,0,276,"2,265.694","2,16,564.43",303,"1,663","16,780.861","13,89,878.75",0.00,3,178.791,"4,73,770.52",0,0,3,0,0,10.600,"6,077.44",3,189.391,"4,92,131.11",883,"8,265.337","4,89,536.36",49,119,331,0,9,90.615,"6,948.40",34,892,"8,355.952","5,09,288.08","Page 1 of 1     Generated on : 12/03/2025 19:29 PM     2014 NRRDA, All rights reserved"
Pradhan Mantri Gram Sadak Yojana,Monthly Report Format for Physical & Financial Progress under PMGSY,State: Arunachal Pradesh     District: All Districts     Block: All Blocks     Year: 2020     Month: January     Collaboration: All Collaborations     Agency:  Rural Works Department   Scheme: All Scheme,Note : All Costs and Expenditures in Lakhs and Length in Kms.,Clearance,Progress During Month,Cumulative Progress,New Connectivity,Upgradation,Total,New Connectivity,Upgradation,Total,New Connectivity,Upgradation,Total,Sr.No.,Sanction Year,Nos.,Length,Cost,1000+,999-500,499-250 (Eligible),Nos.,Length,Cost,LSB Nos.,Road Nos.,Road Length,Cost,Funds Released,Nos.,Length,Expenditure,1000+,999-500,499-250 (Eligible),Nos.,Length,Expenditure,Nos.,Length,Expenditure,Nos.,Length,Expenditure,1000+,999-500,499-250 (Eligible),Nos.,Length,Expenditure,LSB Nos.,Road Nos.,Road Length,Expenditure,Changlang,2023 - 2024,0,0.000,0.00,0,0,0,0,1,6.300,461.40,0,1,6.300,461.40,0.00,0,0.000,0.00,0,0,0,0,0,0.000,0.00,0,0.000,0.00,0,0.000,,0,0,0,0,0,0.000,0.00,0,0,0.000,0.00,Total,98,922.981,"51,809.31",17,13,41,0,10,129.912,"8,946.59",29,108,"1,052.893","60,755.90",0.00,0,9.800,"31,375.90",0,0,2,0,0,0.000,"1,495.80",0,9.800,"36,582.92",79,739.046,"31,375.90",17,12,35,0,1,27.000,"1,495.80",2,80,766.046,"36,582.92",Grand Total,"1,387","14,515.167","11,73,314.32",49,126,466,0,276,"2,265.694","2,16,564.43",303,"1,663","16,780.861","13,89,878.75",0.00,3,178.791,"4,73,770.52",0,0,3,0,0,10.600,"6,077.44",3,189.391,"4,92,131.11",883,"8,265.337","4,89,536.36",49,119,331,0,9,90.615,"6,948.40",34,892,"8,355.952","5,09,288.08","Page 1 of 1     Generated on : 12/03/2025 19:29 PM     2014 NRRDA, All rights reserved"
Pradhan Mantri Gram Sadak Yojana,Monthly Report Format for Physical & Financial Progress under PMGSY,State: Arunachal Pradesh     District: All Districts     Block: All Blocks     Year: 2020     Month: January     Collaboration: All Collaborations     Agency:  Rural Works Department   Scheme: All Scheme,Note : All Costs and Expenditures in Lakhs and Length in Kms.,Clearance,Progress During Month,Cumulative Progress,New Connectivity,Upgradation,Total,New Connectivity,Upgradation,Total,New Connectivity,Upgradation,Total,Sr.No.,Sanction Year,Nos.,Length,Cost,1000+,999-500,499-250 (Eligible),Nos.,Length,Cost,LSB Nos.,Road Nos.,Road Length,Cost,Funds Released,Nos.,Length,Expenditure,1000+,999-500,499-250 (Eligible),Nos.,Length,Expenditure,Nos.,Length,Expenditure,Nos.,Length,Expenditure,1000+,999-500,499-250 (Eligible),Nos.,Length,Expenditure,LSB Nos.,Road Nos.,Road Length,Expenditure,Changlang,2024 - 2025,0,0.000,0.00,0,0,0,0,6,92.912,"6,471.64",1,6,92.912,"6,471.64",0.00,0,0.000,0.00,0,0,0,0,0,0.000,0.00,0,0.000,0.00,0,0.000,,0,0,0,0,0,0.000,0.00,0,0,0.000,0.00,Total,98,922.981,"51,809.31",17,13,41,0,10,129.912,"8,946.59",29,108,"1,052.893","60,755.90",0.00,0,9.800,"31,375.90",0,0,2,0,0,0.000,"1,495.80",0,9.800,"36,582.92",79,739.046,"31,375.90",17,12,35,0,1,27.000,"1,495.80",2,80,766.046,"36,582.92",Grand Total,"1,387","14,515.167","11,73,314.32",49,126,466,0,276,"2,265.694","2,16,564.43",303,"1,663","16,780.861","13,89,878.75",0.00,3,178.791,"4,73,770.52",0,0,3,0,0,10.600,"6,077.44",3,189.391,"4,92,131.11",883,"8,265.337","4,89,536.36",49,119,331,0,9,90.615,"6,948.40",34,892,"8,355.952","5,09,288.08","Page 1 of 1     Generated on : 12/03/2025 19:29 PM     2014 NRRDA, All rights reserved"
Pradhan Mantri Gram Sadak Yojana,Monthly Report Format for Physical & Financial Progress under PMGSY,State: Arunachal Pradesh     District: All Districts     Block: All Blocks     Year: 2020     Month: January     Collaboration: All Collaborations     Agency:  Rural Works Department   Scheme: All Scheme,Note : All Costs and Expenditures in Lakhs and Length in Kms.,Clearance,Progress During Month,Cumulative Progress,New Connectivity,Upgradation,Total,New Connectivity,Upgradation,Total,New Connectivity,Upgradation,Total,Sr.No.,Sanction Year,Nos.,Length,Cost,1000+,999-500,499-250 (Eligible),Nos.,Length,Cost,LSB Nos.,Road Nos.,Road Length,Cost,Funds Released,Nos.,Length,Expenditure,1000+,999-500,499-250 (Eligible),Nos.,Length,Expenditure,Nos.,Length,Expenditure,Nos.,Length,Expenditure,1000+,999-500,499-250 (Eligible),Nos.,Length,Expenditure,LSB Nos.,Road Nos.,Road Length,Expenditure,Dibang Valley,2000 - 2001,5,11.600,156.10,0,0,0,0,0,0.000,0.00,0,5,11.600,156.10,0.00,0,0.000,156.10,0,0,0,0,0,0.000,0.00,0,0.000,156.10,5,11.600,156.10,0,0,0,0,0,0.000,0.00,0,5,11.600,156.10,Total,28,257.200,"35,689.78",0,0,5,0,12,78.010,"9,430.25",3,40,335.210,"45,120.03",0.00,0,19.000,"4,699.55",0,0,0,0,0,0.000,0.00,0,19.000,"4,699.55",9,76.300,"4,699.55",0,0,2,0,0,0.000,0.00,0,9,76.300,"4,699.55",Grand Total,"1,387","14,515.167","11,73,314.32",49,126,466,0,276,"2,265.694","2,16,564.43",303,"1,663","16,780.861","13,89,878.75",0.00,3,178.791,"4,73,770.52",0,0,3,0,0,10.600,"6,077.44",3,189.391,"4,92,131.11",883,"8,265.337","4,89,536.36",49,119,331,0,9,90.615,"6,948.40",34,892,"8,355.952","5,09,288.08","Page 1 of 1     Generated on : 12/03/2025 19:29 PM     2014 NRRDA, All rights reserved"
Pradhan Mantri Gram Sadak Yojana,Monthly Report Format for Physical & Financial Progress under PMGSY,State: Arunachal Pradesh     District: All Districts     Block: All Blocks     Year: 2020     Month: January     Collaboration: All Collaborations     Agency:  Rural Works Department   Scheme: All Scheme,Note : All Costs and Expenditures in Lakhs and Length in Kms.,Clearance,Progress During Month,Cumulative Progress,New Connectivity,Upgradation,Total,New Connectivity,Upgradation,Total,New Connectivity,Upgradation,Total,Sr.No.,Sanction Year,Nos.,Length,Cost,1000+,999-500,499-250 (Eligible),Nos.,Length,Cost,LSB Nos.,Road Nos.,Road Length,Cost,Funds Released,Nos.,Length,Expenditure,1000+,999-500,499-250 (Eligible),Nos.,Length,Expenditure,Nos.,Length,Expenditure,Nos.,Length,Expenditure,1000+,999-500,499-250 (Eligible),Nos.,Length,Expenditure,LSB Nos.,Road Nos.,Road Length,Expenditure,Dibang Valley,2001 - 2002,2,20.000,152.59,0,0,1,0,0,0.000,0.00,0,2,20.000,152.59,0.00,0,0.000,152.48,0,0,0,0,0,0.000,0.00,0,0.000,152.48,2,20.000,152.48,0,0,1,0,0,0.000,0.00,0,2,20.000,152.48,Total,28,257.200,"35,689.78",0,0,5,0,12,78.010,"9,430.25",3,40,335.210,"45,120.03",0.00,0,19.000,"4,699.55",0,0,0,0,0,0.000,0.00,0,19.000,"4,699.55",9,76.300,"4,699.55",0,0,2,0,0,0.000,0.00,0,9,76.300,"4,699.55",Grand Total,"1,387","14,515.167","11,73,314.32",49,126,466,0,276,"2,265.694","2,16,564.43",303,"1,663","16,780.861","13,89,878.75",0.00,3,178.791,"4,73,770.52",0,0,3,0,0,10.600,"6,077.44",3,189.391,"4,92,131.11",883,"8,265.337","4,89,536.36",49,119,331,0,9,90.615,"6,948.40",34,892,"8,355.952","5,09,288.08","Page 1 of 1     Generated on : 12/03/2025 19:29 PM     2014 NRRDA, All rights reserved"
Pradhan Mantri Gram Sadak Yojana,Monthly Report Format for Physical & Financial Progress under PMGSY,State: Arunachal Pradesh     District: All Districts     Block: All Blocks     Year: 2020     Month: January     Collaboration: All Collaborations     Agency:  Rural Works Department   Scheme: All Scheme,Note : All Costs and Expenditures in Lakhs and Length in Kms.,Clearance,Progress During Month,Cumulative Progress,New Connectivity,Upgradation,Total,New Connectivity,Upgradation,Total,New Connectivity,Upgradation,Total,Sr.No.,Sanction Year,Nos.,Length,Cost,1000+,999-500,499-250 (Eligible),Nos.,Length,Cost,LSB Nos.,Road Nos.,Road Length,Cost,Funds Released,Nos.,Length,Expenditure,1000+,999-500,499-250 (Eligible),Nos.,Length,Expenditure,Nos.,Length,Expenditure,Nos.,Length,Expenditure,1000+,999-500,499-250 (Eligible),Nos.,Length,Expenditure,LSB Nos.,Road Nos.,Road Length,Expenditure,Dibang Valley,2006 - 2007,2,20.880,"1,101.97",0,0,0,0,0,0.000,0.00,0,2,20.880,"1,101.97",0.00,0,0.000,794.33,0,0,0,0,0,0.000,0.00,0,0.000,794.33,1,10.700,794.33,0,0,0,0,0,0.000,0.00,0,1,10.700,794.33,Total,28,257.200,"35,689.78",0,0,5,0,12,78.010,"9,430.25",3,40,335.210,"45,120.03",0.00,0,19.000,"4,699.55",0,0,0,0,0,0.000,0.00,0,19.000,"4,699.55",9,76.300,"4,699.55",0,0,2,0,0,0.000,0.00,0,9,76.300,"4,699.55",Grand Total,"1,387","14,515.167","11,73,314.32",49,126,466,0,276,"2,265.694","2,16,564.43",303,"1,663","16,780.861","13,89,878.75",0.00,3,178.791,"4,73,770.52",0,0,3,0,0,10.600,"6,077.44",3,189.391,"4,92,131.11",883,"8,265.337","4,89,536.36",49,119,331,0,9,90.615,"6,948.40",34,892,"8,355.952","5,09,288.08","Page 1 of 1     Generated on : 12/03/2025 19:29 PM     2014 NRRDA, All rights reserved"
Pradhan Mantri Gram Sadak Yojana,Monthly Report Format for Physical & Financial Progress under PMGSY,State: Arunachal Pradesh     District: All Districts     Block: All Blocks     Year: 2020     Month: January     Collaboration: All Collaborations     Agency:  Rural Works Department   Scheme: All Scheme,Note : All Costs and Expenditures in Lakhs and Length in Kms.,Clearance,Progress During Month,Cumulative Progress,New Connectivity,Upgradation,Total,New Connectivity,Upgradation,Total,New Connectivity,Upgradation,Total,Sr.No.,Sanction Year,Nos.,Length,Cost,1000+,999-500,499-250 (Eligible),Nos.,Length,Cost,LSB Nos.,Road Nos.,Road Length,Cost,Funds Released,Nos.,Length,Expenditure,1000+,999-500,499-250 (Eligible),Nos.,Length,Expenditure,Nos.,Length,Expenditure,Nos.,Length,Expenditure,1000+,999-500,499-250 (Eligible),Nos.,Length,Expenditure,LSB Nos.,Road Nos.,Road Length,Expenditure,Dibang Valley,2014 - 2015,1,15.000,"2,009.96",0,0,1,0,0,0.000,0.00,0,1,15.000,"2,009.96",0.00,0,0.000,"1,905.72",0,0,0,0,0,0.000,0.00,0,0.000,"1,905.72",1,15.000,"1,905.72",0,0,1,0,0,0.000,0.00,0,1,15.000,"1,905.72",Total,28,257.200,"35,689.78",0,0,5,0,12,78.010,"9,430.25",3,40,335.210,"45,120.03",0.00,0,19.000,"4,699.55",0,0,0,0,0,0.000,0.00,0,19.000,"4,699.55",9,76.300,"4,699.55",0,0,2,0,0,0.000,0.00,0,9,76.300,"4,699.55",Grand Total,"1,387","14,515.167","11,73,314.32",49,126,466,0,276,"2,265.694","2,16,564.43",303,"1,663","16,780.861","13,89,878.75",0.00,3,178.791,"4,73,770.52",0,0,3,0,0,10.600,"6,077.44",3,189.391,"4,92,131.11",883,"8,265.337","4,89,536.36",49,119,331,0,9,90.615,"6,948.40",34,892,"8,355.952","5,09,288.08","Page 1 of 1     Generated on : 12/03/2025 19:29 PM     2014 NRRDA, All rights reserved"
Pradhan Mantri Gram Sadak Yojana,Monthly Report Format for Physical & Financial Progress under PMGSY,State: Arunachal Pradesh     District: All Districts     Block: All Blocks     Year: 2020     Month: January     Collaboration: All Collaborations     Agency:  Rural Works Department   Scheme: All Scheme,Note : All Costs and Expenditures in Lakhs and Length in Kms.,Clearance,Progress During Month,Cumulative Progress,New Connectivity,Upgradation,Total,New Connectivity,Upgradation,Total,New Connectivity,Upgradation,Total,Sr.No.,Sanction Year,Nos.,Length,Cost,1000+,999-500,499-250 (Eligible),Nos.,Length,Cost,LSB Nos.,Road Nos.,Road Length,Cost,Funds Released,Nos.,Length,Expenditure,1000+,999-500,499-250 (Eligible),Nos.,Length,Expenditure,Nos.,Length,Expenditure,Nos.,Length,Expenditure,1000+,999-500,499-250 (Eligible),Nos.,Length,Expenditure,LSB Nos.,Road Nos.,Road Length,Expenditure,Dibang Valley,2018 - 2019,6,134.200,"16,978.58",0,0,3,0,0,0.000,0.00,0,6,134.200,"16,978.58",0.00,0,19.000,"1,690.92",0,0,0,0,0,0.000,0.00,0,19.000,"1,690.92",0,19.000,"1,690.92",0,0,0,0,0,0.000,0.00,0,0,19.000,"1,690.92",Total,28,257.200,"35,689.78",0,0,5,0,12,78.010,"9,430.25",3,40,335.210,"45,120.03",0.00,0,19.000,"4,699.55",0,0,0,0,0,0.000,0.00,0,19.000,"4,699.55",9,76.300,"4,699.55",0,0,2,0,0,0.000,0.00,0,9,76.300,"4,699.55",Grand Total,"1,387","14,515.167","11,73,314.32",49,126,466,0,276,"2,265.694","2,16,564.43",303,"1,663","16,780.861","13,89,878.75",0.00,3,178.791,"4,73,770.52",0,0,3,0,0,10.600,"6,077.44",3,189.391,"4,92,131.11",883,"8,265.337","4,89,536.36",49,119,331,0,9,90.615,"6,948.40",34,892,"8,355.952","5,09,288.08","Page 1 of 1     Generated on : 12/03/2025 19:29 PM     2014 NRRDA, All rights reserved"
Pradhan Mantri Gram Sadak Yojana,Monthly Report Format for Physical & Financial Progress under PMGSY,State: Arunachal Pradesh     District: All Districts     Block: All Blocks     Year: 2020     Month: January     Collaboration: All Collaborations     Agency:  Rural Works Department   Scheme: All Scheme,Note : All Costs and Expenditures in Lakhs and Length in Kms.,Clearance,Progress During Month,Cumulative Progress,New Connectivity,Upgradation,Total,New Connectivity,Upgradation,Total,New Connectivity,Upgradation,Total,Sr.No.,Sanction Year,Nos.,Length,Cost,1000+,999-500,499-250 (Eligible),Nos.,Length,Cost,LSB Nos.,Road Nos.,Road Length,Cost,Funds Released,Nos.,Length,Expenditure,1000+,999-500,499-250 (Eligible),Nos.,Length,Expenditure,Nos.,Length,Expenditure,Nos.,Length,Expenditure,1000+,999-500,499-250 (Eligible),Nos.,Length,Expenditure,LSB Nos.,Road Nos.,Road Length,Expenditure,Dibang Valley,2019 - 2020,0,0.000,0.00,0,0,0,0,9,51.810,"4,695.38",0,9,51.810,"4,695.38",0.00,0,0.000,0.00,0,0,0,0,0,0.000,0.00,0,0.000,0.00,0,0.000,,0,0,0,0,0,0.000,0.00,0,0,0.000,0.00,Total,28,257.200,"35,689.78",0,0,5,0,12,78.010,"9,430.25",3,40,335.210,"45,120.03",0.00,0,19.000,"4,699.55",0,0,0,0,0,0.000,0.00,0,19.000,"4,699.55",9,76.300,"4,699.55",0,0,2,0,0,0.000,0.00,0,9,76.300,"4,699.55",Grand Total,"1,387","14,515.167","11,73,314.32",49,126,466,0,276,"2,265.694","2,16,564.43",303,"1,663","16,780.861","13,89,878.75",0.00,3,178.791,"4,73,770.52",0,0,3,0,0,10.600,"6,077.44",3,189.391,"4,92,131.11",883,"8,265.337","4,89,536.36",49,119,331,0,9,90.615,"6,948.40",34,892,"8,355.952","5,09,288.08","Page 1 of 1     Generated on : 12/03/2025 19:29 PM     2014 NRRDA, All rights reserved"
Pradhan Mantri Gram Sadak Yojana,Monthly Report Format for Physical & Financial Progress under PMGSY,State: Arunachal Pradesh     District: All Districts     Block: All Blocks     Year: 2020     Month: January     Collaboration: All Collaborations     Agency:  Rural Works Department   Scheme: All Scheme,Note : All Costs and Expenditures in Lakhs and Length in Kms.,Clearance,Progress During Month,Cumulative Progress,New Connectivity,Upgradation,Total,New Connectivity,Upgradation,Total,New Connectivity,Upgradation,Total,Sr.No.,Sanction Year,Nos.,Length,Cost,1000+,999-500,499-250 (Eligible),Nos.,Length,Cost,LSB Nos.,Road Nos.,Road Length,Cost,Funds Released,Nos.,Length,Expenditure,1000+,999-500,499-250 (Eligible),Nos.,Length,Expenditure,Nos.,Length,Expenditure,Nos.,Length,Expenditure,1000+,999-500,499-250 (Eligible),Nos.,Length,Expenditure,LSB Nos.,Road Nos.,Road Length,Expenditure,Dibang Valley,2023 - 2024,12,55.520,"15,290.58",0,0,0,0,2,20.100,"1,893.73",0,14,75.620,"17,184.31",0.00,0,0.000,0.00,0,0,0,0,0,0.000,0.00,0,0.000,0.00,0,0.000,,0,0,0,0,0,0.000,0.00,0,0,0.000,0.00,Total,28,257.200,"35,689.78",0,0,5,0,12,78.010,"9,430.25",3,40,335.210,"45,120.03",0.00,0,19.000,"4,699.55",0,0,0,0,0,0.000,0.00,0,19.000,"4,699.55",9,76.300,"4,699.55",0,0,2,0,0,0.000,0.00,0,9,76.300,"4,699.55",Grand Total,"1,387","14,515.167","11,73,314.32",49,126,466,0,276,"2,265.694","2,16,564.43",303,"1,663","16,780.861","13,89,878.75",0.00,3,178.791,"4,73,770.52",0,0,3,0,0,10.600,"6,077.44",3,189.391,"4,92,131.11",883,"8,265.337","4,89,536.36",49,119,331,0,9,90.615,"6,948.40",34,892,"8,355.952","5,09,288.08","Page 1 of 1     Generated on : 12/03/2025 19:29 PM     2014 NRRDA, All rights reserved"
Pradhan Mantri Gram Sadak Yojana,Monthly Report Format for Physical & Financial Progress under PMGSY,State: Arunachal Pradesh     District: All Districts     Block: All Blocks     Year: 2020     Month: January     Collaboration: All Collaborations     Agency:  Rural Works Department   Scheme: All Scheme,Note : All Costs and Expenditures in Lakhs and Length in Kms.,Clearance,Progress During Month,Cumulative Progress,New Connectivity,Upgradation,Total,New Connectivity,Upgradation,Total,New Connectivity,Upgradation,Total,Sr.No.,Sanction Year,Nos.,Length,Cost,1000+,999-500,499-250 (Eligible),Nos.,Length,Cost,LSB Nos.,Road Nos.,Road Length,Cost,Funds Released,Nos.,Length,Expenditure,1000+,999-500,499-250 (Eligible),Nos.,Length,Expenditure,Nos.,Length,Expenditure,Nos.,Length,Expenditure,1000+,999-500,499-250 (Eligible),Nos.,Length,Expenditure,LSB Nos.,Road Nos.,Road Length,Expenditure,Dibang Valley,2024 - 2025,0,0.000,0.00,0,0,0,0,1,6.100,"2,841.14",3,1,6.100,"2,841.14",0.00,0,0.000,0.00,0,0,0,0,0,0.000,0.00,0,0.000,0.00,0,0.000,,0,0,0,0,0,0.000,0.00,0,0,0.000,0.00,Total,28,257.200,"35,689.78",0,0,5,0,12,78.010,"9,430.25",3,40,335.210,"45,120.03",0.00,0,19.000,"4,699.55",0,0,0,0,0,0.000,0.00,0,19.000,"4,699.55",9,76.300,"4,699.55",0,0,2,0,0,0.000,0.00,0,9,76.300,"4,699.55",Grand Total,"1,387","14,515.167","11,73,314.32",49,126,466,0,276,"2,265.694","2,16,564.43",303,"1,663","16,780.861","13,89,878.75",0.00,3,178.791,"4,73,770.52",0,0,3,0,0,10.600,"6,077.44",3,189.391,"4,92,131.11",883,"8,265.337","4,89,536.36",49,119,331,0,9,90.615,"6,948.40",34,892,"8,355.952","5,09,288.08","Page 1 of 1     Generated on : 12/03/2025 19:29 PM     2014 NRRDA, All rights reserved"
Pradhan Mantri Gram Sadak Yojana,Monthly Report Format for Physical & Financial Progress under PMGSY,State: Arunachal Pradesh     District: All Districts     Block: All Blocks     Year: 2020     Month: January     Collaboration: All Collaborations     Agency:  Rural Works Department   Scheme: All Scheme,Note : All Costs and Expenditures in Lakhs and Length in Kms.,Clearance,Progress During Month,Cumulative Progress,New Connectivity,Upgradation,Total,New Connectivity,Upgradation,Total,New Connectivity,Upgradation,Total,Sr.No.,Sanction Year,Nos.,Length,Cost,1000+,999-500,499-250 (Eligible),Nos.,Length,Cost,LSB Nos.,Road Nos.,Road Length,Cost,Funds Released,Nos.,Length,Expenditure,1000+,999-500,499-250 (Eligible),Nos.,Length,Expenditure,Nos.,Length,Expenditure,Nos.,Length,Expenditure,1000+,999-500,499-250 (Eligible),Nos.,Length,Expenditure,LSB Nos.,Road Nos.,Road Length,Expenditure,East Kameng,2000 - 2001,9,23.770,244.50,0,0,0,0,0,0.000,0.00,0,9,23.770,244.50,0.00,0,0.000,244.45,0,0,0,0,0,0.000,0.00,0,0.000,244.45,9,23.770,244.45,0,0,0,0,0,0.000,0.00,0,9,23.770,244.45,Total,129,"2,114.270","1,64,769.12",1,4,43,0,8,51.900,"4,484.43",16,137,"2,166.170","1,69,253.54",0.00,0,18.000,"68,193.05",0,0,0,0,0,0.000,0.00,0,18.000,"68,193.05",58,"1,044.680","71,232.48",1,4,31,0,0,0.000,0.00,0,58,"1,044.680","71,232.48",Grand Total,"1,387","14,515.167","11,73,314.32",49,126,466,0,276,"2,265.694","2,16,564.43",303,"1,663","16,780.861","13,89,878.75",0.00,3,178.791,"4,73,770.52",0,0,3,0,0,10.600,"6,077.44",3,189.391,"4,92,131.11",883,"8,265.337","4,89,536.36",49,119,331,0,9,90.615,"6,948.40",34,892,"8,355.952","5,09,288.08","Page 1 of 1     Generated on : 12/03/2025 19:29 PM     2014 NRRDA, All rights reserved"
Pradhan Mantri Gram Sadak Yojana,Monthly Report Format for Physical & Financial Progress under PMGSY,State: Arunachal Pradesh     District: All Districts     Block: All Blocks     Year: 2020     Month: January     Collaboration: All Collaborations     Agency:  Rural Works Department   Scheme: All Scheme,Note : All Costs and Expenditures in Lakhs and Length in Kms.,Clearance,Progress During Month,Cumulative Progress,New Connectivity,Upgradation,Total,New Connectivity,Upgradation,Total,New Connectivity,Upgradation,Total,Sr.No.,Sanction Year,Nos.,Length,Cost,1000+,999-500,499-250 (Eligible),Nos.,Length,Cost,LSB Nos.,Road Nos.,Road Length,Cost,Funds Released,Nos.,Length,Expenditure,1000+,999-500,499-250 (Eligible),Nos.,Length,Expenditure,Nos.,Length,Expenditure,Nos.,Length,Expenditure,1000+,999-500,499-250 (Eligible),Nos.,Length,Expenditure,LSB Nos.,Road Nos.,Road Length,Expenditure,East Kameng,2001 - 2002,7,35.370,349.36,1,1,1,0,0,0.000,0.00,0,7,35.370,349.36,0.00,0,0.000,349.36,0,0,0,0,0,0.000,0.00,0,0.000,349.36,7,35.370,349.36,1,1,1,0,0,0.000,0.00,0,7,35.370,349.36,Total,129,"2,114.270","1,64,769.12",1,4,43,0,8,51.900,"4,484.43",16,137,"2,166.170","1,69,253.54",0.00,0,18.000,"68,193.05",0,0,0,0,0,0.000,0.00,0,18.000,"68,193.05",58,"1,044.680","71,232.48",1,4,31,0,0,0.000,0.00,0,58,"1,044.680","71,232.48",Grand Total,"1,387","14,515.167","11,73,314.32",49,126,466,0,276,"2,265.694","2,16,564.43",303,"1,663","16,780.861","13,89,878.75",0.00,3,178.791,"4,73,770.52",0,0,3,0,0,10.600,"6,077.44",3,189.391,"4,92,131.11",883,"8,265.337","4,89,536.36",49,119,331,0,9,90.615,"6,948.40",34,892,"8,355.952","5,09,288.08","Page 1 of 1     Generated on : 12/03/2025 19:29 PM     2014 NRRDA, All rights reserved"
Pradhan Mantri Gram Sadak Yojana,Monthly Report Format for Physical & Financial Progress under PMGSY,State: Arunachal Pradesh     District: All Districts     Block: All Blocks     Year: 2020     Month: January     Collaboration: All Collaborations     Agency:  Rural Works Department   Scheme: All Scheme,Note : All Costs and Expenditures in Lakhs and Length in Kms.,Clearance,Progress During Month,Cumulative Progress,New Connectivity,Upgradation,Total,New Connectivity,Upgradation,Total,New Connectivity,Upgradation,Total,Sr.No.,Sanction Year,Nos.,Length,Cost,1000+,999-500,499-250 (Eligible),Nos.,Length,Cost,LSB Nos.,Road Nos.,Road Length,Cost,Funds Released,Nos.,Length,Expenditure,1000+,999-500,499-250 (Eligible),Nos.,Length,Expenditure,Nos.,Length,Expenditure,Nos.,Length,Expenditure,1000+,999-500,499-250 (Eligible),Nos.,Length,Expenditure,LSB Nos.,Road Nos.,Road Length,Expenditure,East Kameng,2004 - 2005,2,25.080,679.87,0,0,2,0,0,0.000,0.00,0,2,25.080,679.87,0.00,0,0.000,694.24,0,0,0,0,0,0.000,0.00,0,0.000,694.24,2,25.080,694.24,0,0,2,0,0,0.000,0.00,0,2,25.080,694.24,Total,129,"2,114.270","1,64,769.12",1,4,43,0,8,51.900,"4,484.43",16,137,"2,166.170","1,69,253.54",0.00,0,18.000,"68,193.05",0,0,0,0,0,0.000,0.00,0,18.000,"68,193.05",58,"1,044.680","71,232.48",1,4,31,0,0,0.000,0.00,0,58,"1,044.680","71,232.48",Grand Total,"1,387","14,515.167","11,73,314.32",49,126,466,0,276,"2,265.694","2,16,564.43",303,"1,663","16,780.861","13,89,878.75",0.00,3,178.791,"4,73,770.52",0,0,3,0,0,10.600,"6,077.44",3,189.391,"4,92,131.11",883,"8,265.337","4,89,536.36",49,119,331,0,9,90.615,"6,948.40",34,892,"8,355.952","5,09,288.08","Page 1 of 1     Generated on : 12/03/2025 19:29 PM     2014 NRRDA, All rights reserved"
Pradhan Mantri Gram Sadak Yojana,Monthly Report Format for Physical & Financial Progress under PMGSY,State: Arunachal Pradesh     District: All Districts     Block: All Blocks     Year: 2020     Month: January     Collaboration: All Collaborations     Agency:  Rural Works Department   Scheme: All Scheme,Note : All Costs and Expenditures in Lakhs and Length in Kms.,Clearance,Progress During Month,Cumulative Progress,New Connectivity,Upgradation,Total,New Connectivity,Upgradation,Total,New Connectivity,Upgradation,Total,Sr.No.,Sanction Year,Nos.,Length,Cost,1000+,999-500,499-250 (Eligible),Nos.,Length,Cost,LSB Nos.,Road Nos.,Road Length,Cost,Funds Released,Nos.,Length,Expenditure,1000+,999-500,499-250 (Eligible),Nos.,Length,Expenditure,Nos.,Length,Expenditure,Nos.,Length,Expenditure,1000+,999-500,499-250 (Eligible),Nos.,Length,Expenditure,LSB Nos.,Road Nos.,Road Length,Expenditure,East Kameng,2005 - 2006,1,17.050,826.63,0,1,0,0,0,0.000,0.00,0,1,17.050,826.63,0.00,0,0.000,803.43,0,0,0,0,0,0.000,0.00,0,0.000,803.43,1,17.050,803.43,0,1,0,0,0,0.000,0.00,0,1,17.050,803.43,Total,129,"2,114.270","1,64,769.12",1,4,43,0,8,51.900,"4,484.43",16,137,"2,166.170","1,69,253.54",0.00,0,18.000,"68,193.05",0,0,0,0,0,0.000,0.00,0,18.000,"68,193.05",58,"1,044.680","71,232.48",1,4,31,0,0,0.000,0.00,0,58,"1,044.680","71,232.48",Grand Total,"1,387","14,515.167","11,73,314.32",49,126,466,0,276,"2,265.694","2,16,564.43",303,"1,663","16,780.861","13,89,878.75",0.00,3,178.791,"4,73,770.52",0,0,3,0,0,10.600,"6,077.44",3,189.391,"4,92,131.11",883,"8,265.337","4,89,536.36",49,119,331,0,9,90.615,"6,948.40",34,892,"8,355.952","5,09,288.08","Page 1 of 1     Generated on : 12/03/2025 19:29 PM     2014 NRRDA, All rights reserved"
Pradhan Mantri Gram Sadak Yojana,Monthly Report Format for Physical & Financial Progress under PMGSY,State: Arunachal Pradesh     District: All Districts     Block: All Blocks     Year: 2020     Month: January     Collaboration: All Collaborations     Agency:  Rural Works Department   Scheme: All Scheme,Note : All Costs and Expenditures in Lakhs and Length in Kms.,Clearance,Progress During Month,Cumulative Progress,New Connectivity,Upgradation,Total,New Connectivity,Upgradation,Total,New Connectivity,Upgradation,Total,Sr.No.,Sanction Year,Nos.,Length,Cost,1000+,999-500,499-250 (Eligible),Nos.,Length,Cost,LSB Nos.,Road Nos.,Road Length,Cost,Funds Released,Nos.,Length,Expenditure,1000+,999-500,499-250 (Eligible),Nos.,Length,Expenditure,Nos.,Length,Expenditure,Nos.,Length,Expenditure,1000+,999-500,499-250 (Eligible),Nos.,Length,Expenditure,LSB Nos.,Road Nos.,Road Length,Expenditure,East Kameng,2006 - 2007,5,32.250,"1,515.38",0,0,0,0,0,0.000,0.00,0,5,32.250,"1,515.38",0.00,0,0.000,"1,436.22",0,0,0,0,0,0.000,0.00,0,0.000,"1,436.22",4,32.350,"1,436.22",0,0,0,0,0,0.000,0.00,0,4,32.350,"1,436.22",Total,129,"2,114.270","1,64,769.12",1,4,43,0,8,51.900,"4,484.43",16,137,"2,166.170","1,69,253.54",0.00,0,18.000,"68,193.05",0,0,0,0,0,0.000,0.00,0,18.000,"68,193.05",58,"1,044.680","71,232.48",1,4,31,0,0,0.000,0.00,0,58,"1,044.680","71,232.48",Grand Total,"1,387","14,515.167","11,73,314.32",49,126,466,0,276,"2,265.694","2,16,564.43",303,"1,663","16,780.861","13,89,878.75",0.00,3,178.791,"4,73,770.52",0,0,3,0,0,10.600,"6,077.44",3,189.391,"4,92,131.11",883,"8,265.337","4,89,536.36",49,119,331,0,9,90.615,"6,948.40",34,892,"8,355.952","5,09,288.08","Page 1 of 1     Generated on : 12/03/2025 19:29 PM     2014 NRRDA, All rights reserved"
Pradhan Mantri Gram Sadak Yojana,Monthly Report Format for Physical & Financial Progress under PMGSY,State: Arunachal Pradesh     District: All Districts     Block: All Blocks     Year: 2020     Month: January     Collaboration: All Collaborations     Agency:  Rural Works Department   Scheme: All Scheme,Note : All Costs and Expenditures in Lakhs and Length in Kms.,Clearance,Progress During Month,Cumulative Progress,New Connectivity,Upgradation,Total,New Connectivity,Upgradation,Total,New Connectivity,Upgradation,Total,Sr.No.,Sanction Year,Nos.,Length,Cost,1000+,999-500,499-250 (Eligible),Nos.,Length,Cost,LSB Nos.,Road Nos.,Road Length,Cost,Funds Released,Nos.,Length,Expenditure,1000+,999-500,499-250 (Eligible),Nos.,Length,Expenditure,Nos.,Length,Expenditure,Nos.,Length,Expenditure,1000+,999-500,499-250 (Eligible),Nos.,Length,Expenditure,LSB Nos.,Road Nos.,Road Length,Expenditure,East Kameng,2007 - 2008,2,29.300,"2,119.95",0,0,2,0,0,0.000,0.00,0,2,29.300,"2,119.95",0.00,0,0.000,"2,010.00",0,0,0,0,0,0.000,0.00,0,0.000,"2,010.00",2,29.300,"2,010.00",0,0,2,0,0,0.000,0.00,0,2,29.300,"2,010.00",Total,129,"2,114.270","1,64,769.12",1,4,43,0,8,51.900,"4,484.43",16,137,"2,166.170","1,69,253.54",0.00,0,18.000,"68,193.05",0,0,0,0,0,0.000,0.00,0,18.000,"68,193.05",58,"1,044.680","71,232.48",1,4,31,0,0,0.000,0.00,0,58,"1,044.680","71,232.48",Grand Total,"1,387","14,515.167","11,73,314.32",49,126,466,0,276,"2,265.694","2,16,564.43",303,"1,663","16,780.861","13,89,878.75",0.00,3,178.791,"4,73,770.52",0,0,3,0,0,10.600,"6,077.44",3,189.391,"4,92,131.11",883,"8,265.337","4,89,536.36",49,119,331,0,9,90.615,"6,948.40",34,892,"8,355.952","5,09,288.08","Page 1 of 1     Generated on : 12/03/2025 19:29 PM     2014 NRRDA, All rights reserved"
Pradhan Mantri Gram Sadak Yojana,Monthly Report Format for Physical & Financial Progress under PMGSY,State: Arunachal Pradesh     District: All Districts     Block: All Blocks     Year: 2020     Month: January     Collaboration: All Collaborations     Agency:  Rural Works Department   Scheme: All Scheme,Note : All Costs and Expenditures in Lakhs and Length in Kms.,Clearance,Progress During Month,Cumulative Progress,New Connectivity,Upgradation,Total,New Connectivity,Upgradation,Total,New Connectivity,Upgradation,Total,Sr.No.,Sanction Year,Nos.,Length,Cost,1000+,999-500,499-250 (Eligible),Nos.,Length,Cost,LSB Nos.,Road Nos.,Road Length,Cost,Funds Released,Nos.,Length,Expenditure,1000+,999-500,499-250 (Eligible),Nos.,Length,Expenditure,Nos.,Length,Expenditure,Nos.,Length,Expenditure,1000+,999-500,499-250 (Eligible),Nos.,Length,Expenditure,LSB Nos.,Road Nos.,Road Length,Expenditure,East Kameng,2008 - 2009,4,41.550,"2,661.25",0,0,3,0,0,0.000,0.00,0,4,41.550,"2,661.25",0.00,0,0.000,"2,452.60",0,0,0,0,0,0.000,0.00,0,0.000,"2,452.60",4,43.980,"2,452.60",0,0,3,0,0,0.000,0.00,0,4,43.980,"2,452.60",Total,129,"2,114.270","1,64,769.12",1,4,43,0,8,51.900,"4,484.43",16,137,"2,166.170","1,69,253.54",0.00,0,18.000,"68,193.05",0,0,0,0,0,0.000,0.00,0,18.000,"68,193.05",58,"1,044.680","71,232.48",1,4,31,0,0,0.000,0.00,0,58,"1,044.680","71,232.48",Grand Total,"1,387","14,515.167","11,73,314.32",49,126,466,0,276,"2,265.694","2,16,564.43",303,"1,663","16,780.861","13,89,878.75",0.00,3,178.791,"4,73,770.52",0,0,3,0,0,10.600,"6,077.44",3,189.391,"4,92,131.11",883,"8,265.337","4,89,536.36",49,119,331,0,9,90.615,"6,948.40",34,892,"8,355.952","5,09,288.08","Page 1 of 1     Generated on : 12/03/2025 19:29 PM     2014 NRRDA, All rights reserved"
Pradhan Mantri Gram Sadak Yojana,Monthly Report Format for Physical & Financial Progress under PMGSY,State: Arunachal Pradesh     District: All Districts     Block: All Blocks     Year: 2020     Month: January     Collaboration: All Collaborations     Agency:  Rural Works Department   Scheme: All Scheme,Note : All Costs and Expenditures in Lakhs and Length in Kms.,Clearance,Progress During Month,Cumulative Progress,New Connectivity,Upgradation,Total,New Connectivity,Upgradation,Total,New Connectivity,Upgradation,Total,Sr.No.,Sanction Year,Nos.,Length,Cost,1000+,999-500,499-250 (Eligible),Nos.,Length,Cost,LSB Nos.,Road Nos.,Road Length,Cost,Funds Released,Nos.,Length,Expenditure,1000+,999-500,499-250 (Eligible),Nos.,Length,Expenditure,Nos.,Length,Expenditure,Nos.,Length,Expenditure,1000+,999-500,499-250 (Eligible),Nos.,Length,Expenditure,LSB Nos.,Road Nos.,Road Length,Expenditure,East Kameng,2009 - 2010,6,107.810,"8,135.80",0,1,3,0,0,0.000,0.00,0,6,107.810,"8,135.80",0.00,0,0.000,"7,639.85",0,0,0,0,0,0.000,0.00,0,0.000,"7,639.85",5,99.470,"7,639.85",0,1,3,0,0,0.000,0.00,0,5,99.470,"7,639.85",Total,129,"2,114.270","1,64,769.12",1,4,43,0,8,51.900,"4,484.43",16,137,"2,166.170","1,69,253.54",0.00,0,18.000,"68,193.05",0,0,0,0,0,0.000,0.00,0,18.000,"68,193.05",58,"1,044.680","71,232.48",1,4,31,0,0,0.000,0.00,0,58,"1,044.680","71,232.48",Grand Total,"1,387","14,515.167","11,73,314.32",49,126,466,0,276,"2,265.694","2,16,564.43",303,"1,663","16,780.861","13,89,878.75",0.00,3,178.791,"4,73,770.52",0,0,3,0,0,10.600,"6,077.44",3,189.391,"4,92,131.11",883,"8,265.337","4,89,536.36",49,119,331,0,9,90.615,"6,948.40",34,892,"8,355.952","5,09,288.08","Page 1 of 1     Generated on : 12/03/2025 19:29 PM     2014 NRRDA, All rights reserved"
Pradhan Mantri Gram Sadak Yojana,Monthly Report Format for Physical & Financial Progress under PMGSY,State: Arunachal Pradesh     District: All Districts     Block: All Blocks     Year: 2020     Month: January     Collaboration: All Collaborations     Agency:  Rural Works Department   Scheme: All Scheme,Note : All Costs and Expenditures in Lakhs and Length in Kms.,Clearance,Progress During Month,Cumulative Progress,New Connectivity,Upgradation,Total,New Connectivity,Upgradation,Total,New Connectivity,Upgradation,Total,Sr.No.,Sanction Year,Nos.,Length,Cost,1000+,999-500,499-250 (Eligible),Nos.,Length,Cost,LSB Nos.,Road Nos.,Road Length,Cost,Funds Released,Nos.,Length,Expenditure,1000+,999-500,499-250 (Eligible),Nos.,Length,Expenditure,Nos.,Length,Expenditure,Nos.,Length,Expenditure,1000+,999-500,499-250 (Eligible),Nos.,Length,Expenditure,LSB Nos.,Road Nos.,Road Length,Expenditure,East Kameng,2012 - 2013,10,196.580,"15,400.12",0,1,4,0,0,0.000,0.00,3,10,196.580,"15,400.12",0.00,0,0.000,"11,203.80",0,0,0,0,0,0.000,0.00,0,0.000,"11,203.80",5,174.700,"11,203.80",0,1,3,0,0,0.000,0.00,0,5,174.700,"11,203.80",Total,129,"2,114.270","1,64,769.12",1,4,43,0,8,51.900,"4,484.43",16,137,"2,166.170","1,69,253.54",0.00,0,18.000,"68,193.05",0,0,0,0,0,0.000,0.00,0,18.000,"68,193.05",58,"1,044.680","71,232.48",1,4,31,0,0,0.000,0.00,0,58,"1,044.680","71,232.48",Grand Total,"1,387","14,515.167","11,73,314.32",49,126,466,0,276,"2,265.694","2,16,564.43",303,"1,663","16,780.861","13,89,878.75",0.00,3,178.791,"4,73,770.52",0,0,3,0,0,10.600,"6,077.44",3,189.391,"4,92,131.11",883,"8,265.337","4,89,536.36",49,119,331,0,9,90.615,"6,948.40",34,892,"8,355.952","5,09,288.08","Page 1 of 1     Generated on : 12/03/2025 19:29 PM     2014 NRRDA, All rights reserved"
Pradhan Mantri Gram Sadak Yojana,Monthly Report Format for Physical & Financial Progress under PMGSY,State: Arunachal Pradesh     District: All Districts     Block: All Blocks     Year: 2020     Month: January     Collaboration: All Collaborations     Agency:  Rural Works Department   Scheme: All Scheme,Note : All Costs and Expenditures in Lakhs and Length in Kms.,Clearance,Progress During Month,Cumulative Progress,New Connectivity,Upgradation,Total,New Connectivity,Upgradation,Total,New Connectivity,Upgradation,Total,Sr.No.,Sanction Year,Nos.,Length,Cost,1000+,999-500,499-250 (Eligible),Nos.,Length,Cost,LSB Nos.,Road Nos.,Road Length,Cost,Funds Released,Nos.,Length,Expenditure,1000+,999-500,499-250 (Eligible),Nos.,Length,Expenditure,Nos.,Length,Expenditure,Nos.,Length,Expenditure,1000+,999-500,499-250 (Eligible),Nos.,Length,Expenditure,LSB Nos.,Road Nos.,Road Length,Expenditure,East Kameng,2013 - 2014,7,116.910,"10,157.56",0,0,6,0,0,0.000,0.00,5,7,116.910,"10,157.56",0.00,0,0.000,"9,898.04",0,0,0,0,0,0.000,0.00,0,0.000,"9,898.04",7,111.070,"9,898.04",0,0,6,0,0,0.000,0.00,0,7,111.070,"9,898.04",Total,129,"2,114.270","1,64,769.12",1,4,43,0,8,51.900,"4,484.43",16,137,"2,166.170","1,69,253.54",0.00,0,18.000,"68,193.05",0,0,0,0,0,0.000,0.00,0,18.000,"68,193.05",58,"1,044.680","71,232.48",1,4,31,0,0,0.000,0.00,0,58,"1,044.680","71,232.48",Grand Total,"1,387","14,515.167","11,73,314.32",49,126,466,0,276,"2,265.694","2,16,564.43",303,"1,663","16,780.861","13,89,878.75",0.00,3,178.791,"4,73,770.52",0,0,3,0,0,10.600,"6,077.44",3,189.391,"4,92,131.11",883,"8,265.337","4,89,536.36",49,119,331,0,9,90.615,"6,948.40",34,892,"8,355.952","5,09,288.08","Page 1 of 1     Generated on : 12/03/2025 19:29 PM     2014 NRRDA, All rights reserved"
Pradhan Mantri Gram Sadak Yojana,Monthly Report Format for Physical & Financial Progress under PMGSY,State: Arunachal Pradesh     District: All Districts     Block: All Blocks     Year: 2020     Month: January     Collaboration: All Collaborations     Agency:  Rural Works Department   Scheme: All Scheme,Note : All Costs and Expenditures in Lakhs and Length in Kms.,Clearance,Progress During Month,Cumulative Progress,New Connectivity,Upgradation,Total,New Connectivity,Upgradation,Total,New Connectivity,Upgradation,Total,Sr.No.,Sanction Year,Nos.,Length,Cost,1000+,999-500,499-250 (Eligible),Nos.,Length,Cost,LSB Nos.,Road Nos.,Road Length,Cost,Funds Released,Nos.,Length,Expenditure,1000+,999-500,499-250 (Eligible),Nos.,Length,Expenditure,Nos.,Length,Expenditure,Nos.,Length,Expenditure,1000+,999-500,499-250 (Eligible),Nos.,Length,Expenditure,LSB Nos.,Road Nos.,Road Length,Expenditure,East Kameng,2016 - 2017,20,362.330,"31,249.40",0,0,15,0,0,0.000,0.00,3,20,362.330,"31,249.40",0.00,0,4.500,"21,835.93",0,0,0,0,0,0.000,0.00,0,4.500,"21,835.93",12,277.040,"22,174.47",0,0,11,0,0,0.000,0.00,0,12,277.040,"22,174.47",Total,129,"2,114.270","1,64,769.12",1,4,43,0,8,51.900,"4,484.43",16,137,"2,166.170","1,69,253.54",0.00,0,18.000,"68,193.05",0,0,0,0,0,0.000,0.00,0,18.000,"68,193.05",58,"1,044.680","71,232.48",1,4,31,0,0,0.000,0.00,0,58,"1,044.680","71,232.48",Grand Total,"1,387","14,515.167","11,73,314.32",49,126,466,0,276,"2,265.694","2,16,564.43",303,"1,663","16,780.861","13,89,878.75",0.00,3,178.791,"4,73,770.52",0,0,3,0,0,10.600,"6,077.44",3,189.391,"4,92,131.11",883,"8,265.337","4,89,536.36",49,119,331,0,9,90.615,"6,948.40",34,892,"8,355.952","5,09,288.08","Page 1 of 1     Generated on : 12/03/2025 19:29 PM     2014 NRRDA, All rights reserved"
Pradhan Mantri Gram Sadak Yojana,Monthly Report Format for Physical & Financial Progress under PMGSY,State: Arunachal Pradesh     District: All Districts     Block: All Blocks     Year: 2020     Month: January     Collaboration: All Collaborations     Agency:  Rural Works Department   Scheme: All Scheme,Note : All Costs and Expenditures in Lakhs and Length in Kms.,Clearance,Progress During Month,Cumulative Progress,New Connectivity,Upgradation,Total,New Connectivity,Upgradation,Total,New Connectivity,Upgradation,Total,Sr.No.,Sanction Year,Nos.,Length,Cost,1000+,999-500,499-250 (Eligible),Nos.,Length,Cost,LSB Nos.,Road Nos.,Road Length,Cost,Funds Released,Nos.,Length,Expenditure,1000+,999-500,499-250 (Eligible),Nos.,Length,Expenditure,Nos.,Length,Expenditure,Nos.,Length,Expenditure,1000+,999-500,499-250 (Eligible),Nos.,Length,Expenditure,LSB Nos.,Road Nos.,Road Length,Expenditure,East Kameng,2017 - 2018,7,184.210,"17,687.76",0,0,5,0,0,0.000,0.00,3,7,184.210,"17,687.76",0.00,0,3.000,"6,674.40",0,0,0,0,0,0.000,0.00,0,3.000,"6,674.40",0,126.000,"7,421.24",0,0,0,0,0,0.000,0.00,0,0,126.000,"7,421.24",Total,129,"2,114.270","1,64,769.12",1,4,43,0,8,51.900,"4,484.43",16,137,"2,166.170","1,69,253.54",0.00,0,18.000,"68,193.05",0,0,0,0,0,0.000,0.00,0,18.000,"68,193.05",58,"1,044.680","71,232.48",1,4,31,0,0,0.000,0.00,0,58,"1,044.680","71,232.48",Grand Total,"1,387","14,515.167","11,73,314.32",49,126,466,0,276,"2,265.694","2,16,564.43",303,"1,663","16,780.861","13,89,878.75",0.00,3,178.791,"4,73,770.52",0,0,3,0,0,10.600,"6,077.44",3,189.391,"4,92,131.11",883,"8,265.337","4,89,536.36",49,119,331,0,9,90.615,"6,948.40",34,892,"8,355.952","5,09,288.08","Page 1 of 1     Generated on : 12/03/2025 19:29 PM     2014 NRRDA, All rights reserved"
Pradhan Mantri Gram Sadak Yojana,Monthly Report Format for Physical & Financial Progress under PMGSY,State: Arunachal Pradesh     District: All Districts     Block: All Blocks     Year: 2020     Month: January     Collaboration: All Collaborations     Agency:  Rural Works Department   Scheme: All Scheme,Note : All Costs and Expenditures in Lakhs and Length in Kms.,Clearance,Progress During Month,Cumulative Progress,New Connectivity,Upgradation,Total,New Connectivity,Upgradation,Total,New Connectivity,Upgradation,Total,Sr.No.,Sanction Year,Nos.,Length,Cost,1000+,999-500,499-250 (Eligible),Nos.,Length,Cost,LSB Nos.,Road Nos.,Road Length,Cost,Funds Released,Nos.,Length,Expenditure,1000+,999-500,499-250 (Eligible),Nos.,Length,Expenditure,Nos.,Length,Expenditure,Nos.,Length,Expenditure,1000+,999-500,499-250 (Eligible),Nos.,Length,Expenditure,LSB Nos.,Road Nos.,Road Length,Expenditure,East Kameng,2018 - 2019,33,739.160,"37,576.40",0,0,2,0,0,0.000,0.00,2,33,739.160,"37,576.40",0.00,0,10.500,"2,950.73",0,0,0,0,0,0.000,0.00,0,10.500,"2,950.73",0,49.500,"4,904.78",0,0,0,0,0,0.000,0.00,0,0,49.500,"4,904.78",Total,129,"2,114.270","1,64,769.12",1,4,43,0,8,51.900,"4,484.43",16,137,"2,166.170","1,69,253.54",0.00,0,18.000,"68,193.05",0,0,0,0,0,0.000,0.00,0,18.000,"68,193.05",58,"1,044.680","71,232.48",1,4,31,0,0,0.000,0.00,0,58,"1,044.680","71,232.48",Grand Total,"1,387","14,515.167","11,73,314.32",49,126,466,0,276,"2,265.694","2,16,564.43",303,"1,663","16,780.861","13,89,878.75",0.00,3,178.791,"4,73,770.52",0,0,3,0,0,10.600,"6,077.44",3,189.391,"4,92,131.11",883,"8,265.337","4,89,536.36",49,119,331,0,9,90.615,"6,948.40",34,892,"8,355.952","5,09,288.08","Page 1 of 1     Generated on : 12/03/2025 19:29 PM     2014 NRRDA, All rights reserved"
Pradhan Mantri Gram Sadak Yojana,Monthly Report Format for Physical & Financial Progress under PMGSY,State: Arunachal Pradesh     District: All Districts     Block: All Blocks     Year: 2020     Month: January     Collaboration: All Collaborations     Agency:  Rural Works Department   Scheme: All Scheme,Note : All Costs and Expenditures in Lakhs and Length in Kms.,Clearance,Progress During Month,Cumulative Progress,New Connectivity,Upgradation,Total,New Connectivity,Upgradation,Total,New Connectivity,Upgradation,Total,Sr.No.,Sanction Year,Nos.,Length,Cost,1000+,999-500,499-250 (Eligible),Nos.,Length,Cost,LSB Nos.,Road Nos.,Road Length,Cost,Funds Released,Nos.,Length,Expenditure,1000+,999-500,499-250 (Eligible),Nos.,Length,Expenditure,Nos.,Length,Expenditure,Nos.,Length,Expenditure,1000+,999-500,499-250 (Eligible),Nos.,Length,Expenditure,LSB Nos.,Road Nos.,Road Length,Expenditure,East Kameng,2023 - 2024,16,202.900,"36,165.14",0,0,0,0,3,16.900,"1,442.34",0,19,219.800,"37,607.48",0.00,0,0.000,0.00,0,0,0,0,0,0.000,0.00,0,0.000,0.00,0,0.000,,0,0,0,0,0,0.000,0.00,0,0,0.000,0.00,Total,129,"2,114.270","1,64,769.12",1,4,43,0,8,51.900,"4,484.43",16,137,"2,166.170","1,69,253.54",0.00,0,18.000,"68,193.05",0,0,0,0,0,0.000,0.00,0,18.000,"68,193.05",58,"1,044.680","71,232.48",1,4,31,0,0,0.000,0.00,0,58,"1,044.680","71,232.48",Grand Total,"1,387","14,515.167","11,73,314.32",49,126,466,0,276,"2,265.694","2,16,564.43",303,"1,663","16,780.861","13,89,878.75",0.00,3,178.791,"4,73,770.52",0,0,3,0,0,10.600,"6,077.44",3,189.391,"4,92,131.11",883,"8,265.337","4,89,536.36",49,119,331,0,9,90.615,"6,948.40",34,892,"8,355.952","5,09,288.08","Page 1 of 1     Generated on : 12/03/2025 19:29 PM     2014 NRRDA, All rights reserved"
Pradhan Mantri Gram Sadak Yojana,Monthly Report Format for Physical & Financial Progress under PMGSY,State: Arunachal Pradesh     District: All Districts     Block: All Blocks     Year: 2020     Month: January     Collaboration: All Collaborations     Agency:  Rural Works Department   Scheme: All Scheme,Note : All Costs and Expenditures in Lakhs and Length in Kms.,Clearance,Progress During Month,Cumulative Progress,New Connectivity,Upgradation,Total,New Connectivity,Upgradation,Total,New Connectivity,Upgradation,Total,Sr.No.,Sanction Year,Nos.,Length,Cost,1000+,999-500,499-250 (Eligible),Nos.,Length,Cost,LSB Nos.,Road Nos.,Road Length,Cost,Funds Released,Nos.,Length,Expenditure,1000+,999-500,499-250 (Eligible),Nos.,Length,Expenditure,Nos.,Length,Expenditure,Nos.,Length,Expenditure,1000+,999-500,499-250 (Eligible),Nos.,Length,Expenditure,LSB Nos.,Road Nos.,Road Length,Expenditure,East Kameng,2024 - 2025,0,0.000,0.00,0,0,0,0,5,35.000,"3,042.09",0,5,35.000,"3,042.09",0.00,0,0.000,0.00,0,0,0,0,0,0.000,0.00,0,0.000,0.00,0,0.000,,0,0,0,0,0,0.000,0.00,0,0,0.000,0.00,Total,129,"2,114.270","1,64,769.12",1,4,43,0,8,51.900,"4,484.43",16,137,"2,166.170","1,69,253.54",0.00,0,18.000,"68,193.05",0,0,0,0,0,0.000,0.00,0,18.000,"68,193.05",58,"1,044.680","71,232.48",1,4,31,0,0,0.000,0.00,0,58,"1,044.680","71,232.48",Grand Total,"1,387","14,515.167","11,73,314.32",49,126,466,0,276,"2,265.694","2,16,564.43",303,"1,663","16,780.861","13,89,878.75",0.00,3,178.791,"4,73,770.52",0,0,3,0,0,10.600,"6,077.44",3,189.391,"4,92,131.11",883,"8,265.337","4,89,536.36",49,119,331,0,9,90.615,"6,948.40",34,892,"8,355.952","5,09,288.08","Page 1 of 1     Generated on : 12/03/2025 19:29 PM     2014 NRRDA, All rights reserved"
Pradhan Mantri Gram Sadak Yojana,Monthly Report Format for Physical & Financial Progress under PMGSY,State: Arunachal Pradesh     District: All Districts     Block: All Blocks     Year: 2020     Month: January     Collaboration: All Collaborations     Agency:  Rural Works Department   Scheme: All Scheme,Note : All Costs and Expenditures in Lakhs and Length in Kms.,Clearance,Progress During Month,Cumulative Progress,New Connectivity,Upgradation,Total,New Connectivity,Upgradation,Total,New Connectivity,Upgradation,Total,Sr.No.,Sanction Year,Nos.,Length,Cost,1000+,999-500,499-250 (Eligible),Nos.,Length,Cost,LSB Nos.,Road Nos.,Road Length,Cost,Funds Released,Nos.,Length,Expenditure,1000+,999-500,499-250 (Eligible),Nos.,Length,Expenditure,Nos.,Length,Expenditure,Nos.,Length,Expenditure,1000+,999-500,499-250 (Eligible),Nos.,Length,Expenditure,LSB Nos.,Road Nos.,Road Length,Expenditure,East Siang,2000 - 2001,8,14.840,155.43,2,1,2,0,0,0.000,0.00,0,8,14.840,155.43,0.00,0,0.000,155.43,0,0,0,0,0,0.000,0.00,0,0.000,155.43,8,14.840,155.43,2,1,2,0,0,0.000,0.00,0,8,14.840,155.43,Total,23,51.925,"2,537.67",2,7,6,0,9,55.610,"3,953.90",3,32,107.535,"6,491.57",0.00,0,0.000,"2,324.05",0,0,0,0,0,0.000,0.00,0,0.000,"2,498.95",23,51.925,"2,324.05",2,7,6,0,0,0.000,0.00,1,23,51.925,"2,498.95",Grand Total,"1,387","14,515.167","11,73,314.32",49,126,466,0,276,"2,265.694","2,16,564.43",303,"1,663","16,780.861","13,89,878.75",0.00,3,178.791,"4,73,770.52",0,0,3,0,0,10.600,"6,077.44",3,189.391,"4,92,131.11",883,"8,265.337","4,89,536.36",49,119,331,0,9,90.615,"6,948.40",34,892,"8,355.952","5,09,288.08","Page 1 of 1     Generated on : 12/03/2025 19:29 PM     2014 NRRDA, All rights reserved"
Pradhan Mantri Gram Sadak Yojana,Monthly Report Format for Physical & Financial Progress under PMGSY,State: Arunachal Pradesh     District: All Districts     Block: All Blocks     Year: 2020     Month: January     Collaboration: All Collaborations     Agency:  Rural Works Department   Scheme: All Scheme,Note : All Costs and Expenditures in Lakhs and Length in Kms.,Clearance,Progress During Month,Cumulative Progress,New Connectivity,Upgradation,Total,New Connectivity,Upgradation,Total,New Connectivity,Upgradation,Total,Sr.No.,Sanction Year,Nos.,Length,Cost,1000+,999-500,499-250 (Eligible),Nos.,Length,Cost,LSB Nos.,Road Nos.,Road Length,Cost,Funds Released,Nos.,Length,Expenditure,1000+,999-500,499-250 (Eligible),Nos.,Length,Expenditure,Nos.,Length,Expenditure,Nos.,Length,Expenditure,1000+,999-500,499-250 (Eligible),Nos.,Length,Expenditure,LSB Nos.,Road Nos.,Road Length,Expenditure,East Siang,2001 - 2002,6,11.200,181.20,0,3,2,0,0,0.000,0.00,0,6,11.200,181.20,0.00,0,0.000,181.18,0,0,0,0,0,0.000,0.00,0,0.000,181.18,6,11.200,181.18,0,3,2,0,0,0.000,0.00,0,6,11.200,181.18,Total,23,51.925,"2,537.67",2,7,6,0,9,55.610,"3,953.90",3,32,107.535,"6,491.57",0.00,0,0.000,"2,324.05",0,0,0,0,0,0.000,0.00,0,0.000,"2,498.95",23,51.925,"2,324.05",2,7,6,0,0,0.000,0.00,1,23,51.925,"2,498.95",Grand Total,"1,387","14,515.167","11,73,314.32",49,126,466,0,276,"2,265.694","2,16,564.43",303,"1,663","16,780.861","13,89,878.75",0.00,3,178.791,"4,73,770.52",0,0,3,0,0,10.600,"6,077.44",3,189.391,"4,92,131.11",883,"8,265.337","4,89,536.36",49,119,331,0,9,90.615,"6,948.40",34,892,"8,355.952","5,09,288.08","Page 1 of 1     Generated on : 12/03/2025 19:29 PM     2014 NRRDA, All rights reserved"
Pradhan Mantri Gram Sadak Yojana,Monthly Report Format for Physical & Financial Progress under PMGSY,State: Arunachal Pradesh     District: All Districts     Block: All Blocks     Year: 2020     Month: January     Collaboration: All Collaborations     Agency:  Rural Works Department   Scheme: All Scheme,Note : All Costs and Expenditures in Lakhs and Length in Kms.,Clearance,Progress During Month,Cumulative Progress,New Connectivity,Upgradation,Total,New Connectivity,Upgradation,Total,New Connectivity,Upgradation,Total,Sr.No.,Sanction Year,Nos.,Length,Cost,1000+,999-500,499-250 (Eligible),Nos.,Length,Cost,LSB Nos.,Road Nos.,Road Length,Cost,Funds Released,Nos.,Length,Expenditure,1000+,999-500,499-250 (Eligible),Nos.,Length,Expenditure,Nos.,Length,Expenditure,Nos.,Length,Expenditure,1000+,999-500,499-250 (Eligible),Nos.,Length,Expenditure,LSB Nos.,Road Nos.,Road Length,Expenditure,East Siang,2004 - 2005,2,3.170,180.60,0,1,1,0,0,0.000,0.00,0,2,3.170,180.60,0.00,0,0.000,167.21,0,0,0,0,0,0.000,0.00,0,0.000,167.21,2,3.170,167.21,0,1,1,0,0,0.000,0.00,0,2,3.170,167.21,Total,23,51.925,"2,537.67",2,7,6,0,9,55.610,"3,953.90",3,32,107.535,"6,491.57",0.00,0,0.000,"2,324.05",0,0,0,0,0,0.000,0.00,0,0.000,"2,498.95",23,51.925,"2,324.05",2,7,6,0,0,0.000,0.00,1,23,51.925,"2,498.95",Grand Total,"1,387","14,515.167","11,73,314.32",49,126,466,0,276,"2,265.694","2,16,564.43",303,"1,663","16,780.861","13,89,878.75",0.00,3,178.791,"4,73,770.52",0,0,3,0,0,10.600,"6,077.44",3,189.391,"4,92,131.11",883,"8,265.337","4,89,536.36",49,119,331,0,9,90.615,"6,948.40",34,892,"8,355.952","5,09,288.08","Page 1 of 1     Generated on : 12/03/2025 19:29 PM     2014 NRRDA, All rights reserved"
Pradhan Mantri Gram Sadak Yojana,Monthly Report Format for Physical & Financial Progress under PMGSY,State: Arunachal Pradesh     District: All Districts     Block: All Blocks     Year: 2020     Month: January     Collaboration: All Collaborations     Agency:  Rural Works Department   Scheme: All Scheme,Note : All Costs and Expenditures in Lakhs and Length in Kms.,Clearance,Progress During Month,Cumulative Progress,New Connectivity,Upgradation,Total,New Connectivity,Upgradation,Total,New Connectivity,Upgradation,Total,Sr.No.,Sanction Year,Nos.,Length,Cost,1000+,999-500,499-250 (Eligible),Nos.,Length,Cost,LSB Nos.,Road Nos.,Road Length,Cost,Funds Released,Nos.,Length,Expenditure,1000+,999-500,499-250 (Eligible),Nos.,Length,Expenditure,Nos.,Length,Expenditure,Nos.,Length,Expenditure,1000+,999-500,499-250 (Eligible),Nos.,Length,Expenditure,LSB Nos.,Road Nos.,Road Length,Expenditure,East Siang,2005 - 2006,5,13.565,622.84,0,1,0,0,0,0.000,0.00,0,5,13.565,622.84,0.00,0,0.000,609.62,0,0,0,0,0,0.000,0.00,0,0.000,609.62,5,13.565,609.62,0,1,0,0,0,0.000,0.00,0,5,13.565,609.62,Total,23,51.925,"2,537.67",2,7,6,0,9,55.610,"3,953.90",3,32,107.535,"6,491.57",0.00,0,0.000,"2,324.05",0,0,0,0,0,0.000,0.00,0,0.000,"2,498.95",23,51.925,"2,324.05",2,7,6,0,0,0.000,0.00,1,23,51.925,"2,498.95",Grand Total,"1,387","14,515.167","11,73,314.32",49,126,466,0,276,"2,265.694","2,16,564.43",303,"1,663","16,780.861","13,89,878.75",0.00,3,178.791,"4,73,770.52",0,0,3,0,0,10.600,"6,077.44",3,189.391,"4,92,131.11",883,"8,265.337","4,89,536.36",49,119,331,0,9,90.615,"6,948.40",34,892,"8,355.952","5,09,288.08","Page 1 of 1     Generated on : 12/03/2025 19:29 PM     2014 NRRDA, All rights reserved"
Pradhan Mantri Gram Sadak Yojana,Monthly Report Format for Physical & Financial Progress under PMGSY,State: Arunachal Pradesh     District: All Districts     Block: All Blocks     Year: 2020     Month: January     Collaboration: All Collaborations     Agency:  Rural Works Department   Scheme: All Scheme,Note : All Costs and Expenditures in Lakhs and Length in Kms.,Clearance,Progress During Month,Cumulative Progress,New Connectivity,Upgradation,Total,New Connectivity,Upgradation,Total,New Connectivity,Upgradation,Total,Sr.No.,Sanction Year,Nos.,Length,Cost,1000+,999-500,499-250 (Eligible),Nos.,Length,Cost,LSB Nos.,Road Nos.,Road Length,Cost,Funds Released,Nos.,Length,Expenditure,1000+,999-500,499-250 (Eligible),Nos.,Length,Expenditure,Nos.,Length,Expenditure,Nos.,Length,Expenditure,1000+,999-500,499-250 (Eligible),Nos.,Length,Expenditure,LSB Nos.,Road Nos.,Road Length,Expenditure,East Siang,2007 - 2008,1,7.650,"1,097.02",0,1,0,0,0,0.000,0.00,0,1,7.650,"1,097.02",0.00,0,0.000,"1,095.82",0,0,0,0,0,0.000,0.00,0,0.000,"1,095.82",1,7.650,"1,095.82",0,1,0,0,0,0.000,0.00,0,1,7.650,"1,095.82",Total,23,51.925,"2,537.67",2,7,6,0,9,55.610,"3,953.90",3,32,107.535,"6,491.57",0.00,0,0.000,"2,324.05",0,0,0,0,0,0.000,0.00,0,0.000,"2,498.95",23,51.925,"2,324.05",2,7,6,0,0,0.000,0.00,1,23,51.925,"2,498.95",Grand Total,"1,387","14,515.167","11,73,314.32",49,126,466,0,276,"2,265.694","2,16,564.43",303,"1,663","16,780.861","13,89,878.75",0.00,3,178.791,"4,73,770.52",0,0,3,0,0,10.600,"6,077.44",3,189.391,"4,92,131.11",883,"8,265.337","4,89,536.36",49,119,331,0,9,90.615,"6,948.40",34,892,"8,355.952","5,09,288.08","Page 1 of 1     Generated on : 12/03/2025 19:29 PM     2014 NRRDA, All rights reserved"
Pradhan Mantri Gram Sadak Yojana,Monthly Report Format for Physical & Financial Progress under PMGSY,State: Arunachal Pradesh     District: All Districts     Block: All Blocks     Year: 2020     Month: January     Collaboration: All Collaborations     Agency:  Rural Works Department   Scheme: All Scheme,Note : All Costs and Expenditures in Lakhs and Length in Kms.,Clearance,Progress During Month,Cumulative Progress,New Connectivity,Upgradation,Total,New Connectivity,Upgradation,Total,New Connectivity,Upgradation,Total,Sr.No.,Sanction Year,Nos.,Length,Cost,1000+,999-500,499-250 (Eligible),Nos.,Length,Cost,LSB Nos.,Road Nos.,Road Length,Cost,Funds Released,Nos.,Length,Expenditure,1000+,999-500,499-250 (Eligible),Nos.,Length,Expenditure,Nos.,Length,Expenditure,Nos.,Length,Expenditure,1000+,999-500,499-250 (Eligible),Nos.,Length,Expenditure,LSB Nos.,Road Nos.,Road Length,Expenditure,East Siang,2013 - 2014,1,1.500,300.58,0,0,1,0,0,0.000,0.00,1,1,1.500,300.58,0.00,0,0.000,114.79,0,0,0,0,0,0.000,0.00,0,0.000,289.69,1,1.500,114.79,0,0,1,0,0,0.000,0.00,1,1,1.500,289.69,Total,23,51.925,"2,537.67",2,7,6,0,9,55.610,"3,953.90",3,32,107.535,"6,491.57",0.00,0,0.000,"2,324.05",0,0,0,0,0,0.000,0.00,0,0.000,"2,498.95",23,51.925,"2,324.05",2,7,6,0,0,0.000,0.00,1,23,51.925,"2,498.95",Grand Total,"1,387","14,515.167","11,73,314.32",49,126,466,0,276,"2,265.694","2,16,564.43",303,"1,663","16,780.861","13,89,878.75",0.00,3,178.791,"4,73,770.52",0,0,3,0,0,10.600,"6,077.44",3,189.391,"4,92,131.11",883,"8,265.337","4,89,536.36",49,119,331,0,9,90.615,"6,948.40",34,892,"8,355.952","5,09,288.08","Page 1 of 1     Generated on : 12/03/2025 19:29 PM     2014 NRRDA, All rights reserved"
Pradhan Mantri Gram Sadak Yojana,Monthly Report Format for Physical & Financial Progress under PMGSY,State: Arunachal Pradesh     District: All Districts     Block: All Blocks     Year: 2020     Month: January     Collaboration: All Collaborations     Agency:  Rural Works Department   Scheme: All Scheme,Note : All Costs and Expenditures in Lakhs and Length in Kms.,Clearance,Progress During Month,Cumulative Progress,New Connectivity,Upgradation,Total,New Connectivity,Upgradation,Total,New Connectivity,Upgradation,Total,Sr.No.,Sanction Year,Nos.,Length,Cost,1000+,999-500,499-250 (Eligible),Nos.,Length,Cost,LSB Nos.,Road Nos.,Road Length,Cost,Funds Released,Nos.,Length,Expenditure,1000+,999-500,499-250 (Eligible),Nos.,Length,Expenditure,Nos.,Length,Expenditure,Nos.,Length,Expenditure,1000+,999-500,499-250 (Eligible),Nos.,Length,Expenditure,LSB Nos.,Road Nos.,Road Length,Expenditure,East Siang,2019 - 2020,0,0.000,0.00,0,0,0,0,3,17.510,781.20,0,3,17.510,781.20,0.00,0,0.000,0.00,0,0,0,0,0,0.000,0.00,0,0.000,0.00,0,0.000,,0,0,0,0,0,0.000,0.00,0,0,0.000,0.00,Total,23,51.925,"2,537.67",2,7,6,0,9,55.610,"3,953.90",3,32,107.535,"6,491.57",0.00,0,0.000,"2,324.05",0,0,0,0,0,0.000,0.00,0,0.000,"2,498.95",23,51.925,"2,324.05",2,7,6,0,0,0.000,0.00,1,23,51.925,"2,498.95",Grand Total,"1,387","14,515.167","11,73,314.32",49,126,466,0,276,"2,265.694","2,16,564.43",303,"1,663","16,780.861","13,89,878.75",0.00,3,178.791,"4,73,770.52",0,0,3,0,0,10.600,"6,077.44",3,189.391,"4,92,131.11",883,"8,265.337","4,89,536.36",49,119,331,0,9,90.615,"6,948.40",34,892,"8,355.952","5,09,288.08","Page 1 of 1     Generated on : 12/03/2025 19:29 PM     2014 NRRDA, All rights reserved"
Pradhan Mantri Gram Sadak Yojana,Monthly Report Format for Physical & Financial Progress under PMGSY,State: Arunachal Pradesh     District: All Districts     Block: All Blocks     Year: 2020     Month: January     Collaboration: All Collaborations     Agency:  Rural Works Department   Scheme: All Scheme,Note : All Costs and Expenditures in Lakhs and Length in Kms.,Clearance,Progress During Month,Cumulative Progress,New Connectivity,Upgradation,Total,New Connectivity,Upgradation,Total,New Connectivity,Upgradation,Total,Sr.No.,Sanction Year,Nos.,Length,Cost,1000+,999-500,499-250 (Eligible),Nos.,Length,Cost,LSB Nos.,Road Nos.,Road Length,Cost,Funds Released,Nos.,Length,Expenditure,1000+,999-500,499-250 (Eligible),Nos.,Length,Expenditure,Nos.,Length,Expenditure,Nos.,Length,Expenditure,1000+,999-500,499-250 (Eligible),Nos.,Length,Expenditure,LSB Nos.,Road Nos.,Road Length,Expenditure,East Siang,2023 - 2024,0,0.000,0.00,0,0,0,0,6,38.100,"3,172.70",2,6,38.100,"3,172.70",0.00,0,0.000,0.00,0,0,0,0,0,0.000,0.00,0,0.000,0.00,0,0.000,,0,0,0,0,0,0.000,0.00,0,0,0.000,0.00,Total,23,51.925,"2,537.67",2,7,6,0,9,55.610,"3,953.90",3,32,107.535,"6,491.57",0.00,0,0.000,"2,324.05",0,0,0,0,0,0.000,0.00,0,0.000,"2,498.95",23,51.925,"2,324.05",2,7,6,0,0,0.000,0.00,1,23,51.925,"2,498.95",Grand Total,"1,387","14,515.167","11,73,314.32",49,126,466,0,276,"2,265.694","2,16,564.43",303,"1,663","16,780.861","13,89,878.75",0.00,3,178.791,"4,73,770.52",0,0,3,0,0,10.600,"6,077.44",3,189.391,"4,92,131.11",883,"8,265.337","4,89,536.36",49,119,331,0,9,90.615,"6,948.40",34,892,"8,355.952","5,09,288.08","Page 1 of 1     Generated on : 12/03/2025 19:29 PM     2014 NRRDA, All rights reserved"
Pradhan Mantri Gram Sadak Yojana,Monthly Report Format for Physical & Financial Progress under PMGSY,State: Arunachal Pradesh     District: All Districts     Block: All Blocks     Year: 2020     Month: January     Collaboration: All Collaborations     Agency:  Rural Works Department   Scheme: All Scheme,Note : All Costs and Expenditures in Lakhs and Length in Kms.,Clearance,Progress During Month,Cumulative Progress,New Connectivity,Upgradation,Total,New Connectivity,Upgradation,Total,New Connectivity,Upgradation,Total,Sr.No.,Sanction Year,Nos.,Length,Cost,1000+,999-500,499-250 (Eligible),Nos.,Length,Cost,LSB Nos.,Road Nos.,Road Length,Cost,Funds Released,Nos.,Length,Expenditure,1000+,999-500,499-250 (Eligible),Nos.,Length,Expenditure,Nos.,Length,Expenditure,Nos.,Length,Expenditure,1000+,999-500,499-250 (Eligible),Nos.,Length,Expenditure,LSB Nos.,Road Nos.,Road Length,Expenditure,Kamale,2000 - 2001,4,5.690,82.40,0,0,0,0,0,0.000,0.00,0,4,5.690,82.40,0.00,0,0.000,82.37,0,0,0,0,0,0.000,0.00,0,0.000,82.37,4,5.690,82.37,0,0,0,0,0,0.000,0.00,0,4,5.690,82.37,Total,23,262.340,"17,940.26",0,0,7,0,6,86.620,"7,015.02",5,29,348.960,"24,955.28",0.00,0,11.500,"7,215.36",0,0,0,0,0,2.500,0.00,0,14.000,"8,392.98",13,139.290,"7,215.36",0,0,3,0,0,2.500,0.00,0,13,141.790,"8,392.98",Grand Total,"1,387","14,515.167","11,73,314.32",49,126,466,0,276,"2,265.694","2,16,564.43",303,"1,663","16,780.861","13,89,878.75",0.00,3,178.791,"4,73,770.52",0,0,3,0,0,10.600,"6,077.44",3,189.391,"4,92,131.11",883,"8,265.337","4,89,536.36",49,119,331,0,9,90.615,"6,948.40",34,892,"8,355.952","5,09,288.08","Page 1 of 1     Generated on : 12/03/2025 19:29 PM     2014 NRRDA, All rights reserved"
Pradhan Mantri Gram Sadak Yojana,Monthly Report Format for Physical & Financial Progress under PMGSY,State: Arunachal Pradesh     District: All Districts     Block: All Blocks     Year: 2020     Month: January     Collaboration: All Collaborations     Agency:  Rural Works Department   Scheme: All Scheme,Note : All Costs and Expenditures in Lakhs and Length in Kms.,Clearance,Progress During Month,Cumulative Progress,New Connectivity,Upgradation,Total,New Connectivity,Upgradation,Total,New Connectivity,Upgradation,Total,Sr.No.,Sanction Year,Nos.,Length,Cost,1000+,999-500,499-250 (Eligible),Nos.,Length,Cost,LSB Nos.,Road Nos.,Road Length,Cost,Funds Released,Nos.,Length,Expenditure,1000+,999-500,499-250 (Eligible),Nos.,Length,Expenditure,Nos.,Length,Expenditure,Nos.,Length,Expenditure,1000+,999-500,499-250 (Eligible),Nos.,Length,Expenditure,LSB Nos.,Road Nos.,Road Length,Expenditure,Kamale,2001 - 2002,3,22.500,303.06,0,0,0,0,0,0.000,0.00,0,3,22.500,303.06,0.00,0,0.000,303.06,0,0,0,0,0,0.000,0.00,0,0.000,303.06,3,22.500,303.06,0,0,0,0,0,0.000,0.00,0,3,22.500,303.06,Total,23,262.340,"17,940.26",0,0,7,0,6,86.620,"7,015.02",5,29,348.960,"24,955.28",0.00,0,11.500,"7,215.36",0,0,0,0,0,2.500,0.00,0,14.000,"8,392.98",13,139.290,"7,215.36",0,0,3,0,0,2.500,0.00,0,13,141.790,"8,392.98",Grand Total,"1,387","14,515.167","11,73,314.32",49,126,466,0,276,"2,265.694","2,16,564.43",303,"1,663","16,780.861","13,89,878.75",0.00,3,178.791,"4,73,770.52",0,0,3,0,0,10.600,"6,077.44",3,189.391,"4,92,131.11",883,"8,265.337","4,89,536.36",49,119,331,0,9,90.615,"6,948.40",34,892,"8,355.952","5,09,288.08","Page 1 of 1     Generated on : 12/03/2025 19:29 PM     2014 NRRDA, All rights reserved"
Pradhan Mantri Gram Sadak Yojana,Monthly Report Format for Physical & Financial Progress under PMGSY,State: Arunachal Pradesh     District: All Districts     Block: All Blocks     Year: 2020     Month: January     Collaboration: All Collaborations     Agency:  Rural Works Department   Scheme: All Scheme,Note : All Costs and Expenditures in Lakhs and Length in Kms.,Clearance,Progress During Month,Cumulative Progress,New Connectivity,Upgradation,Total,New Connectivity,Upgradation,Total,New Connectivity,Upgradation,Total,Sr.No.,Sanction Year,Nos.,Length,Cost,1000+,999-500,499-250 (Eligible),Nos.,Length,Cost,LSB Nos.,Road Nos.,Road Length,Cost,Funds Released,Nos.,Length,Expenditure,1000+,999-500,499-250 (Eligible),Nos.,Length,Expenditure,Nos.,Length,Expenditure,Nos.,Length,Expenditure,1000+,999-500,499-250 (Eligible),Nos.,Length,Expenditure,LSB Nos.,Road Nos.,Road Length,Expenditure,Kamale,2006 - 2007,2,20.500,785.99,0,0,0,0,0,0.000,0.00,0,2,20.500,785.99,0.00,0,0.000,761.37,0,0,0,0,0,0.000,0.00,0,0.000,761.37,2,20.500,761.37,0,0,0,0,0,0.000,0.00,0,2,20.500,761.37,Total,23,262.340,"17,940.26",0,0,7,0,6,86.620,"7,015.02",5,29,348.960,"24,955.28",0.00,0,11.500,"7,215.36",0,0,0,0,0,2.500,0.00,0,14.000,"8,392.98",13,139.290,"7,215.36",0,0,3,0,0,2.500,0.00,0,13,141.790,"8,392.98",Grand Total,"1,387","14,515.167","11,73,314.32",49,126,466,0,276,"2,265.694","2,16,564.43",303,"1,663","16,780.861","13,89,878.75",0.00,3,178.791,"4,73,770.52",0,0,3,0,0,10.600,"6,077.44",3,189.391,"4,92,131.11",883,"8,265.337","4,89,536.36",49,119,331,0,9,90.615,"6,948.40",34,892,"8,355.952","5,09,288.08","Page 1 of 1     Generated on : 12/03/2025 19:29 PM     2014 NRRDA, All rights reserved"
Pradhan Mantri Gram Sadak Yojana,Monthly Report Format for Physical & Financial Progress under PMGSY,State: Arunachal Pradesh     District: All Districts     Block: All Blocks     Year: 2020     Month: January     Collaboration: All Collaborations     Agency:  Rural Works Department   Scheme: All Scheme,Note : All Costs and Expenditures in Lakhs and Length in Kms.,Clearance,Progress During Month,Cumulative Progress,New Connectivity,Upgradation,Total,New Connectivity,Upgradation,Total,New Connectivity,Upgradation,Total,Sr.No.,Sanction Year,Nos.,Length,Cost,1000+,999-500,499-250 (Eligible),Nos.,Length,Cost,LSB Nos.,Road Nos.,Road Length,Cost,Funds Released,Nos.,Length,Expenditure,1000+,999-500,499-250 (Eligible),Nos.,Length,Expenditure,Nos.,Length,Expenditure,Nos.,Length,Expenditure,1000+,999-500,499-250 (Eligible),Nos.,Length,Expenditure,LSB Nos.,Road Nos.,Road Length,Expenditure,Kamale,2007 - 2008,1,17.200,"1,056.94",0,0,1,0,0,0.000,0.00,0,1,17.200,"1,056.94",0.00,0,0.000,"1,004.09",0,0,0,0,0,0.000,0.00,0,0.000,"1,004.09",1,17.200,"1,004.09",0,0,1,0,0,0.000,0.00,0,1,17.200,"1,004.09",Total,23,262.340,"17,940.26",0,0,7,0,6,86.620,"7,015.02",5,29,348.960,"24,955.28",0.00,0,11.500,"7,215.36",0,0,0,0,0,2.500,0.00,0,14.000,"8,392.98",13,139.290,"7,215.36",0,0,3,0,0,2.500,0.00,0,13,141.790,"8,392.98",Grand Total,"1,387","14,515.167","11,73,314.32",49,126,466,0,276,"2,265.694","2,16,564.43",303,"1,663","16,780.861","13,89,878.75",0.00,3,178.791,"4,73,770.52",0,0,3,0,0,10.600,"6,077.44",3,189.391,"4,92,131.11",883,"8,265.337","4,89,536.36",49,119,331,0,9,90.615,"6,948.40",34,892,"8,355.952","5,09,288.08","Page 1 of 1     Generated on : 12/03/2025 19:29 PM     2014 NRRDA, All rights reserved"
Pradhan Mantri Gram Sadak Yojana,Monthly Report Format for Physical & Financial Progress under PMGSY,State: Arunachal Pradesh     District: All Districts     Block: All Blocks     Year: 2020     Month: January     Collaboration: All Collaborations     Agency:  Rural Works Department   Scheme: All Scheme,Note : All Costs and Expenditures in Lakhs and Length in Kms.,Clearance,Progress During Month,Cumulative Progress,New Connectivity,Upgradation,Total,New Connectivity,Upgradation,Total,New Connectivity,Upgradation,Total,Sr.No.,Sanction Year,Nos.,Length,Cost,1000+,999-500,499-250 (Eligible),Nos.,Length,Cost,LSB Nos.,Road Nos.,Road Length,Cost,Funds Released,Nos.,Length,Expenditure,1000+,999-500,499-250 (Eligible),Nos.,Length,Expenditure,Nos.,Length,Expenditure,Nos.,Length,Expenditure,1000+,999-500,499-250 (Eligible),Nos.,Length,Expenditure,LSB Nos.,Road Nos.,Road Length,Expenditure,Kamale,2013 - 2014,1,7.500,444.93,0,0,1,0,0,0.000,0.00,0,1,7.500,444.93,0.00,0,0.000,438.02,0,0,0,0,0,0.000,0.00,0,0.000,438.02,1,7.500,438.02,0,0,1,0,0,0.000,0.00,0,1,7.500,438.02,Total,23,262.340,"17,940.26",0,0,7,0,6,86.620,"7,015.02",5,29,348.960,"24,955.28",0.00,0,11.500,"7,215.36",0,0,0,0,0,2.500,0.00,0,14.000,"8,392.98",13,139.290,"7,215.36",0,0,3,0,0,2.500,0.00,0,13,141.790,"8,392.98",Grand Total,"1,387","14,515.167","11,73,314.32",49,126,466,0,276,"2,265.694","2,16,564.43",303,"1,663","16,780.861","13,89,878.75",0.00,3,178.791,"4,73,770.52",0,0,3,0,0,10.600,"6,077.44",3,189.391,"4,92,131.11",883,"8,265.337","4,89,536.36",49,119,331,0,9,90.615,"6,948.40",34,892,"8,355.952","5,09,288.08","Page 1 of 1     Generated on : 12/03/2025 19:29 PM     2014 NRRDA, All rights reserved"
Pradhan Mantri Gram Sadak Yojana,Monthly Report Format for Physical & Financial Progress under PMGSY,State: Arunachal Pradesh     District: All Districts     Block: All Blocks     Year: 2020     Month: January     Collaboration: All Collaborations     Agency:  Rural Works Department   Scheme: All Scheme,Note : All Costs and Expenditures in Lakhs and Length in Kms.,Clearance,Progress During Month,Cumulative Progress,New Connectivity,Upgradation,Total,New Connectivity,Upgradation,Total,New Connectivity,Upgradation,Total,Sr.No.,Sanction Year,Nos.,Length,Cost,1000+,999-500,499-250 (Eligible),Nos.,Length,Cost,LSB Nos.,Road Nos.,Road Length,Cost,Funds Released,Nos.,Length,Expenditure,1000+,999-500,499-250 (Eligible),Nos.,Length,Expenditure,Nos.,Length,Expenditure,Nos.,Length,Expenditure,1000+,999-500,499-250 (Eligible),Nos.,Length,Expenditure,LSB Nos.,Road Nos.,Road Length,Expenditure,Kamale,2016 - 2017,3,54.200,"3,534.04",0,0,2,0,0,0.000,0.00,1,3,54.200,"3,534.04",0.00,0,0.000,"2,251.90",0,0,0,0,0,0.000,0.00,0,0.000,"3,146.64",2,54.400,"2,251.90",0,0,1,0,0,0.000,0.00,0,2,54.400,"3,146.64",Total,23,262.340,"17,940.26",0,0,7,0,6,86.620,"7,015.02",5,29,348.960,"24,955.28",0.00,0,11.500,"7,215.36",0,0,0,0,0,2.500,0.00,0,14.000,"8,392.98",13,139.290,"7,215.36",0,0,3,0,0,2.500,0.00,0,13,141.790,"8,392.98",Grand Total,"1,387","14,515.167","11,73,314.32",49,126,466,0,276,"2,265.694","2,16,564.43",303,"1,663","16,780.861","13,89,878.75",0.00,3,178.791,"4,73,770.52",0,0,3,0,0,10.600,"6,077.44",3,189.391,"4,92,131.11",883,"8,265.337","4,89,536.36",49,119,331,0,9,90.615,"6,948.40",34,892,"8,355.952","5,09,288.08","Page 1 of 1     Generated on : 12/03/2025 19:29 PM     2014 NRRDA, All rights reserved"
Pradhan Mantri Gram Sadak Yojana,Monthly Report Format for Physical & Financial Progress under PMGSY,State: Arunachal Pradesh     District: All Districts     Block: All Blocks     Year: 2020     Month: January     Collaboration: All Collaborations     Agency:  Rural Works Department   Scheme: All Scheme,Note : All Costs and Expenditures in Lakhs and Length in Kms.,Clearance,Progress During Month,Cumulative Progress,New Connectivity,Upgradation,Total,New Connectivity,Upgradation,Total,New Connectivity,Upgradation,Total,Sr.No.,Sanction Year,Nos.,Length,Cost,1000+,999-500,499-250 (Eligible),Nos.,Length,Cost,LSB Nos.,Road Nos.,Road Length,Cost,Funds Released,Nos.,Length,Expenditure,1000+,999-500,499-250 (Eligible),Nos.,Length,Expenditure,Nos.,Length,Expenditure,Nos.,Length,Expenditure,1000+,999-500,499-250 (Eligible),Nos.,Length,Expenditure,LSB Nos.,Road Nos.,Road Length,Expenditure,Kamale,2018 - 2019,9,134.750,"11,732.90",0,0,3,0,1,44.820,"3,269.23",4,10,179.570,"15,002.13",0.00,0,11.500,"2,374.55",0,0,0,0,0,2.500,0.00,0,14.000,"2,657.43",0,11.500,"2,374.55",0,0,0,0,0,2.500,0.00,0,0,14.000,"2,657.43",Total,23,262.340,"17,940.26",0,0,7,0,6,86.620,"7,015.02",5,29,348.960,"24,955.28",0.00,0,11.500,"7,215.36",0,0,0,0,0,2.500,0.00,0,14.000,"8,392.98",13,139.290,"7,215.36",0,0,3,0,0,2.500,0.00,0,13,141.790,"8,392.98",Grand Total,"1,387","14,515.167","11,73,314.32",49,126,466,0,276,"2,265.694","2,16,564.43",303,"1,663","16,780.861","13,89,878.75",0.00,3,178.791,"4,73,770.52",0,0,3,0,0,10.600,"6,077.44",3,189.391,"4,92,131.11",883,"8,265.337","4,89,536.36",49,119,331,0,9,90.615,"6,948.40",34,892,"8,355.952","5,09,288.08","Page 1 of 1     Generated on : 12/03/2025 19:29 PM     2014 NRRDA, All rights reserved"
Pradhan Mantri Gram Sadak Yojana,Monthly Report Format for Physical & Financial Progress under PMGSY,State: Arunachal Pradesh     District: All Districts     Block: All Blocks     Year: 2020     Month: January     Collaboration: All Collaborations     Agency:  Rural Works Department   Scheme: All Scheme,Note : All Costs and Expenditures in Lakhs and Length in Kms.,Clearance,Progress During Month,Cumulative Progress,New Connectivity,Upgradation,Total,New Connectivity,Upgradation,Total,New Connectivity,Upgradation,Total,Sr.No.,Sanction Year,Nos.,Length,Cost,1000+,999-500,499-250 (Eligible),Nos.,Length,Cost,LSB Nos.,Road Nos.,Road Length,Cost,Funds Released,Nos.,Length,Expenditure,1000+,999-500,499-250 (Eligible),Nos.,Length,Expenditure,Nos.,Length,Expenditure,Nos.,Length,Expenditure,1000+,999-500,499-250 (Eligible),Nos.,Length,Expenditure,LSB Nos.,Road Nos.,Road Length,Expenditure,Kamale,2019 - 2020,0,0.000,0.00,0,0,0,0,3,29.500,"2,807.93",0,3,29.500,"2,807.93",0.00,0,0.000,0.00,0,0,0,0,0,0.000,0.00,0,0.000,0.00,0,0.000,,0,0,0,0,0,0.000,0.00,0,0,0.000,0.00,Total,23,262.340,"17,940.26",0,0,7,0,6,86.620,"7,015.02",5,29,348.960,"24,955.28",0.00,0,11.500,"7,215.36",0,0,0,0,0,2.500,0.00,0,14.000,"8,392.98",13,139.290,"7,215.36",0,0,3,0,0,2.500,0.00,0,13,141.790,"8,392.98",Grand Total,"1,387","14,515.167","11,73,314.32",49,126,466,0,276,"2,265.694","2,16,564.43",303,"1,663","16,780.861","13,89,878.75",0.00,3,178.791,"4,73,770.52",0,0,3,0,0,10.600,"6,077.44",3,189.391,"4,92,131.11",883,"8,265.337","4,89,536.36",49,119,331,0,9,90.615,"6,948.40",34,892,"8,355.952","5,09,288.08","Page 1 of 1     Generated on : 12/03/2025 19:29 PM     2014 NRRDA, All rights reserved"
Pradhan Mantri Gram Sadak Yojana,Monthly Report Format for Physical & Financial Progress under PMGSY,State: Arunachal Pradesh     District: All Districts     Block: All Blocks     Year: 2020     Month: January     Collaboration: All Collaborations     Agency:  Rural Works Department   Scheme: All Scheme,Note : All Costs and Expenditures in Lakhs and Length in Kms.,Clearance,Progress During Month,Cumulative Progress,New Connectivity,Upgradation,Total,New Connectivity,Upgradation,Total,New Connectivity,Upgradation,Total,Sr.No.,Sanction Year,Nos.,Length,Cost,1000+,999-500,499-250 (Eligible),Nos.,Length,Cost,LSB Nos.,Road Nos.,Road Length,Cost,Funds Released,Nos.,Length,Expenditure,1000+,999-500,499-250 (Eligible),Nos.,Length,Expenditure,Nos.,Length,Expenditure,Nos.,Length,Expenditure,1000+,999-500,499-250 (Eligible),Nos.,Length,Expenditure,LSB Nos.,Road Nos.,Road Length,Expenditure,Kamale,2023 - 2024,0,0.000,0.00,0,0,0,0,2,12.300,937.86,0,2,12.300,937.86,0.00,0,0.000,0.00,0,0,0,0,0,0.000,0.00,0,0.000,0.00,0,0.000,,0,0,0,0,0,0.000,0.00,0,0,0.000,0.00,Total,23,262.340,"17,940.26",0,0,7,0,6,86.620,"7,015.02",5,29,348.960,"24,955.28",0.00,0,11.500,"7,215.36",0,0,0,0,0,2.500,0.00,0,14.000,"8,392.98",13,139.290,"7,215.36",0,0,3,0,0,2.500,0.00,0,13,141.790,"8,392.98",Grand Total,"1,387","14,515.167","11,73,314.32",49,126,466,0,276,"2,265.694","2,16,564.43",303,"1,663","16,780.861","13,89,878.75",0.00,3,178.791,"4,73,770.52",0,0,3,0,0,10.600,"6,077.44",3,189.391,"4,92,131.11",883,"8,265.337","4,89,536.36",49,119,331,0,9,90.615,"6,948.40",34,892,"8,355.952","5,09,288.08","Page 1 of 1     Generated on : 12/03/2025 19:29 PM     2014 NRRDA, All rights reserved"
Pradhan Mantri Gram Sadak Yojana,Monthly Report Format for Physical & Financial Progress under PMGSY,State: Arunachal Pradesh     District: All Districts     Block: All Blocks     Year: 2020     Month: January     Collaboration: All Collaborations     Agency:  Rural Works Department   Scheme: All Scheme,Note : All Costs and Expenditures in Lakhs and Length in Kms.,Clearance,Progress During Month,Cumulative Progress,New Connectivity,Upgradation,Total,New Connectivity,Upgradation,Total,New Connectivity,Upgradation,Total,Sr.No.,Sanction Year,Nos.,Length,Cost,1000+,999-500,499-250 (Eligible),Nos.,Length,Cost,LSB Nos.,Road Nos.,Road Length,Cost,Funds Released,Nos.,Length,Expenditure,1000+,999-500,499-250 (Eligible),Nos.,Length,Expenditure,Nos.,Length,Expenditure,Nos.,Length,Expenditure,1000+,999-500,499-250 (Eligible),Nos.,Length,Expenditure,LSB Nos.,Road Nos.,Road Length,Expenditure,Kra Daadi,2000 - 2001,6,7.960,115.77,0,0,1,0,0,0.000,0.00,0,6,7.960,115.77,0.00,0,0.000,115.77,0,0,0,0,0,0.000,0.00,0,0.000,115.77,6,7.960,115.77,0,0,1,0,0,0.000,0.00,0,6,7.960,115.77,Total,52,"1,217.202","1,12,002.48",0,3,17,0,13,101.400,"10,705.97",22,65,"1,318.602","1,22,708.45",0.00,0,0.000,"37,834.85",0,0,0,0,0,0.000,218.13,0,0.000,"38,852.91",20,477.290,"38,778.85",0,1,8,0,0,1.200,494.08,3,20,478.490,"40,072.86",Grand Total,"1,387","14,515.167","11,73,314.32",49,126,466,0,276,"2,265.694","2,16,564.43",303,"1,663","16,780.861","13,89,878.75",0.00,3,178.791,"4,73,770.52",0,0,3,0,0,10.600,"6,077.44",3,189.391,"4,92,131.11",883,"8,265.337","4,89,536.36",49,119,331,0,9,90.615,"6,948.40",34,892,"8,355.952","5,09,288.08","Page 1 of 1     Generated on : 12/03/2025 19:29 PM     2014 NRRDA, All rights reserved"
Pradhan Mantri Gram Sadak Yojana,Monthly Report Format for Physical & Financial Progress under PMGSY,State: Arunachal Pradesh     District: All Districts     Block: All Blocks     Year: 2020     Month: January     Collaboration: All Collaborations     Agency:  Rural Works Department   Scheme: All Scheme,Note : All Costs and Expenditures in Lakhs and Length in Kms.,Clearance,Progress During Month,Cumulative Progress,New Connectivity,Upgradation,Total,New Connectivity,Upgradation,Total,New Connectivity,Upgradation,Total,Sr.No.,Sanction Year,Nos.,Length,Cost,1000+,999-500,499-250 (Eligible),Nos.,Length,Cost,LSB Nos.,Road Nos.,Road Length,Cost,Funds Released,Nos.,Length,Expenditure,1000+,999-500,499-250 (Eligible),Nos.,Length,Expenditure,Nos.,Length,Expenditure,Nos.,Length,Expenditure,1000+,999-500,499-250 (Eligible),Nos.,Length,Expenditure,LSB Nos.,Road Nos.,Road Length,Expenditure,Kra Daadi,2001 - 2002,3,24.010,362.83,0,0,0,0,0,0.000,0.00,0,3,24.010,362.83,0.00,0,0.000,361.72,0,0,0,0,0,0.000,0.00,0,0.000,361.72,3,24.010,361.72,0,0,0,0,0,0.000,0.00,0,3,24.010,361.72,Total,52,"1,217.202","1,12,002.48",0,3,17,0,13,101.400,"10,705.97",22,65,"1,318.602","1,22,708.45",0.00,0,0.000,"37,834.85",0,0,0,0,0,0.000,218.13,0,0.000,"38,852.91",20,477.290,"38,778.85",0,1,8,0,0,1.200,494.08,3,20,478.490,"40,072.86",Grand Total,"1,387","14,515.167","11,73,314.32",49,126,466,0,276,"2,265.694","2,16,564.43",303,"1,663","16,780.861","13,89,878.75",0.00,3,178.791,"4,73,770.52",0,0,3,0,0,10.600,"6,077.44",3,189.391,"4,92,131.11",883,"8,265.337","4,89,536.36",49,119,331,0,9,90.615,"6,948.40",34,892,"8,355.952","5,09,288.08","Page 1 of 1     Generated on : 12/03/2025 19:29 PM     2014 NRRDA, All rights reserved"
Pradhan Mantri Gram Sadak Yojana,Monthly Report Format for Physical & Financial Progress under PMGSY,State: Arunachal Pradesh     District: All Districts     Block: All Blocks     Year: 2020     Month: January     Collaboration: All Collaborations     Agency:  Rural Works Department   Scheme: All Scheme,Note : All Costs and Expenditures in Lakhs and Length in Kms.,Clearance,Progress During Month,Cumulative Progress,New Connectivity,Upgradation,Total,New Connectivity,Upgradation,Total,New Connectivity,Upgradation,Total,Sr.No.,Sanction Year,Nos.,Length,Cost,1000+,999-500,499-250 (Eligible),Nos.,Length,Cost,LSB Nos.,Road Nos.,Road Length,Cost,Funds Released,Nos.,Length,Expenditure,1000+,999-500,499-250 (Eligible),Nos.,Length,Expenditure,Nos.,Length,Expenditure,Nos.,Length,Expenditure,1000+,999-500,499-250 (Eligible),Nos.,Length,Expenditure,LSB Nos.,Road Nos.,Road Length,Expenditure,Kra Daadi,2005 - 2006,1,35.250,"2,098.72",0,1,0,0,0,0.000,0.00,0,1,35.250,"2,098.72",0.00,0,0.000,"2,416.68",0,0,0,0,0,0.000,0.00,0,0.000,"2,416.68",1,35.250,"2,416.68",0,1,0,0,0,0.000,0.00,0,1,35.250,"2,416.68",Total,52,"1,217.202","1,12,002.48",0,3,17,0,13,101.400,"10,705.97",22,65,"1,318.602","1,22,708.45",0.00,0,0.000,"37,834.85",0,0,0,0,0,0.000,218.13,0,0.000,"38,852.91",20,477.290,"38,778.85",0,1,8,0,0,1.200,494.08,3,20,478.490,"40,072.86",Grand Total,"1,387","14,515.167","11,73,314.32",49,126,466,0,276,"2,265.694","2,16,564.43",303,"1,663","16,780.861","13,89,878.75",0.00,3,178.791,"4,73,770.52",0,0,3,0,0,10.600,"6,077.44",3,189.391,"4,92,131.11",883,"8,265.337","4,89,536.36",49,119,331,0,9,90.615,"6,948.40",34,892,"8,355.952","5,09,288.08","Page 1 of 1     Generated on : 12/03/2025 19:29 PM     2014 NRRDA, All rights reserved"
Pradhan Mantri Gram Sadak Yojana,Monthly Report Format for Physical & Financial Progress under PMGSY,State: Arunachal Pradesh     District: All Districts     Block: All Blocks     Year: 2020     Month: January     Collaboration: All Collaborations     Agency:  Rural Works Department   Scheme: All Scheme,Note : All Costs and Expenditures in Lakhs and Length in Kms.,Clearance,Progress During Month,Cumulative Progress,New Connectivity,Upgradation,Total,New Connectivity,Upgradation,Total,New Connectivity,Upgradation,Total,Sr.No.,Sanction Year,Nos.,Length,Cost,1000+,999-500,499-250 (Eligible),Nos.,Length,Cost,LSB Nos.,Road Nos.,Road Length,Cost,Funds Released,Nos.,Length,Expenditure,1000+,999-500,499-250 (Eligible),Nos.,Length,Expenditure,Nos.,Length,Expenditure,Nos.,Length,Expenditure,1000+,999-500,499-250 (Eligible),Nos.,Length,Expenditure,LSB Nos.,Road Nos.,Road Length,Expenditure,Kra Daadi,2007 - 2008,2,16.020,786.29,0,0,0,0,0,0.000,0.00,0,2,16.020,786.29,0.00,0,0.000,786.11,0,0,0,0,0,0.000,0.00,0,0.000,786.11,2,16.020,786.11,0,0,0,0,0,0.000,0.00,0,2,16.020,786.11,Total,52,"1,217.202","1,12,002.48",0,3,17,0,13,101.400,"10,705.97",22,65,"1,318.602","1,22,708.45",0.00,0,0.000,"37,834.85",0,0,0,0,0,0.000,218.13,0,0.000,"38,852.91",20,477.290,"38,778.85",0,1,8,0,0,1.200,494.08,3,20,478.490,"40,072.86",Grand Total,"1,387","14,515.167","11,73,314.32",49,126,466,0,276,"2,265.694","2,16,564.43",303,"1,663","16,780.861","13,89,878.75",0.00,3,178.791,"4,73,770.52",0,0,3,0,0,10.600,"6,077.44",3,189.391,"4,92,131.11",883,"8,265.337","4,89,536.36",49,119,331,0,9,90.615,"6,948.40",34,892,"8,355.952","5,09,288.08","Page 1 of 1     Generated on : 12/03/2025 19:29 PM     2014 NRRDA, All rights reserved"
Pradhan Mantri Gram Sadak Yojana,Monthly Report Format for Physical & Financial Progress under PMGSY,State: Arunachal Pradesh     District: All Districts     Block: All Blocks     Year: 2020     Month: January     Collaboration: All Collaborations     Agency:  Rural Works Department   Scheme: All Scheme,Note : All Costs and Expenditures in Lakhs and Length in Kms.,Clearance,Progress During Month,Cumulative Progress,New Connectivity,Upgradation,Total,New Connectivity,Upgradation,Total,New Connectivity,Upgradation,Total,Sr.No.,Sanction Year,Nos.,Length,Cost,1000+,999-500,499-250 (Eligible),Nos.,Length,Cost,LSB Nos.,Road Nos.,Road Length,Cost,Funds Released,Nos.,Length,Expenditure,1000+,999-500,499-250 (Eligible),Nos.,Length,Expenditure,Nos.,Length,Expenditure,Nos.,Length,Expenditure,1000+,999-500,499-250 (Eligible),Nos.,Length,Expenditure,LSB Nos.,Road Nos.,Road Length,Expenditure,Kra Daadi,2008 - 2009,1,38.290,"2,905.80",0,0,1,0,0,0.000,0.00,0,1,38.290,"2,905.80",0.00,0,0.000,"2,905.68",0,0,0,0,0,0.000,0.00,0,0.000,"2,905.68",1,38.290,"2,905.68",0,0,1,0,0,0.000,0.00,0,1,38.290,"2,905.68",Total,52,"1,217.202","1,12,002.48",0,3,17,0,13,101.400,"10,705.97",22,65,"1,318.602","1,22,708.45",0.00,0,0.000,"37,834.85",0,0,0,0,0,0.000,218.13,0,0.000,"38,852.91",20,477.290,"38,778.85",0,1,8,0,0,1.200,494.08,3,20,478.490,"40,072.86",Grand Total,"1,387","14,515.167","11,73,314.32",49,126,466,0,276,"2,265.694","2,16,564.43",303,"1,663","16,780.861","13,89,878.75",0.00,3,178.791,"4,73,770.52",0,0,3,0,0,10.600,"6,077.44",3,189.391,"4,92,131.11",883,"8,265.337","4,89,536.36",49,119,331,0,9,90.615,"6,948.40",34,892,"8,355.952","5,09,288.08","Page 1 of 1     Generated on : 12/03/2025 19:29 PM     2014 NRRDA, All rights reserved"
Pradhan Mantri Gram Sadak Yojana,Monthly Report Format for Physical & Financial Progress under PMGSY,State: Arunachal Pradesh     District: All Districts     Block: All Blocks     Year: 2020     Month: January     Collaboration: All Collaborations     Agency:  Rural Works Department   Scheme: All Scheme,Note : All Costs and Expenditures in Lakhs and Length in Kms.,Clearance,Progress During Month,Cumulative Progress,New Connectivity,Upgradation,Total,New Connectivity,Upgradation,Total,New Connectivity,Upgradation,Total,Sr.No.,Sanction Year,Nos.,Length,Cost,1000+,999-500,499-250 (Eligible),Nos.,Length,Cost,LSB Nos.,Road Nos.,Road Length,Cost,Funds Released,Nos.,Length,Expenditure,1000+,999-500,499-250 (Eligible),Nos.,Length,Expenditure,Nos.,Length,Expenditure,Nos.,Length,Expenditure,1000+,999-500,499-250 (Eligible),Nos.,Length,Expenditure,LSB Nos.,Road Nos.,Road Length,Expenditure,Kra Daadi,2013 - 2014,4,137.270,"13,847.21",0,0,1,0,0,0.000,0.00,8,4,137.270,"13,847.21",0.00,0,0.000,"11,739.04",0,0,0,0,0,0.000,0.00,0,0.000,"12,418.50",3,136.520,"11,739.04",0,0,1,0,0,0.000,0.00,3,3,136.520,"12,418.50",Total,52,"1,217.202","1,12,002.48",0,3,17,0,13,101.400,"10,705.97",22,65,"1,318.602","1,22,708.45",0.00,0,0.000,"37,834.85",0,0,0,0,0,0.000,218.13,0,0.000,"38,852.91",20,477.290,"38,778.85",0,1,8,0,0,1.200,494.08,3,20,478.490,"40,072.86",Grand Total,"1,387","14,515.167","11,73,314.32",49,126,466,0,276,"2,265.694","2,16,564.43",303,"1,663","16,780.861","13,89,878.75",0.00,3,178.791,"4,73,770.52",0,0,3,0,0,10.600,"6,077.44",3,189.391,"4,92,131.11",883,"8,265.337","4,89,536.36",49,119,331,0,9,90.615,"6,948.40",34,892,"8,355.952","5,09,288.08","Page 1 of 1     Generated on : 12/03/2025 19:29 PM     2014 NRRDA, All rights reserved"
Pradhan Mantri Gram Sadak Yojana,Monthly Report Format for Physical & Financial Progress under PMGSY,State: Arunachal Pradesh     District: All Districts     Block: All Blocks     Year: 2020     Month: January     Collaboration: All Collaborations     Agency:  Rural Works Department   Scheme: All Scheme,Note : All Costs and Expenditures in Lakhs and Length in Kms.,Clearance,Progress During Month,Cumulative Progress,New Connectivity,Upgradation,Total,New Connectivity,Upgradation,Total,New Connectivity,Upgradation,Total,Sr.No.,Sanction Year,Nos.,Length,Cost,1000+,999-500,499-250 (Eligible),Nos.,Length,Cost,LSB Nos.,Road Nos.,Road Length,Cost,Funds Released,Nos.,Length,Expenditure,1000+,999-500,499-250 (Eligible),Nos.,Length,Expenditure,Nos.,Length,Expenditure,Nos.,Length,Expenditure,1000+,999-500,499-250 (Eligible),Nos.,Length,Expenditure,LSB Nos.,Road Nos.,Road Length,Expenditure,Kra Daadi,2016 - 2017,7,121.100,"9,683.66",0,0,7,0,0,0.000,0.00,0,7,121.100,"9,683.66",0.00,0,0.000,"6,594.57",0,0,0,0,0,0.000,0.00,0,0.000,"6,594.57",4,106.640,"6,594.57",0,0,5,0,0,0.000,0.00,0,4,106.640,"6,594.57",Total,52,"1,217.202","1,12,002.48",0,3,17,0,13,101.400,"10,705.97",22,65,"1,318.602","1,22,708.45",0.00,0,0.000,"37,834.85",0,0,0,0,0,0.000,218.13,0,0.000,"38,852.91",20,477.290,"38,778.85",0,1,8,0,0,1.200,494.08,3,20,478.490,"40,072.86",Grand Total,"1,387","14,515.167","11,73,314.32",49,126,466,0,276,"2,265.694","2,16,564.43",303,"1,663","16,780.861","13,89,878.75",0.00,3,178.791,"4,73,770.52",0,0,3,0,0,10.600,"6,077.44",3,189.391,"4,92,131.11",883,"8,265.337","4,89,536.36",49,119,331,0,9,90.615,"6,948.40",34,892,"8,355.952","5,09,288.08","Page 1 of 1     Generated on : 12/03/2025 19:29 PM     2014 NRRDA, All rights reserved"
Pradhan Mantri Gram Sadak Yojana,Monthly Report Format for Physical & Financial Progress under PMGSY,State: Arunachal Pradesh     District: All Districts     Block: All Blocks     Year: 2020     Month: January     Collaboration: All Collaborations     Agency:  Rural Works Department   Scheme: All Scheme,Note : All Costs and Expenditures in Lakhs and Length in Kms.,Clearance,Progress During Month,Cumulative Progress,New Connectivity,Upgradation,Total,New Connectivity,Upgradation,Total,New Connectivity,Upgradation,Total,Sr.No.,Sanction Year,Nos.,Length,Cost,1000+,999-500,499-250 (Eligible),Nos.,Length,Cost,LSB Nos.,Road Nos.,Road Length,Cost,Funds Released,Nos.,Length,Expenditure,1000+,999-500,499-250 (Eligible),Nos.,Length,Expenditure,Nos.,Length,Expenditure,Nos.,Length,Expenditure,1000+,999-500,499-250 (Eligible),Nos.,Length,Expenditure,LSB Nos.,Road Nos.,Road Length,Expenditure,Kra Daadi,2017 - 2018,3,114.220,"12,044.44",0,2,1,0,0,0.000,0.00,3,3,114.220,"12,044.44",0.00,0,0.000,"4,295.83",0,0,0,0,0,0.000,0.00,0,0.000,"4,295.83",0,89.700,"4,582.04",0,0,0,0,0,0.000,0.00,0,0,89.700,"4,582.04",Total,52,"1,217.202","1,12,002.48",0,3,17,0,13,101.400,"10,705.97",22,65,"1,318.602","1,22,708.45",0.00,0,0.000,"37,834.85",0,0,0,0,0,0.000,218.13,0,0.000,"38,852.91",20,477.290,"38,778.85",0,1,8,0,0,1.200,494.08,3,20,478.490,"40,072.86",Grand Total,"1,387","14,515.167","11,73,314.32",49,126,466,0,276,"2,265.694","2,16,564.43",303,"1,663","16,780.861","13,89,878.75",0.00,3,178.791,"4,73,770.52",0,0,3,0,0,10.600,"6,077.44",3,189.391,"4,92,131.11",883,"8,265.337","4,89,536.36",49,119,331,0,9,90.615,"6,948.40",34,892,"8,355.952","5,09,288.08","Page 1 of 1     Generated on : 12/03/2025 19:29 PM     2014 NRRDA, All rights reserved"
Pradhan Mantri Gram Sadak Yojana,Monthly Report Format for Physical & Financial Progress under PMGSY,State: Arunachal Pradesh     District: All Districts     Block: All Blocks     Year: 2020     Month: January     Collaboration: All Collaborations     Agency:  Rural Works Department   Scheme: All Scheme,Note : All Costs and Expenditures in Lakhs and Length in Kms.,Clearance,Progress During Month,Cumulative Progress,New Connectivity,Upgradation,Total,New Connectivity,Upgradation,Total,New Connectivity,Upgradation,Total,Sr.No.,Sanction Year,Nos.,Length,Cost,1000+,999-500,499-250 (Eligible),Nos.,Length,Cost,LSB Nos.,Road Nos.,Road Length,Cost,Funds Released,Nos.,Length,Expenditure,1000+,999-500,499-250 (Eligible),Nos.,Length,Expenditure,Nos.,Length,Expenditure,Nos.,Length,Expenditure,1000+,999-500,499-250 (Eligible),Nos.,Length,Expenditure,LSB Nos.,Road Nos.,Road Length,Expenditure,Kra Daadi,2018 - 2019,21,631.522,"49,583.26",0,0,6,0,1,16.000,"1,189.13",7,22,647.522,"50,772.39",0.00,0,0.000,"8,619.45",0,0,0,0,0,0.000,218.13,0,0.000,"8,958.05",0,22.900,"9,277.24",0,0,0,0,0,1.200,494.08,0,0,24.100,"9,891.79",Total,52,"1,217.202","1,12,002.48",0,3,17,0,13,101.400,"10,705.97",22,65,"1,318.602","1,22,708.45",0.00,0,0.000,"37,834.85",0,0,0,0,0,0.000,218.13,0,0.000,"38,852.91",20,477.290,"38,778.85",0,1,8,0,0,1.200,494.08,3,20,478.490,"40,072.86",Grand Total,"1,387","14,515.167","11,73,314.32",49,126,466,0,276,"2,265.694","2,16,564.43",303,"1,663","16,780.861","13,89,878.75",0.00,3,178.791,"4,73,770.52",0,0,3,0,0,10.600,"6,077.44",3,189.391,"4,92,131.11",883,"8,265.337","4,89,536.36",49,119,331,0,9,90.615,"6,948.40",34,892,"8,355.952","5,09,288.08","Page 1 of 1     Generated on : 12/03/2025 19:29 PM     2014 NRRDA, All rights reserved"
Pradhan Mantri Gram Sadak Yojana,Monthly Report Format for Physical & Financial Progress under PMGSY,State: Arunachal Pradesh     District: All Districts     Block: All Blocks     Year: 2020     Month: January     Collaboration: All Collaborations     Agency:  Rural Works Department   Scheme: All Scheme,Note : All Costs and Expenditures in Lakhs and Length in Kms.,Clearance,Progress During Month,Cumulative Progress,New Connectivity,Upgradation,Total,New Connectivity,Upgradation,Total,New Connectivity,Upgradation,Total,Sr.No.,Sanction Year,Nos.,Length,Cost,1000+,999-500,499-250 (Eligible),Nos.,Length,Cost,LSB Nos.,Road Nos.,Road Length,Cost,Funds Released,Nos.,Length,Expenditure,1000+,999-500,499-250 (Eligible),Nos.,Length,Expenditure,Nos.,Length,Expenditure,Nos.,Length,Expenditure,1000+,999-500,499-250 (Eligible),Nos.,Length,Expenditure,LSB Nos.,Road Nos.,Road Length,Expenditure,Kra Daadi,2019 - 2020,0,0.000,0.00,0,0,0,0,2,11.000,"1,060.34",0,2,11.000,"1,060.34",0.00,0,0.000,0.00,0,0,0,0,0,0.000,0.00,0,0.000,0.00,0,0.000,,0,0,0,0,0,0.000,0.00,0,0,0.000,0.00,Total,52,"1,217.202","1,12,002.48",0,3,17,0,13,101.400,"10,705.97",22,65,"1,318.602","1,22,708.45",0.00,0,0.000,"37,834.85",0,0,0,0,0,0.000,218.13,0,0.000,"38,852.91",20,477.290,"38,778.85",0,1,8,0,0,1.200,494.08,3,20,478.490,"40,072.86",Grand Total,"1,387","14,515.167","11,73,314.32",49,126,466,0,276,"2,265.694","2,16,564.43",303,"1,663","16,780.861","13,89,878.75",0.00,3,178.791,"4,73,770.52",0,0,3,0,0,10.600,"6,077.44",3,189.391,"4,92,131.11",883,"8,265.337","4,89,536.36",49,119,331,0,9,90.615,"6,948.40",34,892,"8,355.952","5,09,288.08","Page 1 of 1     Generated on : 12/03/2025 19:29 PM     2014 NRRDA, All rights reserved"
Pradhan Mantri Gram Sadak Yojana,Monthly Report Format for Physical & Financial Progress under PMGSY,State: Arunachal Pradesh     District: All Districts     Block: All Blocks     Year: 2020     Month: January     Collaboration: All Collaborations     Agency:  Rural Works Department   Scheme: All Scheme,Note : All Costs and Expenditures in Lakhs and Length in Kms.,Clearance,Progress During Month,Cumulative Progress,New Connectivity,Upgradation,Total,New Connectivity,Upgradation,Total,New Connectivity,Upgradation,Total,Sr.No.,Sanction Year,Nos.,Length,Cost,1000+,999-500,499-250 (Eligible),Nos.,Length,Cost,LSB Nos.,Road Nos.,Road Length,Cost,Funds Released,Nos.,Length,Expenditure,1000+,999-500,499-250 (Eligible),Nos.,Length,Expenditure,Nos.,Length,Expenditure,Nos.,Length,Expenditure,1000+,999-500,499-250 (Eligible),Nos.,Length,Expenditure,LSB Nos.,Road Nos.,Road Length,Expenditure,Kra Daadi,2023 - 2024,4,91.560,"20,574.50",0,0,0,0,2,14.000,"1,214.05",0,6,105.560,"21,788.55",0.00,0,0.000,0.00,0,0,0,0,0,0.000,0.00,0,0.000,0.00,0,0.000,,0,0,0,0,0,0.000,0.00,0,0,0.000,0.00,Total,52,"1,217.202","1,12,002.48",0,3,17,0,13,101.400,"10,705.97",22,65,"1,318.602","1,22,708.45",0.00,0,0.000,"37,834.85",0,0,0,0,0,0.000,218.13,0,0.000,"38,852.91",20,477.290,"38,778.85",0,1,8,0,0,1.200,494.08,3,20,478.490,"40,072.86",Grand Total,"1,387","14,515.167","11,73,314.32",49,126,466,0,276,"2,265.694","2,16,564.43",303,"1,663","16,780.861","13,89,878.75",0.00,3,178.791,"4,73,770.52",0,0,3,0,0,10.600,"6,077.44",3,189.391,"4,92,131.11",883,"8,265.337","4,89,536.36",49,119,331,0,9,90.615,"6,948.40",34,892,"8,355.952","5,09,288.08","Page 1 of 1     Generated on : 12/03/2025 19:29 PM     2014 NRRDA, All rights reserved"
Pradhan Mantri Gram Sadak Yojana,Monthly Report Format for Physical & Financial Progress under PMGSY,State: Arunachal Pradesh     District: All Districts     Block: All Blocks     Year: 2020     Month: January     Collaboration: All Collaborations     Agency:  Rural Works Department   Scheme: All Scheme,Note : All Costs and Expenditures in Lakhs and Length in Kms.,Clearance,Progress During Month,Cumulative Progress,New Connectivity,Upgradation,Total,New Connectivity,Upgradation,Total,New Connectivity,Upgradation,Total,Sr.No.,Sanction Year,Nos.,Length,Cost,1000+,999-500,499-250 (Eligible),Nos.,Length,Cost,LSB Nos.,Road Nos.,Road Length,Cost,Funds Released,Nos.,Length,Expenditure,1000+,999-500,499-250 (Eligible),Nos.,Length,Expenditure,Nos.,Length,Expenditure,Nos.,Length,Expenditure,1000+,999-500,499-250 (Eligible),Nos.,Length,Expenditure,LSB Nos.,Road Nos.,Road Length,Expenditure,Kra Daadi,2024 - 2025,0,0.000,0.00,0,0,0,0,8,60.400,"7,242.45",4,8,60.400,"7,242.45",0.00,0,0.000,0.00,0,0,0,0,0,0.000,0.00,0,0.000,0.00,0,0.000,,0,0,0,0,0,0.000,0.00,0,0,0.000,0.00,Total,52,"1,217.202","1,12,002.48",0,3,17,0,13,101.400,"10,705.97",22,65,"1,318.602","1,22,708.45",0.00,0,0.000,"37,834.85",0,0,0,0,0,0.000,218.13,0,0.000,"38,852.91",20,477.290,"38,778.85",0,1,8,0,0,1.200,494.08,3,20,478.490,"40,072.86",Grand Total,"1,387","14,515.167","11,73,314.32",49,126,466,0,276,"2,265.694","2,16,564.43",303,"1,663","16,780.861","13,89,878.75",0.00,3,178.791,"4,73,770.52",0,0,3,0,0,10.600,"6,077.44",3,189.391,"4,92,131.11",883,"8,265.337","4,89,536.36",49,119,331,0,9,90.615,"6,948.40",34,892,"8,355.952","5,09,288.08","Page 1 of 1     Generated on : 12/03/2025 19:29 PM     2014 NRRDA, All rights reserved"
Pradhan Mantri Gram Sadak Yojana,Monthly Report Format for Physical & Financial Progress under PMGSY,State: Arunachal Pradesh     District: All Districts     Block: All Blocks     Year: 2020     Month: January     Collaboration: All Collaborations     Agency:  Rural Works Department   Scheme: All Scheme,Note : All Costs and Expenditures in Lakhs and Length in Kms.,Clearance,Progress During Month,Cumulative Progress,New Connectivity,Upgradation,Total,New Connectivity,Upgradation,Total,New Connectivity,Upgradation,Total,Sr.No.,Sanction Year,Nos.,Length,Cost,1000+,999-500,499-250 (Eligible),Nos.,Length,Cost,LSB Nos.,Road Nos.,Road Length,Cost,Funds Released,Nos.,Length,Expenditure,1000+,999-500,499-250 (Eligible),Nos.,Length,Expenditure,Nos.,Length,Expenditure,Nos.,Length,Expenditure,1000+,999-500,499-250 (Eligible),Nos.,Length,Expenditure,LSB Nos.,Road Nos.,Road Length,Expenditure,Kurung Kumey,2000 - 2001,6,8.560,122.24,0,0,0,0,0,0.000,0.00,0,6,8.560,122.24,0.00,0,0.000,122.24,0,0,0,0,0,0.000,0.00,0,0.000,122.24,6,8.560,122.24,0,0,0,0,0,0.000,0.00,0,6,8.560,122.24,Total,87,"1,195.289","1,41,741.72",0,3,24,0,8,112.500,"9,674.30",31,95,"1,307.789","1,51,416.02",0.00,0,0.000,"26,220.87",0,0,0,0,0,0.000,0.00,0,0.000,"26,220.87",25,353.759,"27,889.70",0,2,10,0,0,0.000,0.00,0,25,353.759,"28,197.84",Grand Total,"1,387","14,515.167","11,73,314.32",49,126,466,0,276,"2,265.694","2,16,564.43",303,"1,663","16,780.861","13,89,878.75",0.00,3,178.791,"4,73,770.52",0,0,3,0,0,10.600,"6,077.44",3,189.391,"4,92,131.11",883,"8,265.337","4,89,536.36",49,119,331,0,9,90.615,"6,948.40",34,892,"8,355.952","5,09,288.08","Page 1 of 1     Generated on : 12/03/2025 19:29 PM     2014 NRRDA, All rights reserved"
Pradhan Mantri Gram Sadak Yojana,Monthly Report Format for Physical & Financial Progress under PMGSY,State: Arunachal Pradesh     District: All Districts     Block: All Blocks     Year: 2020     Month: January     Collaboration: All Collaborations     Agency:  Rural Works Department   Scheme: All Scheme,Note : All Costs and Expenditures in Lakhs and Length in Kms.,Clearance,Progress During Month,Cumulative Progress,New Connectivity,Upgradation,Total,New Connectivity,Upgradation,Total,New Connectivity,Upgradation,Total,Sr.No.,Sanction Year,Nos.,Length,Cost,1000+,999-500,499-250 (Eligible),Nos.,Length,Cost,LSB Nos.,Road Nos.,Road Length,Cost,Funds Released,Nos.,Length,Expenditure,1000+,999-500,499-250 (Eligible),Nos.,Length,Expenditure,Nos.,Length,Expenditure,Nos.,Length,Expenditure,1000+,999-500,499-250 (Eligible),Nos.,Length,Expenditure,LSB Nos.,Road Nos.,Road Length,Expenditure,Kurung Kumey,2001 - 2002,4,12.750,185.09,0,0,0,0,0,0.000,0.00,0,4,12.750,185.09,0.00,0,0.000,185.09,0,0,0,0,0,0.000,0.00,0,0.000,185.09,4,12.750,185.09,0,0,0,0,0,0.000,0.00,0,4,12.750,185.09,Total,87,"1,195.289","1,41,741.72",0,3,24,0,8,112.500,"9,674.30",31,95,"1,307.789","1,51,416.02",0.00,0,0.000,"26,220.87",0,0,0,0,0,0.000,0.00,0,0.000,"26,220.87",25,353.759,"27,889.70",0,2,10,0,0,0.000,0.00,0,25,353.759,"28,197.84",Grand Total,"1,387","14,515.167","11,73,314.32",49,126,466,0,276,"2,265.694","2,16,564.43",303,"1,663","16,780.861","13,89,878.75",0.00,3,178.791,"4,73,770.52",0,0,3,0,0,10.600,"6,077.44",3,189.391,"4,92,131.11",883,"8,265.337","4,89,536.36",49,119,331,0,9,90.615,"6,948.40",34,892,"8,355.952","5,09,288.08","Page 1 of 1     Generated on : 12/03/2025 19:29 PM     2014 NRRDA, All rights reserved"
Pradhan Mantri Gram Sadak Yojana,Monthly Report Format for Physical & Financial Progress under PMGSY,State: Arunachal Pradesh     District: All Districts     Block: All Blocks     Year: 2020     Month: January     Collaboration: All Collaborations     Agency:  Rural Works Department   Scheme: All Scheme,Note : All Costs and Expenditures in Lakhs and Length in Kms.,Clearance,Progress During Month,Cumulative Progress,New Connectivity,Upgradation,Total,New Connectivity,Upgradation,Total,New Connectivity,Upgradation,Total,Sr.No.,Sanction Year,Nos.,Length,Cost,1000+,999-500,499-250 (Eligible),Nos.,Length,Cost,LSB Nos.,Road Nos.,Road Length,Cost,Funds Released,Nos.,Length,Expenditure,1000+,999-500,499-250 (Eligible),Nos.,Length,Expenditure,Nos.,Length,Expenditure,Nos.,Length,Expenditure,1000+,999-500,499-250 (Eligible),Nos.,Length,Expenditure,LSB Nos.,Road Nos.,Road Length,Expenditure,Kurung Kumey,2004 - 2005,1,5.950,272.63,0,0,1,0,0,0.000,0.00,0,1,5.950,272.63,0.00,0,0.000,271.05,0,0,0,0,0,0.000,0.00,0,0.000,271.05,1,5.950,271.05,0,0,1,0,0,0.000,0.00,0,1,5.950,271.05,Total,87,"1,195.289","1,41,741.72",0,3,24,0,8,112.500,"9,674.30",31,95,"1,307.789","1,51,416.02",0.00,0,0.000,"26,220.87",0,0,0,0,0,0.000,0.00,0,0.000,"26,220.87",25,353.759,"27,889.70",0,2,10,0,0,0.000,0.00,0,25,353.759,"28,197.84",Grand Total,"1,387","14,515.167","11,73,314.32",49,126,466,0,276,"2,265.694","2,16,564.43",303,"1,663","16,780.861","13,89,878.75",0.00,3,178.791,"4,73,770.52",0,0,3,0,0,10.600,"6,077.44",3,189.391,"4,92,131.11",883,"8,265.337","4,89,536.36",49,119,331,0,9,90.615,"6,948.40",34,892,"8,355.952","5,09,288.08","Page 1 of 1     Generated on : 12/03/2025 19:29 PM     2014 NRRDA, All rights reserved"
Pradhan Mantri Gram Sadak Yojana,Monthly Report Format for Physical & Financial Progress under PMGSY,State: Arunachal Pradesh     District: All Districts     Block: All Blocks     Year: 2020     Month: January     Collaboration: All Collaborations     Agency:  Rural Works Department   Scheme: All Scheme,Note : All Costs and Expenditures in Lakhs and Length in Kms.,Clearance,Progress During Month,Cumulative Progress,New Connectivity,Upgradation,Total,New Connectivity,Upgradation,Total,New Connectivity,Upgradation,Total,Sr.No.,Sanction Year,Nos.,Length,Cost,1000+,999-500,499-250 (Eligible),Nos.,Length,Cost,LSB Nos.,Road Nos.,Road Length,Cost,Funds Released,Nos.,Length,Expenditure,1000+,999-500,499-250 (Eligible),Nos.,Length,Expenditure,Nos.,Length,Expenditure,Nos.,Length,Expenditure,1000+,999-500,499-250 (Eligible),Nos.,Length,Expenditure,LSB Nos.,Road Nos.,Road Length,Expenditure,Kurung Kumey,2007 - 2008,5,48.550,"3,204.73",0,0,3,0,0,0.000,0.00,0,5,48.550,"3,204.73",0.00,0,0.000,"3,083.10",0,0,0,0,0,0.000,0.00,0,0.000,"3,083.10",5,48.550,"3,083.10",0,0,3,0,0,0.000,0.00,0,5,48.550,"3,083.10",Total,87,"1,195.289","1,41,741.72",0,3,24,0,8,112.500,"9,674.30",31,95,"1,307.789","1,51,416.02",0.00,0,0.000,"26,220.87",0,0,0,0,0,0.000,0.00,0,0.000,"26,220.87",25,353.759,"27,889.70",0,2,10,0,0,0.000,0.00,0,25,353.759,"28,197.84",Grand Total,"1,387","14,515.167","11,73,314.32",49,126,466,0,276,"2,265.694","2,16,564.43",303,"1,663","16,780.861","13,89,878.75",0.00,3,178.791,"4,73,770.52",0,0,3,0,0,10.600,"6,077.44",3,189.391,"4,92,131.11",883,"8,265.337","4,89,536.36",49,119,331,0,9,90.615,"6,948.40",34,892,"8,355.952","5,09,288.08","Page 1 of 1     Generated on : 12/03/2025 19:29 PM     2014 NRRDA, All rights reserved"
Pradhan Mantri Gram Sadak Yojana,Monthly Report Format for Physical & Financial Progress under PMGSY,State: Arunachal Pradesh     District: All Districts     Block: All Blocks     Year: 2020     Month: January     Collaboration: All Collaborations     Agency:  Rural Works Department   Scheme: All Scheme,Note : All Costs and Expenditures in Lakhs and Length in Kms.,Clearance,Progress During Month,Cumulative Progress,New Connectivity,Upgradation,Total,New Connectivity,Upgradation,Total,New Connectivity,Upgradation,Total,Sr.No.,Sanction Year,Nos.,Length,Cost,1000+,999-500,499-250 (Eligible),Nos.,Length,Cost,LSB Nos.,Road Nos.,Road Length,Cost,Funds Released,Nos.,Length,Expenditure,1000+,999-500,499-250 (Eligible),Nos.,Length,Expenditure,Nos.,Length,Expenditure,Nos.,Length,Expenditure,1000+,999-500,499-250 (Eligible),Nos.,Length,Expenditure,LSB Nos.,Road Nos.,Road Length,Expenditure,Kurung Kumey,2009 - 2010,4,74.139,"6,366.97",0,1,2,0,0,0.000,0.00,0,4,74.139,"6,366.97",0.00,0,0.000,"4,853.64",0,0,0,0,0,0.000,0.00,0,0.000,"4,853.64",3,74.569,"4,853.64",0,1,2,0,0,0.000,0.00,0,3,74.569,"4,853.64",Total,87,"1,195.289","1,41,741.72",0,3,24,0,8,112.500,"9,674.30",31,95,"1,307.789","1,51,416.02",0.00,0,0.000,"26,220.87",0,0,0,0,0,0.000,0.00,0,0.000,"26,220.87",25,353.759,"27,889.70",0,2,10,0,0,0.000,0.00,0,25,353.759,"28,197.84",Grand Total,"1,387","14,515.167","11,73,314.32",49,126,466,0,276,"2,265.694","2,16,564.43",303,"1,663","16,780.861","13,89,878.75",0.00,3,178.791,"4,73,770.52",0,0,3,0,0,10.600,"6,077.44",3,189.391,"4,92,131.11",883,"8,265.337","4,89,536.36",49,119,331,0,9,90.615,"6,948.40",34,892,"8,355.952","5,09,288.08","Page 1 of 1     Generated on : 12/03/2025 19:29 PM     2014 NRRDA, All rights reserved"
Pradhan Mantri Gram Sadak Yojana,Monthly Report Format for Physical & Financial Progress under PMGSY,State: Arunachal Pradesh     District: All Districts     Block: All Blocks     Year: 2020     Month: January     Collaboration: All Collaborations     Agency:  Rural Works Department   Scheme: All Scheme,Note : All Costs and Expenditures in Lakhs and Length in Kms.,Clearance,Progress During Month,Cumulative Progress,New Connectivity,Upgradation,Total,New Connectivity,Upgradation,Total,New Connectivity,Upgradation,Total,Sr.No.,Sanction Year,Nos.,Length,Cost,1000+,999-500,499-250 (Eligible),Nos.,Length,Cost,LSB Nos.,Road Nos.,Road Length,Cost,Funds Released,Nos.,Length,Expenditure,1000+,999-500,499-250 (Eligible),Nos.,Length,Expenditure,Nos.,Length,Expenditure,Nos.,Length,Expenditure,1000+,999-500,499-250 (Eligible),Nos.,Length,Expenditure,LSB Nos.,Road Nos.,Road Length,Expenditure,Kurung Kumey,2013 - 2014,1,24.600,"2,550.20",0,0,1,0,0,0.000,0.00,1,1,24.600,"2,550.20",0.00,0,0.000,"2,562.92",0,0,0,0,0,0.000,0.00,0,0.000,"2,562.92",1,24.600,"2,562.92",0,0,1,0,0,0.000,0.00,0,1,24.600,"2,562.92",Total,87,"1,195.289","1,41,741.72",0,3,24,0,8,112.500,"9,674.30",31,95,"1,307.789","1,51,416.02",0.00,0,0.000,"26,220.87",0,0,0,0,0,0.000,0.00,0,0.000,"26,220.87",25,353.759,"27,889.70",0,2,10,0,0,0.000,0.00,0,25,353.759,"28,197.84",Grand Total,"1,387","14,515.167","11,73,314.32",49,126,466,0,276,"2,265.694","2,16,564.43",303,"1,663","16,780.861","13,89,878.75",0.00,3,178.791,"4,73,770.52",0,0,3,0,0,10.600,"6,077.44",3,189.391,"4,92,131.11",883,"8,265.337","4,89,536.36",49,119,331,0,9,90.615,"6,948.40",34,892,"8,355.952","5,09,288.08","Page 1 of 1     Generated on : 12/03/2025 19:29 PM     2014 NRRDA, All rights reserved"
Pradhan Mantri Gram Sadak Yojana,Monthly Report Format for Physical & Financial Progress under PMGSY,State: Arunachal Pradesh     District: All Districts     Block: All Blocks     Year: 2020     Month: January     Collaboration: All Collaborations     Agency:  Rural Works Department   Scheme: All Scheme,Note : All Costs and Expenditures in Lakhs and Length in Kms.,Clearance,Progress During Month,Cumulative Progress,New Connectivity,Upgradation,Total,New Connectivity,Upgradation,Total,New Connectivity,Upgradation,Total,Sr.No.,Sanction Year,Nos.,Length,Cost,1000+,999-500,499-250 (Eligible),Nos.,Length,Cost,LSB Nos.,Road Nos.,Road Length,Cost,Funds Released,Nos.,Length,Expenditure,1000+,999-500,499-250 (Eligible),Nos.,Length,Expenditure,Nos.,Length,Expenditure,Nos.,Length,Expenditure,1000+,999-500,499-250 (Eligible),Nos.,Length,Expenditure,LSB Nos.,Road Nos.,Road Length,Expenditure,Kurung Kumey,2016 - 2017,11,213.730,"19,647.97",0,2,6,0,0,0.000,0.00,8,11,213.730,"19,647.97",0.00,0,0.000,"10,984.99",0,0,0,0,0,0.000,0.00,0,0.000,"10,984.99",5,175.780,"11,911.46",0,1,3,0,0,0.000,0.00,0,5,175.780,"12,219.60",Total,87,"1,195.289","1,41,741.72",0,3,24,0,8,112.500,"9,674.30",31,95,"1,307.789","1,51,416.02",0.00,0,0.000,"26,220.87",0,0,0,0,0,0.000,0.00,0,0.000,"26,220.87",25,353.759,"27,889.70",0,2,10,0,0,0.000,0.00,0,25,353.759,"28,197.84",Grand Total,"1,387","14,515.167","11,73,314.32",49,126,466,0,276,"2,265.694","2,16,564.43",303,"1,663","16,780.861","13,89,878.75",0.00,3,178.791,"4,73,770.52",0,0,3,0,0,10.600,"6,077.44",3,189.391,"4,92,131.11",883,"8,265.337","4,89,536.36",49,119,331,0,9,90.615,"6,948.40",34,892,"8,355.952","5,09,288.08","Page 1 of 1     Generated on : 12/03/2025 19:29 PM     2014 NRRDA, All rights reserved"
Pradhan Mantri Gram Sadak Yojana,Monthly Report Format for Physical & Financial Progress under PMGSY,State: Arunachal Pradesh     District: All Districts     Block: All Blocks     Year: 2020     Month: January     Collaboration: All Collaborations     Agency:  Rural Works Department   Scheme: All Scheme,Note : All Costs and Expenditures in Lakhs and Length in Kms.,Clearance,Progress During Month,Cumulative Progress,New Connectivity,Upgradation,Total,New Connectivity,Upgradation,Total,New Connectivity,Upgradation,Total,Sr.No.,Sanction Year,Nos.,Length,Cost,1000+,999-500,499-250 (Eligible),Nos.,Length,Cost,LSB Nos.,Road Nos.,Road Length,Cost,Funds Released,Nos.,Length,Expenditure,1000+,999-500,499-250 (Eligible),Nos.,Length,Expenditure,Nos.,Length,Expenditure,Nos.,Length,Expenditure,1000+,999-500,499-250 (Eligible),Nos.,Length,Expenditure,LSB Nos.,Road Nos.,Road Length,Expenditure,Kurung Kumey,2017 - 2018,1,1.730,145.35,0,0,0,0,0,0.000,0.00,0,1,1.730,145.35,0.00,0,0.000,82.16,0,0,0,0,0,0.000,0.00,0,0.000,82.16,0,0.000,82.16,0,0,0,0,0,0.000,0.00,0,0,0.000,82.16,Total,87,"1,195.289","1,41,741.72",0,3,24,0,8,112.500,"9,674.30",31,95,"1,307.789","1,51,416.02",0.00,0,0.000,"26,220.87",0,0,0,0,0,0.000,0.00,0,0.000,"26,220.87",25,353.759,"27,889.70",0,2,10,0,0,0.000,0.00,0,25,353.759,"28,197.84",Grand Total,"1,387","14,515.167","11,73,314.32",49,126,466,0,276,"2,265.694","2,16,564.43",303,"1,663","16,780.861","13,89,878.75",0.00,3,178.791,"4,73,770.52",0,0,3,0,0,10.600,"6,077.44",3,189.391,"4,92,131.11",883,"8,265.337","4,89,536.36",49,119,331,0,9,90.615,"6,948.40",34,892,"8,355.952","5,09,288.08","Page 1 of 1     Generated on : 12/03/2025 19:29 PM     2014 NRRDA, All rights reserved"
Pradhan Mantri Gram Sadak Yojana,Monthly Report Format for Physical & Financial Progress under PMGSY,State: Arunachal Pradesh     District: All Districts     Block: All Blocks     Year: 2020     Month: January     Collaboration: All Collaborations     Agency:  Rural Works Department   Scheme: All Scheme,Note : All Costs and Expenditures in Lakhs and Length in Kms.,Clearance,Progress During Month,Cumulative Progress,New Connectivity,Upgradation,Total,New Connectivity,Upgradation,Total,New Connectivity,Upgradation,Total,Sr.No.,Sanction Year,Nos.,Length,Cost,1000+,999-500,499-250 (Eligible),Nos.,Length,Cost,LSB Nos.,Road Nos.,Road Length,Cost,Funds Released,Nos.,Length,Expenditure,1000+,999-500,499-250 (Eligible),Nos.,Length,Expenditure,Nos.,Length,Expenditure,Nos.,Length,Expenditure,1000+,999-500,499-250 (Eligible),Nos.,Length,Expenditure,LSB Nos.,Road Nos.,Road Length,Expenditure,Kurung Kumey,2018 - 2019,27,573.780,"57,515.73",0,0,11,0,0,0.000,0.00,20,27,573.780,"57,515.73",0.00,0,0.000,"4,075.68",0,0,0,0,0,0.000,0.00,0,0.000,"4,075.68",0,3.000,"4,818.04",0,0,0,0,0,0.000,0.00,0,0,3.000,"4,818.04",Total,87,"1,195.289","1,41,741.72",0,3,24,0,8,112.500,"9,674.30",31,95,"1,307.789","1,51,416.02",0.00,0,0.000,"26,220.87",0,0,0,0,0,0.000,0.00,0,0.000,"26,220.87",25,353.759,"27,889.70",0,2,10,0,0,0.000,0.00,0,25,353.759,"28,197.84",Grand Total,"1,387","14,515.167","11,73,314.32",49,126,466,0,276,"2,265.694","2,16,564.43",303,"1,663","16,780.861","13,89,878.75",0.00,3,178.791,"4,73,770.52",0,0,3,0,0,10.600,"6,077.44",3,189.391,"4,92,131.11",883,"8,265.337","4,89,536.36",49,119,331,0,9,90.615,"6,948.40",34,892,"8,355.952","5,09,288.08","Page 1 of 1     Generated on : 12/03/2025 19:29 PM     2014 NRRDA, All rights reserved"
Pradhan Mantri Gram Sadak Yojana,Monthly Report Format for Physical & Financial Progress under PMGSY,State: Arunachal Pradesh     District: All Districts     Block: All Blocks     Year: 2020     Month: January     Collaboration: All Collaborations     Agency:  Rural Works Department   Scheme: All Scheme,Note : All Costs and Expenditures in Lakhs and Length in Kms.,Clearance,Progress During Month,Cumulative Progress,New Connectivity,Upgradation,Total,New Connectivity,Upgradation,Total,New Connectivity,Upgradation,Total,Sr.No.,Sanction Year,Nos.,Length,Cost,1000+,999-500,499-250 (Eligible),Nos.,Length,Cost,LSB Nos.,Road Nos.,Road Length,Cost,Funds Released,Nos.,Length,Expenditure,1000+,999-500,499-250 (Eligible),Nos.,Length,Expenditure,Nos.,Length,Expenditure,Nos.,Length,Expenditure,1000+,999-500,499-250 (Eligible),Nos.,Length,Expenditure,LSB Nos.,Road Nos.,Road Length,Expenditure,Kurung Kumey,2019 - 2020,0,0.000,0.00,0,0,0,0,2,62.000,"5,062.42",0,2,62.000,"5,062.42",0.00,0,0.000,0.00,0,0,0,0,0,0.000,0.00,0,0.000,0.00,0,0.000,,0,0,0,0,0,0.000,0.00,0,0,0.000,0.00,Total,87,"1,195.289","1,41,741.72",0,3,24,0,8,112.500,"9,674.30",31,95,"1,307.789","1,51,416.02",0.00,0,0.000,"26,220.87",0,0,0,0,0,0.000,0.00,0,0.000,"26,220.87",25,353.759,"27,889.70",0,2,10,0,0,0.000,0.00,0,25,353.759,"28,197.84",Grand Total,"1,387","14,515.167","11,73,314.32",49,126,466,0,276,"2,265.694","2,16,564.43",303,"1,663","16,780.861","13,89,878.75",0.00,3,178.791,"4,73,770.52",0,0,3,0,0,10.600,"6,077.44",3,189.391,"4,92,131.11",883,"8,265.337","4,89,536.36",49,119,331,0,9,90.615,"6,948.40",34,892,"8,355.952","5,09,288.08","Page 1 of 1     Generated on : 12/03/2025 19:29 PM     2014 NRRDA, All rights reserved"
Pradhan Mantri Gram Sadak Yojana,Monthly Report Format for Physical & Financial Progress under PMGSY,State: Arunachal Pradesh     District: All Districts     Block: All Blocks     Year: 2020     Month: January     Collaboration: All Collaborations     Agency:  Rural Works Department   Scheme: All Scheme,Note : All Costs and Expenditures in Lakhs and Length in Kms.,Clearance,Progress During Month,Cumulative Progress,New Connectivity,Upgradation,Total,New Connectivity,Upgradation,Total,New Connectivity,Upgradation,Total,Sr.No.,Sanction Year,Nos.,Length,Cost,1000+,999-500,499-250 (Eligible),Nos.,Length,Cost,LSB Nos.,Road Nos.,Road Length,Cost,Funds Released,Nos.,Length,Expenditure,1000+,999-500,499-250 (Eligible),Nos.,Length,Expenditure,Nos.,Length,Expenditure,Nos.,Length,Expenditure,1000+,999-500,499-250 (Eligible),Nos.,Length,Expenditure,LSB Nos.,Road Nos.,Road Length,Expenditure,Kurung Kumey,2023 - 2024,27,231.500,"51,730.81",0,0,0,0,2,15.000,"1,438.56",1,29,246.500,"53,169.37",0.00,0,0.000,0.00,0,0,0,0,0,0.000,0.00,0,0.000,0.00,0,0.000,,0,0,0,0,0,0.000,0.00,0,0,0.000,0.00,Total,87,"1,195.289","1,41,741.72",0,3,24,0,8,112.500,"9,674.30",31,95,"1,307.789","1,51,416.02",0.00,0,0.000,"26,220.87",0,0,0,0,0,0.000,0.00,0,0.000,"26,220.87",25,353.759,"27,889.70",0,2,10,0,0,0.000,0.00,0,25,353.759,"28,197.84",Grand Total,"1,387","14,515.167","11,73,314.32",49,126,466,0,276,"2,265.694","2,16,564.43",303,"1,663","16,780.861","13,89,878.75",0.00,3,178.791,"4,73,770.52",0,0,3,0,0,10.600,"6,077.44",3,189.391,"4,92,131.11",883,"8,265.337","4,89,536.36",49,119,331,0,9,90.615,"6,948.40",34,892,"8,355.952","5,09,288.08","Page 1 of 1     Generated on : 12/03/2025 19:29 PM     2014 NRRDA, All rights reserved"
Pradhan Mantri Gram Sadak Yojana,Monthly Report Format for Physical & Financial Progress under PMGSY,State: Arunachal Pradesh     District: All Districts     Block: All Blocks     Year: 2020     Month: January     Collaboration: All Collaborations     Agency:  Rural Works Department   Scheme: All Scheme,Note : All Costs and Expenditures in Lakhs and Length in Kms.,Clearance,Progress During Month,Cumulative Progress,New Connectivity,Upgradation,Total,New Connectivity,Upgradation,Total,New Connectivity,Upgradation,Total,Sr.No.,Sanction Year,Nos.,Length,Cost,1000+,999-500,499-250 (Eligible),Nos.,Length,Cost,LSB Nos.,Road Nos.,Road Length,Cost,Funds Released,Nos.,Length,Expenditure,1000+,999-500,499-250 (Eligible),Nos.,Length,Expenditure,Nos.,Length,Expenditure,Nos.,Length,Expenditure,1000+,999-500,499-250 (Eligible),Nos.,Length,Expenditure,LSB Nos.,Road Nos.,Road Length,Expenditure,Kurung Kumey,2024 - 2025,0,0.000,0.00,0,0,0,0,4,35.500,"3,173.32",1,4,35.500,"3,173.32",0.00,0,0.000,0.00,0,0,0,0,0,0.000,0.00,0,0.000,0.00,0,0.000,,0,0,0,0,0,0.000,0.00,0,0,0.000,0.00,Total,87,"1,195.289","1,41,741.72",0,3,24,0,8,112.500,"9,674.30",31,95,"1,307.789","1,51,416.02",0.00,0,0.000,"26,220.87",0,0,0,0,0,0.000,0.00,0,0.000,"26,220.87",25,353.759,"27,889.70",0,2,10,0,0,0.000,0.00,0,25,353.759,"28,197.84",Grand Total,"1,387","14,515.167","11,73,314.32",49,126,466,0,276,"2,265.694","2,16,564.43",303,"1,663","16,780.861","13,89,878.75",0.00,3,178.791,"4,73,770.52",0,0,3,0,0,10.600,"6,077.44",3,189.391,"4,92,131.11",883,"8,265.337","4,89,536.36",49,119,331,0,9,90.615,"6,948.40",34,892,"8,355.952","5,09,288.08","Page 1 of 1     Generated on : 12/03/2025 19:29 PM     2014 NRRDA, All rights reserved"
Pradhan Mantri Gram Sadak Yojana,Monthly Report Format for Physical & Financial Progress under PMGSY,State: Arunachal Pradesh     District: All Districts     Block: All Blocks     Year: 2020     Month: January     Collaboration: All Collaborations     Agency:  Rural Works Department   Scheme: All Scheme,Note : All Costs and Expenditures in Lakhs and Length in Kms.,Clearance,Progress During Month,Cumulative Progress,New Connectivity,Upgradation,Total,New Connectivity,Upgradation,Total,New Connectivity,Upgradation,Total,Sr.No.,Sanction Year,Nos.,Length,Cost,1000+,999-500,499-250 (Eligible),Nos.,Length,Cost,LSB Nos.,Road Nos.,Road Length,Cost,Funds Released,Nos.,Length,Expenditure,1000+,999-500,499-250 (Eligible),Nos.,Length,Expenditure,Nos.,Length,Expenditure,Nos.,Length,Expenditure,1000+,999-500,499-250 (Eligible),Nos.,Length,Expenditure,LSB Nos.,Road Nos.,Road Length,Expenditure,Lepa Rada,2000 - 2001,4,4.300,58.02,0,0,1,0,0,0.000,0.00,0,4,4.300,58.02,0.00,0,0.000,58.02,0,0,0,0,0,0.000,0.00,0,0.000,58.02,4,4.300,58.02,0,0,1,0,0,0.000,0.00,0,4,4.300,58.02,Total,26,155.850,"8,802.55",0,1,12,0,10,72.300,"6,941.38",1,36,228.150,"15,743.93",0.00,0,6.430,"4,814.38",0,0,0,0,0,0.000,333.06,0,6.430,"5,147.44",21,122.656,"5,211.60",0,1,9,0,0,0.000,333.06,0,21,122.656,"5,544.66",Grand Total,"1,387","14,515.167","11,73,314.32",49,126,466,0,276,"2,265.694","2,16,564.43",303,"1,663","16,780.861","13,89,878.75",0.00,3,178.791,"4,73,770.52",0,0,3,0,0,10.600,"6,077.44",3,189.391,"4,92,131.11",883,"8,265.337","4,89,536.36",49,119,331,0,9,90.615,"6,948.40",34,892,"8,355.952","5,09,288.08","Page 1 of 1     Generated on : 12/03/2025 19:29 PM     2014 NRRDA, All rights reserved"
Pradhan Mantri Gram Sadak Yojana,Monthly Report Format for Physical & Financial Progress under PMGSY,State: Arunachal Pradesh     District: All Districts     Block: All Blocks     Year: 2020     Month: January     Collaboration: All Collaborations     Agency:  Rural Works Department   Scheme: All Scheme,Note : All Costs and Expenditures in Lakhs and Length in Kms.,Clearance,Progress During Month,Cumulative Progress,New Connectivity,Upgradation,Total,New Connectivity,Upgradation,Total,New Connectivity,Upgradation,Total,Sr.No.,Sanction Year,Nos.,Length,Cost,1000+,999-500,499-250 (Eligible),Nos.,Length,Cost,LSB Nos.,Road Nos.,Road Length,Cost,Funds Released,Nos.,Length,Expenditure,1000+,999-500,499-250 (Eligible),Nos.,Length,Expenditure,Nos.,Length,Expenditure,Nos.,Length,Expenditure,1000+,999-500,499-250 (Eligible),Nos.,Length,Expenditure,LSB Nos.,Road Nos.,Road Length,Expenditure,Lepa Rada,2001 - 2002,3,13.800,130.44,0,1,2,0,0,0.000,0.00,0,3,13.800,130.44,0.00,0,0.000,130.44,0,0,0,0,0,0.000,0.00,0,0.000,130.44,3,13.800,130.44,0,1,2,0,0,0.000,0.00,0,3,13.800,130.44,Total,26,155.850,"8,802.55",0,1,12,0,10,72.300,"6,941.38",1,36,228.150,"15,743.93",0.00,0,6.430,"4,814.38",0,0,0,0,0,0.000,333.06,0,6.430,"5,147.44",21,122.656,"5,211.60",0,1,9,0,0,0.000,333.06,0,21,122.656,"5,544.66",Grand Total,"1,387","14,515.167","11,73,314.32",49,126,466,0,276,"2,265.694","2,16,564.43",303,"1,663","16,780.861","13,89,878.75",0.00,3,178.791,"4,73,770.52",0,0,3,0,0,10.600,"6,077.44",3,189.391,"4,92,131.11",883,"8,265.337","4,89,536.36",49,119,331,0,9,90.615,"6,948.40",34,892,"8,355.952","5,09,288.08","Page 1 of 1     Generated on : 12/03/2025 19:29 PM     2014 NRRDA, All rights reserved"
Pradhan Mantri Gram Sadak Yojana,Monthly Report Format for Physical & Financial Progress under PMGSY,State: Arunachal Pradesh     District: All Districts     Block: All Blocks     Year: 2020     Month: January     Collaboration: All Collaborations     Agency:  Rural Works Department   Scheme: All Scheme,Note : All Costs and Expenditures in Lakhs and Length in Kms.,Clearance,Progress During Month,Cumulative Progress,New Connectivity,Upgradation,Total,New Connectivity,Upgradation,Total,New Connectivity,Upgradation,Total,Sr.No.,Sanction Year,Nos.,Length,Cost,1000+,999-500,499-250 (Eligible),Nos.,Length,Cost,LSB Nos.,Road Nos.,Road Length,Cost,Funds Released,Nos.,Length,Expenditure,1000+,999-500,499-250 (Eligible),Nos.,Length,Expenditure,Nos.,Length,Expenditure,Nos.,Length,Expenditure,1000+,999-500,499-250 (Eligible),Nos.,Length,Expenditure,LSB Nos.,Road Nos.,Road Length,Expenditure,Lepa Rada,2004 - 2005,4,17.690,436.99,0,0,4,0,0,0.000,0.00,0,4,17.690,436.99,0.00,0,0.000,413.23,0,0,0,0,0,0.000,0.00,0,0.000,413.23,4,17.690,413.23,0,0,4,0,0,0.000,0.00,0,4,17.690,413.23,Total,26,155.850,"8,802.55",0,1,12,0,10,72.300,"6,941.38",1,36,228.150,"15,743.93",0.00,0,6.430,"4,814.38",0,0,0,0,0,0.000,333.06,0,6.430,"5,147.44",21,122.656,"5,211.60",0,1,9,0,0,0.000,333.06,0,21,122.656,"5,544.66",Grand Total,"1,387","14,515.167","11,73,314.32",49,126,466,0,276,"2,265.694","2,16,564.43",303,"1,663","16,780.861","13,89,878.75",0.00,3,178.791,"4,73,770.52",0,0,3,0,0,10.600,"6,077.44",3,189.391,"4,92,131.11",883,"8,265.337","4,89,536.36",49,119,331,0,9,90.615,"6,948.40",34,892,"8,355.952","5,09,288.08","Page 1 of 1     Generated on : 12/03/2025 19:29 PM     2014 NRRDA, All rights reserved"
Pradhan Mantri Gram Sadak Yojana,Monthly Report Format for Physical & Financial Progress under PMGSY,State: Arunachal Pradesh     District: All Districts     Block: All Blocks     Year: 2020     Month: January     Collaboration: All Collaborations     Agency:  Rural Works Department   Scheme: All Scheme,Note : All Costs and Expenditures in Lakhs and Length in Kms.,Clearance,Progress During Month,Cumulative Progress,New Connectivity,Upgradation,Total,New Connectivity,Upgradation,Total,New Connectivity,Upgradation,Total,Sr.No.,Sanction Year,Nos.,Length,Cost,1000+,999-500,499-250 (Eligible),Nos.,Length,Cost,LSB Nos.,Road Nos.,Road Length,Cost,Funds Released,Nos.,Length,Expenditure,1000+,999-500,499-250 (Eligible),Nos.,Length,Expenditure,Nos.,Length,Expenditure,Nos.,Length,Expenditure,1000+,999-500,499-250 (Eligible),Nos.,Length,Expenditure,LSB Nos.,Road Nos.,Road Length,Expenditure,Lepa Rada,2006 - 2007,2,25.920,881.86,0,0,0,0,0,0.000,0.00,0,2,25.920,881.86,0.00,0,0.000,863.75,0,0,0,0,0,0.000,0.00,0,0.000,863.75,2,25.920,863.75,0,0,0,0,0,0.000,0.00,0,2,25.920,863.75,Total,26,155.850,"8,802.55",0,1,12,0,10,72.300,"6,941.38",1,36,228.150,"15,743.93",0.00,0,6.430,"4,814.38",0,0,0,0,0,0.000,333.06,0,6.430,"5,147.44",21,122.656,"5,211.60",0,1,9,0,0,0.000,333.06,0,21,122.656,"5,544.66",Grand Total,"1,387","14,515.167","11,73,314.32",49,126,466,0,276,"2,265.694","2,16,564.43",303,"1,663","16,780.861","13,89,878.75",0.00,3,178.791,"4,73,770.52",0,0,3,0,0,10.600,"6,077.44",3,189.391,"4,92,131.11",883,"8,265.337","4,89,536.36",49,119,331,0,9,90.615,"6,948.40",34,892,"8,355.952","5,09,288.08","Page 1 of 1     Generated on : 12/03/2025 19:29 PM     2014 NRRDA, All rights reserved"
Pradhan Mantri Gram Sadak Yojana,Monthly Report Format for Physical & Financial Progress under PMGSY,State: Arunachal Pradesh     District: All Districts     Block: All Blocks     Year: 2020     Month: January     Collaboration: All Collaborations     Agency:  Rural Works Department   Scheme: All Scheme,Note : All Costs and Expenditures in Lakhs and Length in Kms.,Clearance,Progress During Month,Cumulative Progress,New Connectivity,Upgradation,Total,New Connectivity,Upgradation,Total,New Connectivity,Upgradation,Total,Sr.No.,Sanction Year,Nos.,Length,Cost,1000+,999-500,499-250 (Eligible),Nos.,Length,Cost,LSB Nos.,Road Nos.,Road Length,Cost,Funds Released,Nos.,Length,Expenditure,1000+,999-500,499-250 (Eligible),Nos.,Length,Expenditure,Nos.,Length,Expenditure,Nos.,Length,Expenditure,1000+,999-500,499-250 (Eligible),Nos.,Length,Expenditure,LSB Nos.,Road Nos.,Road Length,Expenditure,Lepa Rada,2007 - 2008,5,27.340,"1,469.57",0,0,1,0,0,0.000,0.00,0,5,27.340,"1,469.57",0.00,0,0.000,"1,403.56",0,0,0,0,0,0.000,0.00,0,0.000,"1,403.56",5,27.340,"1,403.56",0,0,1,0,0,0.000,0.00,0,5,27.340,"1,403.56",Total,26,155.850,"8,802.55",0,1,12,0,10,72.300,"6,941.38",1,36,228.150,"15,743.93",0.00,0,6.430,"4,814.38",0,0,0,0,0,0.000,333.06,0,6.430,"5,147.44",21,122.656,"5,211.60",0,1,9,0,0,0.000,333.06,0,21,122.656,"5,544.66",Grand Total,"1,387","14,515.167","11,73,314.32",49,126,466,0,276,"2,265.694","2,16,564.43",303,"1,663","16,780.861","13,89,878.75",0.00,3,178.791,"4,73,770.52",0,0,3,0,0,10.600,"6,077.44",3,189.391,"4,92,131.11",883,"8,265.337","4,89,536.36",49,119,331,0,9,90.615,"6,948.40",34,892,"8,355.952","5,09,288.08","Page 1 of 1     Generated on : 12/03/2025 19:29 PM     2014 NRRDA, All rights reserved"
Pradhan Mantri Gram Sadak Yojana,Monthly Report Format for Physical & Financial Progress under PMGSY,State: Arunachal Pradesh     District: All Districts     Block: All Blocks     Year: 2020     Month: January     Collaboration: All Collaborations     Agency:  Rural Works Department   Scheme: All Scheme,Note : All Costs and Expenditures in Lakhs and Length in Kms.,Clearance,Progress During Month,Cumulative Progress,New Connectivity,Upgradation,Total,New Connectivity,Upgradation,Total,New Connectivity,Upgradation,Total,Sr.No.,Sanction Year,Nos.,Length,Cost,1000+,999-500,499-250 (Eligible),Nos.,Length,Cost,LSB Nos.,Road Nos.,Road Length,Cost,Funds Released,Nos.,Length,Expenditure,1000+,999-500,499-250 (Eligible),Nos.,Length,Expenditure,Nos.,Length,Expenditure,Nos.,Length,Expenditure,1000+,999-500,499-250 (Eligible),Nos.,Length,Expenditure,LSB Nos.,Road Nos.,Road Length,Expenditure,Lepa Rada,2012 - 2013,3,19.650,"1,036.62",0,0,0,0,0,0.000,0.00,0,3,19.650,"1,036.62",0.00,0,2.000,919.06,0,0,0,0,0,0.000,0.00,0,2.000,919.06,2,19.100,963.24,0,0,0,0,0,0.000,0.00,0,2,19.100,963.24,Total,26,155.850,"8,802.55",0,1,12,0,10,72.300,"6,941.38",1,36,228.150,"15,743.93",0.00,0,6.430,"4,814.38",0,0,0,0,0,0.000,333.06,0,6.430,"5,147.44",21,122.656,"5,211.60",0,1,9,0,0,0.000,333.06,0,21,122.656,"5,544.66",Grand Total,"1,387","14,515.167","11,73,314.32",49,126,466,0,276,"2,265.694","2,16,564.43",303,"1,663","16,780.861","13,89,878.75",0.00,3,178.791,"4,73,770.52",0,0,3,0,0,10.600,"6,077.44",3,189.391,"4,92,131.11",883,"8,265.337","4,89,536.36",49,119,331,0,9,90.615,"6,948.40",34,892,"8,355.952","5,09,288.08","Page 1 of 1     Generated on : 12/03/2025 19:29 PM     2014 NRRDA, All rights reserved"
Pradhan Mantri Gram Sadak Yojana,Monthly Report Format for Physical & Financial Progress under PMGSY,State: Arunachal Pradesh     District: All Districts     Block: All Blocks     Year: 2020     Month: January     Collaboration: All Collaborations     Agency:  Rural Works Department   Scheme: All Scheme,Note : All Costs and Expenditures in Lakhs and Length in Kms.,Clearance,Progress During Month,Cumulative Progress,New Connectivity,Upgradation,Total,New Connectivity,Upgradation,Total,New Connectivity,Upgradation,Total,Sr.No.,Sanction Year,Nos.,Length,Cost,1000+,999-500,499-250 (Eligible),Nos.,Length,Cost,LSB Nos.,Road Nos.,Road Length,Cost,Funds Released,Nos.,Length,Expenditure,1000+,999-500,499-250 (Eligible),Nos.,Length,Expenditure,Nos.,Length,Expenditure,Nos.,Length,Expenditure,1000+,999-500,499-250 (Eligible),Nos.,Length,Expenditure,LSB Nos.,Road Nos.,Road Length,Expenditure,Lepa Rada,2016 - 2017,1,2.010,193.55,0,0,1,0,0,0.000,0.00,0,1,2.010,193.55,0.00,0,0.000,182.32,0,0,0,0,0,0.000,0.00,0,0.000,182.32,1,2.006,182.32,0,0,1,0,0,0.000,0.00,0,1,2.006,182.32,Total,26,155.850,"8,802.55",0,1,12,0,10,72.300,"6,941.38",1,36,228.150,"15,743.93",0.00,0,6.430,"4,814.38",0,0,0,0,0,0.000,333.06,0,6.430,"5,147.44",21,122.656,"5,211.60",0,1,9,0,0,0.000,333.06,0,21,122.656,"5,544.66",Grand Total,"1,387","14,515.167","11,73,314.32",49,126,466,0,276,"2,265.694","2,16,564.43",303,"1,663","16,780.861","13,89,878.75",0.00,3,178.791,"4,73,770.52",0,0,3,0,0,10.600,"6,077.44",3,189.391,"4,92,131.11",883,"8,265.337","4,89,536.36",49,119,331,0,9,90.615,"6,948.40",34,892,"8,355.952","5,09,288.08","Page 1 of 1     Generated on : 12/03/2025 19:29 PM     2014 NRRDA, All rights reserved"
Pradhan Mantri Gram Sadak Yojana,Monthly Report Format for Physical & Financial Progress under PMGSY,State: Arunachal Pradesh     District: All Districts     Block: All Blocks     Year: 2020     Month: January     Collaboration: All Collaborations     Agency:  Rural Works Department   Scheme: All Scheme,Note : All Costs and Expenditures in Lakhs and Length in Kms.,Clearance,Progress During Month,Cumulative Progress,New Connectivity,Upgradation,Total,New Connectivity,Upgradation,Total,New Connectivity,Upgradation,Total,Sr.No.,Sanction Year,Nos.,Length,Cost,1000+,999-500,499-250 (Eligible),Nos.,Length,Cost,LSB Nos.,Road Nos.,Road Length,Cost,Funds Released,Nos.,Length,Expenditure,1000+,999-500,499-250 (Eligible),Nos.,Length,Expenditure,Nos.,Length,Expenditure,Nos.,Length,Expenditure,1000+,999-500,499-250 (Eligible),Nos.,Length,Expenditure,LSB Nos.,Road Nos.,Road Length,Expenditure,Lepa Rada,2017 - 2018,3,30.070,"3,976.31",0,0,3,0,0,0.000,0.00,1,3,30.070,"3,976.31",0.00,0,4.430,844.00,0,0,0,0,0,0.000,0.00,0,4.430,844.00,0,12.500,"1,197.04",0,0,0,0,0,0.000,0.00,0,0,12.500,"1,197.04",Total,26,155.850,"8,802.55",0,1,12,0,10,72.300,"6,941.38",1,36,228.150,"15,743.93",0.00,0,6.430,"4,814.38",0,0,0,0,0,0.000,333.06,0,6.430,"5,147.44",21,122.656,"5,211.60",0,1,9,0,0,0.000,333.06,0,21,122.656,"5,544.66",Grand Total,"1,387","14,515.167","11,73,314.32",49,126,466,0,276,"2,265.694","2,16,564.43",303,"1,663","16,780.861","13,89,878.75",0.00,3,178.791,"4,73,770.52",0,0,3,0,0,10.600,"6,077.44",3,189.391,"4,92,131.11",883,"8,265.337","4,89,536.36",49,119,331,0,9,90.615,"6,948.40",34,892,"8,355.952","5,09,288.08","Page 1 of 1     Generated on : 12/03/2025 19:29 PM     2014 NRRDA, All rights reserved"
Pradhan Mantri Gram Sadak Yojana,Monthly Report Format for Physical & Financial Progress under PMGSY,State: Arunachal Pradesh     District: All Districts     Block: All Blocks     Year: 2020     Month: January     Collaboration: All Collaborations     Agency:  Rural Works Department   Scheme: All Scheme,Note : All Costs and Expenditures in Lakhs and Length in Kms.,Clearance,Progress During Month,Cumulative Progress,New Connectivity,Upgradation,Total,New Connectivity,Upgradation,Total,New Connectivity,Upgradation,Total,Sr.No.,Sanction Year,Nos.,Length,Cost,1000+,999-500,499-250 (Eligible),Nos.,Length,Cost,LSB Nos.,Road Nos.,Road Length,Cost,Funds Released,Nos.,Length,Expenditure,1000+,999-500,499-250 (Eligible),Nos.,Length,Expenditure,Nos.,Length,Expenditure,Nos.,Length,Expenditure,1000+,999-500,499-250 (Eligible),Nos.,Length,Expenditure,LSB Nos.,Road Nos.,Road Length,Expenditure,Lepa Rada,2018 - 2019,1,15.070,619.19,0,0,0,0,1,17.000,"1,514.80",0,2,32.070,"2,133.99",0.00,0,0.000,0.00,0,0,0,0,0,0.000,333.06,0,0.000,333.06,0,0.000,0.00,0,0,0,0,0,0.000,333.06,0,0,0.000,333.06,Total,26,155.850,"8,802.55",0,1,12,0,10,72.300,"6,941.38",1,36,228.150,"15,743.93",0.00,0,6.430,"4,814.38",0,0,0,0,0,0.000,333.06,0,6.430,"5,147.44",21,122.656,"5,211.60",0,1,9,0,0,0.000,333.06,0,21,122.656,"5,544.66",Grand Total,"1,387","14,515.167","11,73,314.32",49,126,466,0,276,"2,265.694","2,16,564.43",303,"1,663","16,780.861","13,89,878.75",0.00,3,178.791,"4,73,770.52",0,0,3,0,0,10.600,"6,077.44",3,189.391,"4,92,131.11",883,"8,265.337","4,89,536.36",49,119,331,0,9,90.615,"6,948.40",34,892,"8,355.952","5,09,288.08","Page 1 of 1     Generated on : 12/03/2025 19:29 PM     2014 NRRDA, All rights reserved"
Pradhan Mantri Gram Sadak Yojana,Monthly Report Format for Physical & Financial Progress under PMGSY,State: Arunachal Pradesh     District: All Districts     Block: All Blocks     Year: 2020     Month: January     Collaboration: All Collaborations     Agency:  Rural Works Department   Scheme: All Scheme,Note : All Costs and Expenditures in Lakhs and Length in Kms.,Clearance,Progress During Month,Cumulative Progress,New Connectivity,Upgradation,Total,New Connectivity,Upgradation,Total,New Connectivity,Upgradation,Total,Sr.No.,Sanction Year,Nos.,Length,Cost,1000+,999-500,499-250 (Eligible),Nos.,Length,Cost,LSB Nos.,Road Nos.,Road Length,Cost,Funds Released,Nos.,Length,Expenditure,1000+,999-500,499-250 (Eligible),Nos.,Length,Expenditure,Nos.,Length,Expenditure,Nos.,Length,Expenditure,1000+,999-500,499-250 (Eligible),Nos.,Length,Expenditure,LSB Nos.,Road Nos.,Road Length,Expenditure,Lepa Rada,2019 - 2020,0,0.000,0.00,0,0,0,0,6,21.500,"2,052.54",0,6,21.500,"2,052.54",0.00,0,0.000,0.00,0,0,0,0,0,0.000,0.00,0,0.000,0.00,0,0.000,,0,0,0,0,0,0.000,0.00,0,0,0.000,0.00,Total,26,155.850,"8,802.55",0,1,12,0,10,72.300,"6,941.38",1,36,228.150,"15,743.93",0.00,0,6.430,"4,814.38",0,0,0,0,0,0.000,333.06,0,6.430,"5,147.44",21,122.656,"5,211.60",0,1,9,0,0,0.000,333.06,0,21,122.656,"5,544.66",Grand Total,"1,387","14,515.167","11,73,314.32",49,126,466,0,276,"2,265.694","2,16,564.43",303,"1,663","16,780.861","13,89,878.75",0.00,3,178.791,"4,73,770.52",0,0,3,0,0,10.600,"6,077.44",3,189.391,"4,92,131.11",883,"8,265.337","4,89,536.36",49,119,331,0,9,90.615,"6,948.40",34,892,"8,355.952","5,09,288.08","Page 1 of 1     Generated on : 12/03/2025 19:29 PM     2014 NRRDA, All rights reserved"
Pradhan Mantri Gram Sadak Yojana,Monthly Report Format for Physical & Financial Progress under PMGSY,State: Arunachal Pradesh     District: All Districts     Block: All Blocks     Year: 2020     Month: January     Collaboration: All Collaborations     Agency:  Rural Works Department   Scheme: All Scheme,Note : All Costs and Expenditures in Lakhs and Length in Kms.,Clearance,Progress During Month,Cumulative Progress,New Connectivity,Upgradation,Total,New Connectivity,Upgradation,Total,New Connectivity,Upgradation,Total,Sr.No.,Sanction Year,Nos.,Length,Cost,1000+,999-500,499-250 (Eligible),Nos.,Length,Cost,LSB Nos.,Road Nos.,Road Length,Cost,Funds Released,Nos.,Length,Expenditure,1000+,999-500,499-250 (Eligible),Nos.,Length,Expenditure,Nos.,Length,Expenditure,Nos.,Length,Expenditure,1000+,999-500,499-250 (Eligible),Nos.,Length,Expenditure,LSB Nos.,Road Nos.,Road Length,Expenditure,Lepa Rada,2023 - 2024,0,0.000,0.00,0,0,0,0,2,23.800,"2,339.55",0,2,23.800,"2,339.55",0.00,0,0.000,0.00,0,0,0,0,0,0.000,0.00,0,0.000,0.00,0,0.000,,0,0,0,0,0,0.000,0.00,0,0,0.000,0.00,Total,26,155.850,"8,802.55",0,1,12,0,10,72.300,"6,941.38",1,36,228.150,"15,743.93",0.00,0,6.430,"4,814.38",0,0,0,0,0,0.000,333.06,0,6.430,"5,147.44",21,122.656,"5,211.60",0,1,9,0,0,0.000,333.06,0,21,122.656,"5,544.66",Grand Total,"1,387","14,515.167","11,73,314.32",49,126,466,0,276,"2,265.694","2,16,564.43",303,"1,663","16,780.861","13,89,878.75",0.00,3,178.791,"4,73,770.52",0,0,3,0,0,10.600,"6,077.44",3,189.391,"4,92,131.11",883,"8,265.337","4,89,536.36",49,119,331,0,9,90.615,"6,948.40",34,892,"8,355.952","5,09,288.08","Page 1 of 1     Generated on : 12/03/2025 19:29 PM     2014 NRRDA, All rights reserved"
Pradhan Mantri Gram Sadak Yojana,Monthly Report Format for Physical & Financial Progress under PMGSY,State: Arunachal Pradesh     District: All Districts     Block: All Blocks     Year: 2020     Month: January     Collaboration: All Collaborations     Agency:  Rural Works Department   Scheme: All Scheme,Note : All Costs and Expenditures in Lakhs and Length in Kms.,Clearance,Progress During Month,Cumulative Progress,New Connectivity,Upgradation,Total,New Connectivity,Upgradation,Total,New Connectivity,Upgradation,Total,Sr.No.,Sanction Year,Nos.,Length,Cost,1000+,999-500,499-250 (Eligible),Nos.,Length,Cost,LSB Nos.,Road Nos.,Road Length,Cost,Funds Released,Nos.,Length,Expenditure,1000+,999-500,499-250 (Eligible),Nos.,Length,Expenditure,Nos.,Length,Expenditure,Nos.,Length,Expenditure,1000+,999-500,499-250 (Eligible),Nos.,Length,Expenditure,LSB Nos.,Road Nos.,Road Length,Expenditure,Lepa Rada,2024 - 2025,0,0.000,0.00,0,0,0,0,1,10.000,"1,034.49",0,1,10.000,"1,034.49",0.00,0,0.000,0.00,0,0,0,0,0,0.000,0.00,0,0.000,0.00,0,0.000,,0,0,0,0,0,0.000,0.00,0,0,0.000,0.00,Total,26,155.850,"8,802.55",0,1,12,0,10,72.300,"6,941.38",1,36,228.150,"15,743.93",0.00,0,6.430,"4,814.38",0,0,0,0,0,0.000,333.06,0,6.430,"5,147.44",21,122.656,"5,211.60",0,1,9,0,0,0.000,333.06,0,21,122.656,"5,544.66",Grand Total,"1,387","14,515.167","11,73,314.32",49,126,466,0,276,"2,265.694","2,16,564.43",303,"1,663","16,780.861","13,89,878.75",0.00,3,178.791,"4,73,770.52",0,0,3,0,0,10.600,"6,077.44",3,189.391,"4,92,131.11",883,"8,265.337","4,89,536.36",49,119,331,0,9,90.615,"6,948.40",34,892,"8,355.952","5,09,288.08","Page 1 of 1     Generated on : 12/03/2025 19:29 PM     2014 NRRDA, All rights reserved"
Pradhan Mantri Gram Sadak Yojana,Monthly Report Format for Physical & Financial Progress under PMGSY,State: Arunachal Pradesh     District: All Districts     Block: All Blocks     Year: 2020     Month: January     Collaboration: All Collaborations     Agency:  Rural Works Department   Scheme: All Scheme,Note : All Costs and Expenditures in Lakhs and Length in Kms.,Clearance,Progress During Month,Cumulative Progress,New Connectivity,Upgradation,Total,New Connectivity,Upgradation,Total,New Connectivity,Upgradation,Total,Sr.No.,Sanction Year,Nos.,Length,Cost,1000+,999-500,499-250 (Eligible),Nos.,Length,Cost,LSB Nos.,Road Nos.,Road Length,Cost,Funds Released,Nos.,Length,Expenditure,1000+,999-500,499-250 (Eligible),Nos.,Length,Expenditure,Nos.,Length,Expenditure,Nos.,Length,Expenditure,1000+,999-500,499-250 (Eligible),Nos.,Length,Expenditure,LSB Nos.,Road Nos.,Road Length,Expenditure,Lohit,2000 - 2001,6,9.430,149.42,1,0,0,0,0,0.000,0.00,0,6,9.430,149.42,0.00,0,0.000,149.42,0,0,0,0,0,0.000,0.00,0,0.000,149.42,6,9.430,149.42,1,0,0,0,0,0.000,0.00,0,6,9.430,149.42,Total,14,48.900,"1,250.42",1,2,2,0,9,69.650,"9,448.55",6,23,118.550,"10,698.97",0.00,0,0.000,"1,229.83",0,0,0,0,0,0.000,0.00,0,0.000,"1,229.83",14,49.130,"1,229.83",1,2,2,0,0,0.000,0.00,0,14,49.130,"1,229.83",Grand Total,"1,387","14,515.167","11,73,314.32",49,126,466,0,276,"2,265.694","2,16,564.43",303,"1,663","16,780.861","13,89,878.75",0.00,3,178.791,"4,73,770.52",0,0,3,0,0,10.600,"6,077.44",3,189.391,"4,92,131.11",883,"8,265.337","4,89,536.36",49,119,331,0,9,90.615,"6,948.40",34,892,"8,355.952","5,09,288.08","Page 1 of 1     Generated on : 12/03/2025 19:29 PM     2014 NRRDA, All rights reserved"
Pradhan Mantri Gram Sadak Yojana,Monthly Report Format for Physical & Financial Progress under PMGSY,State: Arunachal Pradesh     District: All Districts     Block: All Blocks     Year: 2020     Month: January     Collaboration: All Collaborations     Agency:  Rural Works Department   Scheme: All Scheme,Note : All Costs and Expenditures in Lakhs and Length in Kms.,Clearance,Progress During Month,Cumulative Progress,New Connectivity,Upgradation,Total,New Connectivity,Upgradation,Total,New Connectivity,Upgradation,Total,Sr.No.,Sanction Year,Nos.,Length,Cost,1000+,999-500,499-250 (Eligible),Nos.,Length,Cost,LSB Nos.,Road Nos.,Road Length,Cost,Funds Released,Nos.,Length,Expenditure,1000+,999-500,499-250 (Eligible),Nos.,Length,Expenditure,Nos.,Length,Expenditure,Nos.,Length,Expenditure,1000+,999-500,499-250 (Eligible),Nos.,Length,Expenditure,LSB Nos.,Road Nos.,Road Length,Expenditure,Lohit,2001 - 2002,3,15.670,186.54,0,0,1,0,0,0.000,0.00,0,3,15.670,186.54,0.00,0,0.000,186.54,0,0,0,0,0,0.000,0.00,0,0.000,186.54,3,15.670,186.54,0,0,1,0,0,0.000,0.00,0,3,15.670,186.54,Total,14,48.900,"1,250.42",1,2,2,0,9,69.650,"9,448.55",6,23,118.550,"10,698.97",0.00,0,0.000,"1,229.83",0,0,0,0,0,0.000,0.00,0,0.000,"1,229.83",14,49.130,"1,229.83",1,2,2,0,0,0.000,0.00,0,14,49.130,"1,229.83",Grand Total,"1,387","14,515.167","11,73,314.32",49,126,466,0,276,"2,265.694","2,16,564.43",303,"1,663","16,780.861","13,89,878.75",0.00,3,178.791,"4,73,770.52",0,0,3,0,0,10.600,"6,077.44",3,189.391,"4,92,131.11",883,"8,265.337","4,89,536.36",49,119,331,0,9,90.615,"6,948.40",34,892,"8,355.952","5,09,288.08","Page 1 of 1     Generated on : 12/03/2025 19:29 PM     2014 NRRDA, All rights reserved"
Pradhan Mantri Gram Sadak Yojana,Monthly Report Format for Physical & Financial Progress under PMGSY,State: Arunachal Pradesh     District: All Districts     Block: All Blocks     Year: 2020     Month: January     Collaboration: All Collaborations     Agency:  Rural Works Department   Scheme: All Scheme,Note : All Costs and Expenditures in Lakhs and Length in Kms.,Clearance,Progress During Month,Cumulative Progress,New Connectivity,Upgradation,Total,New Connectivity,Upgradation,Total,New Connectivity,Upgradation,Total,Sr.No.,Sanction Year,Nos.,Length,Cost,1000+,999-500,499-250 (Eligible),Nos.,Length,Cost,LSB Nos.,Road Nos.,Road Length,Cost,Funds Released,Nos.,Length,Expenditure,1000+,999-500,499-250 (Eligible),Nos.,Length,Expenditure,Nos.,Length,Expenditure,Nos.,Length,Expenditure,1000+,999-500,499-250 (Eligible),Nos.,Length,Expenditure,LSB Nos.,Road Nos.,Road Length,Expenditure,Lohit,2005 - 2006,1,3.550,182.29,0,1,0,0,0,0.000,0.00,0,1,3.550,182.29,0.00,0,0.000,187.15,0,0,0,0,0,0.000,0.00,0,0.000,187.15,1,3.350,187.15,0,1,0,0,0,0.000,0.00,0,1,3.350,187.15,Total,14,48.900,"1,250.42",1,2,2,0,9,69.650,"9,448.55",6,23,118.550,"10,698.97",0.00,0,0.000,"1,229.83",0,0,0,0,0,0.000,0.00,0,0.000,"1,229.83",14,49.130,"1,229.83",1,2,2,0,0,0.000,0.00,0,14,49.130,"1,229.83",Grand Total,"1,387","14,515.167","11,73,314.32",49,126,466,0,276,"2,265.694","2,16,564.43",303,"1,663","16,780.861","13,89,878.75",0.00,3,178.791,"4,73,770.52",0,0,3,0,0,10.600,"6,077.44",3,189.391,"4,92,131.11",883,"8,265.337","4,89,536.36",49,119,331,0,9,90.615,"6,948.40",34,892,"8,355.952","5,09,288.08","Page 1 of 1     Generated on : 12/03/2025 19:29 PM     2014 NRRDA, All rights reserved"
Pradhan Mantri Gram Sadak Yojana,Monthly Report Format for Physical & Financial Progress under PMGSY,State: Arunachal Pradesh     District: All Districts     Block: All Blocks     Year: 2020     Month: January     Collaboration: All Collaborations     Agency:  Rural Works Department   Scheme: All Scheme,Note : All Costs and Expenditures in Lakhs and Length in Kms.,Clearance,Progress During Month,Cumulative Progress,New Connectivity,Upgradation,Total,New Connectivity,Upgradation,Total,New Connectivity,Upgradation,Total,Sr.No.,Sanction Year,Nos.,Length,Cost,1000+,999-500,499-250 (Eligible),Nos.,Length,Cost,LSB Nos.,Road Nos.,Road Length,Cost,Funds Released,Nos.,Length,Expenditure,1000+,999-500,499-250 (Eligible),Nos.,Length,Expenditure,Nos.,Length,Expenditure,Nos.,Length,Expenditure,1000+,999-500,499-250 (Eligible),Nos.,Length,Expenditure,LSB Nos.,Road Nos.,Road Length,Expenditure,Lohit,2006 - 2007,1,3.540,89.82,0,0,0,0,0,0.000,0.00,0,1,3.540,89.82,0.00,0,0.000,88.99,0,0,0,0,0,0.000,0.00,0,0.000,88.99,1,3.970,88.99,0,0,0,0,0,0.000,0.00,0,1,3.970,88.99,Total,14,48.900,"1,250.42",1,2,2,0,9,69.650,"9,448.55",6,23,118.550,"10,698.97",0.00,0,0.000,"1,229.83",0,0,0,0,0,0.000,0.00,0,0.000,"1,229.83",14,49.130,"1,229.83",1,2,2,0,0,0.000,0.00,0,14,49.130,"1,229.83",Grand Total,"1,387","14,515.167","11,73,314.32",49,126,466,0,276,"2,265.694","2,16,564.43",303,"1,663","16,780.861","13,89,878.75",0.00,3,178.791,"4,73,770.52",0,0,3,0,0,10.600,"6,077.44",3,189.391,"4,92,131.11",883,"8,265.337","4,89,536.36",49,119,331,0,9,90.615,"6,948.40",34,892,"8,355.952","5,09,288.08","Page 1 of 1     Generated on : 12/03/2025 19:29 PM     2014 NRRDA, All rights reserved"
Pradhan Mantri Gram Sadak Yojana,Monthly Report Format for Physical & Financial Progress under PMGSY,State: Arunachal Pradesh     District: All Districts     Block: All Blocks     Year: 2020     Month: January     Collaboration: All Collaborations     Agency:  Rural Works Department   Scheme: All Scheme,Note : All Costs and Expenditures in Lakhs and Length in Kms.,Clearance,Progress During Month,Cumulative Progress,New Connectivity,Upgradation,Total,New Connectivity,Upgradation,Total,New Connectivity,Upgradation,Total,Sr.No.,Sanction Year,Nos.,Length,Cost,1000+,999-500,499-250 (Eligible),Nos.,Length,Cost,LSB Nos.,Road Nos.,Road Length,Cost,Funds Released,Nos.,Length,Expenditure,1000+,999-500,499-250 (Eligible),Nos.,Length,Expenditure,Nos.,Length,Expenditure,Nos.,Length,Expenditure,1000+,999-500,499-250 (Eligible),Nos.,Length,Expenditure,LSB Nos.,Road Nos.,Road Length,Expenditure,Lohit,2007 - 2008,1,5.310,191.91,0,1,0,0,0,0.000,0.00,0,1,5.310,191.91,0.00,0,0.000,188.68,0,0,0,0,0,0.000,0.00,0,0.000,188.68,1,5.310,188.68,0,1,0,0,0,0.000,0.00,0,1,5.310,188.68,Total,14,48.900,"1,250.42",1,2,2,0,9,69.650,"9,448.55",6,23,118.550,"10,698.97",0.00,0,0.000,"1,229.83",0,0,0,0,0,0.000,0.00,0,0.000,"1,229.83",14,49.130,"1,229.83",1,2,2,0,0,0.000,0.00,0,14,49.130,"1,229.83",Grand Total,"1,387","14,515.167","11,73,314.32",49,126,466,0,276,"2,265.694","2,16,564.43",303,"1,663","16,780.861","13,89,878.75",0.00,3,178.791,"4,73,770.52",0,0,3,0,0,10.600,"6,077.44",3,189.391,"4,92,131.11",883,"8,265.337","4,89,536.36",49,119,331,0,9,90.615,"6,948.40",34,892,"8,355.952","5,09,288.08","Page 1 of 1     Generated on : 12/03/2025 19:29 PM     2014 NRRDA, All rights reserved"
Pradhan Mantri Gram Sadak Yojana,Monthly Report Format for Physical & Financial Progress under PMGSY,State: Arunachal Pradesh     District: All Districts     Block: All Blocks     Year: 2020     Month: January     Collaboration: All Collaborations     Agency:  Rural Works Department   Scheme: All Scheme,Note : All Costs and Expenditures in Lakhs and Length in Kms.,Clearance,Progress During Month,Cumulative Progress,New Connectivity,Upgradation,Total,New Connectivity,Upgradation,Total,New Connectivity,Upgradation,Total,Sr.No.,Sanction Year,Nos.,Length,Cost,1000+,999-500,499-250 (Eligible),Nos.,Length,Cost,LSB Nos.,Road Nos.,Road Length,Cost,Funds Released,Nos.,Length,Expenditure,1000+,999-500,499-250 (Eligible),Nos.,Length,Expenditure,Nos.,Length,Expenditure,Nos.,Length,Expenditure,1000+,999-500,499-250 (Eligible),Nos.,Length,Expenditure,LSB Nos.,Road Nos.,Road Length,Expenditure,Lohit,2008 - 2009,2,11.400,450.44,0,0,1,0,0,0.000,0.00,0,2,11.400,450.44,0.00,0,0.000,429.05,0,0,0,0,0,0.000,0.00,0,0.000,429.05,2,11.400,429.05,0,0,1,0,0,0.000,0.00,0,2,11.400,429.05,Total,14,48.900,"1,250.42",1,2,2,0,9,69.650,"9,448.55",6,23,118.550,"10,698.97",0.00,0,0.000,"1,229.83",0,0,0,0,0,0.000,0.00,0,0.000,"1,229.83",14,49.130,"1,229.83",1,2,2,0,0,0.000,0.00,0,14,49.130,"1,229.83",Grand Total,"1,387","14,515.167","11,73,314.32",49,126,466,0,276,"2,265.694","2,16,564.43",303,"1,663","16,780.861","13,89,878.75",0.00,3,178.791,"4,73,770.52",0,0,3,0,0,10.600,"6,077.44",3,189.391,"4,92,131.11",883,"8,265.337","4,89,536.36",49,119,331,0,9,90.615,"6,948.40",34,892,"8,355.952","5,09,288.08","Page 1 of 1     Generated on : 12/03/2025 19:29 PM     2014 NRRDA, All rights reserved"
Pradhan Mantri Gram Sadak Yojana,Monthly Report Format for Physical & Financial Progress under PMGSY,State: Arunachal Pradesh     District: All Districts     Block: All Blocks     Year: 2020     Month: January     Collaboration: All Collaborations     Agency:  Rural Works Department   Scheme: All Scheme,Note : All Costs and Expenditures in Lakhs and Length in Kms.,Clearance,Progress During Month,Cumulative Progress,New Connectivity,Upgradation,Total,New Connectivity,Upgradation,Total,New Connectivity,Upgradation,Total,Sr.No.,Sanction Year,Nos.,Length,Cost,1000+,999-500,499-250 (Eligible),Nos.,Length,Cost,LSB Nos.,Road Nos.,Road Length,Cost,Funds Released,Nos.,Length,Expenditure,1000+,999-500,499-250 (Eligible),Nos.,Length,Expenditure,Nos.,Length,Expenditure,Nos.,Length,Expenditure,1000+,999-500,499-250 (Eligible),Nos.,Length,Expenditure,LSB Nos.,Road Nos.,Road Length,Expenditure,Lohit,2019 - 2020,0,0.000,0.00,0,0,0,0,2,15.640,901.12,0,2,15.640,901.12,0.00,0,0.000,0.00,0,0,0,0,0,0.000,0.00,0,0.000,0.00,0,0.000,,0,0,0,0,0,0.000,0.00,0,0,0.000,0.00,Total,14,48.900,"1,250.42",1,2,2,0,9,69.650,"9,448.55",6,23,118.550,"10,698.97",0.00,0,0.000,"1,229.83",0,0,0,0,0,0.000,0.00,0,0.000,"1,229.83",14,49.130,"1,229.83",1,2,2,0,0,0.000,0.00,0,14,49.130,"1,229.83",Grand Total,"1,387","14,515.167","11,73,314.32",49,126,466,0,276,"2,265.694","2,16,564.43",303,"1,663","16,780.861","13,89,878.75",0.00,3,178.791,"4,73,770.52",0,0,3,0,0,10.600,"6,077.44",3,189.391,"4,92,131.11",883,"8,265.337","4,89,536.36",49,119,331,0,9,90.615,"6,948.40",34,892,"8,355.952","5,09,288.08","Page 1 of 1     Generated on : 12/03/2025 19:29 PM     2014 NRRDA, All rights reserved"
Pradhan Mantri Gram Sadak Yojana,Monthly Report Format for Physical & Financial Progress under PMGSY,State: Arunachal Pradesh     District: All Districts     Block: All Blocks     Year: 2020     Month: January     Collaboration: All Collaborations     Agency:  Rural Works Department   Scheme: All Scheme,Note : All Costs and Expenditures in Lakhs and Length in Kms.,Clearance,Progress During Month,Cumulative Progress,New Connectivity,Upgradation,Total,New Connectivity,Upgradation,Total,New Connectivity,Upgradation,Total,Sr.No.,Sanction Year,Nos.,Length,Cost,1000+,999-500,499-250 (Eligible),Nos.,Length,Cost,LSB Nos.,Road Nos.,Road Length,Cost,Funds Released,Nos.,Length,Expenditure,1000+,999-500,499-250 (Eligible),Nos.,Length,Expenditure,Nos.,Length,Expenditure,Nos.,Length,Expenditure,1000+,999-500,499-250 (Eligible),Nos.,Length,Expenditure,LSB Nos.,Road Nos.,Road Length,Expenditure,Lohit,2023 - 2024,0,0.000,0.00,0,0,0,0,3,19.760,"3,278.35",1,3,19.760,"3,278.35",0.00,0,0.000,0.00,0,0,0,0,0,0.000,0.00,0,0.000,0.00,0,0.000,,0,0,0,0,0,0.000,0.00,0,0,0.000,0.00,Total,14,48.900,"1,250.42",1,2,2,0,9,69.650,"9,448.55",6,23,118.550,"10,698.97",0.00,0,0.000,"1,229.83",0,0,0,0,0,0.000,0.00,0,0.000,"1,229.83",14,49.130,"1,229.83",1,2,2,0,0,0.000,0.00,0,14,49.130,"1,229.83",Grand Total,"1,387","14,515.167","11,73,314.32",49,126,466,0,276,"2,265.694","2,16,564.43",303,"1,663","16,780.861","13,89,878.75",0.00,3,178.791,"4,73,770.52",0,0,3,0,0,10.600,"6,077.44",3,189.391,"4,92,131.11",883,"8,265.337","4,89,536.36",49,119,331,0,9,90.615,"6,948.40",34,892,"8,355.952","5,09,288.08","Page 1 of 1     Generated on : 12/03/2025 19:29 PM     2014 NRRDA, All rights reserved"
Pradhan Mantri Gram Sadak Yojana,Monthly Report Format for Physical & Financial Progress under PMGSY,State: Arunachal Pradesh     District: All Districts     Block: All Blocks     Year: 2020     Month: January     Collaboration: All Collaborations     Agency:  Rural Works Department   Scheme: All Scheme,Note : All Costs and Expenditures in Lakhs and Length in Kms.,Clearance,Progress During Month,Cumulative Progress,New Connectivity,Upgradation,Total,New Connectivity,Upgradation,Total,New Connectivity,Upgradation,Total,Sr.No.,Sanction Year,Nos.,Length,Cost,1000+,999-500,499-250 (Eligible),Nos.,Length,Cost,LSB Nos.,Road Nos.,Road Length,Cost,Funds Released,Nos.,Length,Expenditure,1000+,999-500,499-250 (Eligible),Nos.,Length,Expenditure,Nos.,Length,Expenditure,Nos.,Length,Expenditure,1000+,999-500,499-250 (Eligible),Nos.,Length,Expenditure,LSB Nos.,Road Nos.,Road Length,Expenditure,Lohit,2024 - 2025,0,0.000,0.00,0,0,0,0,4,34.250,"5,269.08",5,4,34.250,"5,269.08",0.00,0,0.000,0.00,0,0,0,0,0,0.000,0.00,0,0.000,0.00,0,0.000,,0,0,0,0,0,0.000,0.00,0,0,0.000,0.00,Total,14,48.900,"1,250.42",1,2,2,0,9,69.650,"9,448.55",6,23,118.550,"10,698.97",0.00,0,0.000,"1,229.83",0,0,0,0,0,0.000,0.00,0,0.000,"1,229.83",14,49.130,"1,229.83",1,2,2,0,0,0.000,0.00,0,14,49.130,"1,229.83",Grand Total,"1,387","14,515.167","11,73,314.32",49,126,466,0,276,"2,265.694","2,16,564.43",303,"1,663","16,780.861","13,89,878.75",0.00,3,178.791,"4,73,770.52",0,0,3,0,0,10.600,"6,077.44",3,189.391,"4,92,131.11",883,"8,265.337","4,89,536.36",49,119,331,0,9,90.615,"6,948.40",34,892,"8,355.952","5,09,288.08","Page 1 of 1     Generated on : 12/03/2025 19:29 PM     2014 NRRDA, All rights reserved"
Pradhan Mantri Gram Sadak Yojana,Monthly Report Format for Physical & Financial Progress under PMGSY,State: Arunachal Pradesh     District: All Districts     Block: All Blocks     Year: 2020     Month: January     Collaboration: All Collaborations     Agency:  Rural Works Department   Scheme: All Scheme,Note : All Costs and Expenditures in Lakhs and Length in Kms.,Clearance,Progress During Month,Cumulative Progress,New Connectivity,Upgradation,Total,New Connectivity,Upgradation,Total,New Connectivity,Upgradation,Total,Sr.No.,Sanction Year,Nos.,Length,Cost,1000+,999-500,499-250 (Eligible),Nos.,Length,Cost,LSB Nos.,Road Nos.,Road Length,Cost,Funds Released,Nos.,Length,Expenditure,1000+,999-500,499-250 (Eligible),Nos.,Length,Expenditure,Nos.,Length,Expenditure,Nos.,Length,Expenditure,1000+,999-500,499-250 (Eligible),Nos.,Length,Expenditure,LSB Nos.,Road Nos.,Road Length,Expenditure,Longding,2000 - 2001,8,9.840,134.07,0,1,0,0,0,0.000,0.00,0,8,9.840,134.07,0.00,0,0.000,134.07,0,0,0,0,0,0.000,0.00,0,0.000,134.07,8,9.840,134.07,0,1,0,0,0,0.000,0.00,0,8,9.840,134.07,Total,70,632.946,"36,529.63",14,14,9,0,21,160.970,"15,065.37",0,91,793.916,"51,595.00",0.00,1,5.370,"29,890.89",0,0,1,0,0,0.000,0.00,1,5.370,"29,890.89",57,548.951,"29,890.89",14,14,7,0,0,0.000,0.00,0,57,548.951,"29,890.89",Grand Total,"1,387","14,515.167","11,73,314.32",49,126,466,0,276,"2,265.694","2,16,564.43",303,"1,663","16,780.861","13,89,878.75",0.00,3,178.791,"4,73,770.52",0,0,3,0,0,10.600,"6,077.44",3,189.391,"4,92,131.11",883,"8,265.337","4,89,536.36",49,119,331,0,9,90.615,"6,948.40",34,892,"8,355.952","5,09,288.08","Page 1 of 1     Generated on : 12/03/2025 19:29 PM     2014 NRRDA, All rights reserved"
Pradhan Mantri Gram Sadak Yojana,Monthly Report Format for Physical & Financial Progress under PMGSY,State: Arunachal Pradesh     District: All Districts     Block: All Blocks     Year: 2020     Month: January     Collaboration: All Collaborations     Agency:  Rural Works Department   Scheme: All Scheme,Note : All Costs and Expenditures in Lakhs and Length in Kms.,Clearance,Progress During Month,Cumulative Progress,New Connectivity,Upgradation,Total,New Connectivity,Upgradation,Total,New Connectivity,Upgradation,Total,Sr.No.,Sanction Year,Nos.,Length,Cost,1000+,999-500,499-250 (Eligible),Nos.,Length,Cost,LSB Nos.,Road Nos.,Road Length,Cost,Funds Released,Nos.,Length,Expenditure,1000+,999-500,499-250 (Eligible),Nos.,Length,Expenditure,Nos.,Length,Expenditure,Nos.,Length,Expenditure,1000+,999-500,499-250 (Eligible),Nos.,Length,Expenditure,LSB Nos.,Road Nos.,Road Length,Expenditure,Longding,2001 - 2002,7,33.620,383.52,3,3,0,0,0,0.000,0.00,0,7,33.620,383.52,0.00,0,0.000,383.51,0,0,0,0,0,0.000,0.00,0,0.000,383.51,7,33.620,383.51,3,3,0,0,0,0.000,0.00,0,7,33.620,383.51,Total,70,632.946,"36,529.63",14,14,9,0,21,160.970,"15,065.37",0,91,793.916,"51,595.00",0.00,1,5.370,"29,890.89",0,0,1,0,0,0.000,0.00,1,5.370,"29,890.89",57,548.951,"29,890.89",14,14,7,0,0,0.000,0.00,0,57,548.951,"29,890.89",Grand Total,"1,387","14,515.167","11,73,314.32",49,126,466,0,276,"2,265.694","2,16,564.43",303,"1,663","16,780.861","13,89,878.75",0.00,3,178.791,"4,73,770.52",0,0,3,0,0,10.600,"6,077.44",3,189.391,"4,92,131.11",883,"8,265.337","4,89,536.36",49,119,331,0,9,90.615,"6,948.40",34,892,"8,355.952","5,09,288.08","Page 1 of 1     Generated on : 12/03/2025 19:29 PM     2014 NRRDA, All rights reserved"
Pradhan Mantri Gram Sadak Yojana,Monthly Report Format for Physical & Financial Progress under PMGSY,State: Arunachal Pradesh     District: All Districts     Block: All Blocks     Year: 2020     Month: January     Collaboration: All Collaborations     Agency:  Rural Works Department   Scheme: All Scheme,Note : All Costs and Expenditures in Lakhs and Length in Kms.,Clearance,Progress During Month,Cumulative Progress,New Connectivity,Upgradation,Total,New Connectivity,Upgradation,Total,New Connectivity,Upgradation,Total,Sr.No.,Sanction Year,Nos.,Length,Cost,1000+,999-500,499-250 (Eligible),Nos.,Length,Cost,LSB Nos.,Road Nos.,Road Length,Cost,Funds Released,Nos.,Length,Expenditure,1000+,999-500,499-250 (Eligible),Nos.,Length,Expenditure,Nos.,Length,Expenditure,Nos.,Length,Expenditure,1000+,999-500,499-250 (Eligible),Nos.,Length,Expenditure,LSB Nos.,Road Nos.,Road Length,Expenditure,Longding,2004 - 2005,7,39.100,931.28,6,1,0,0,0,0.000,0.00,0,7,39.100,931.28,0.00,0,0.000,922.84,0,0,0,0,0,0.000,0.00,0,0.000,922.84,7,39.100,922.84,6,1,0,0,0,0.000,0.00,0,7,39.100,922.84,Total,70,632.946,"36,529.63",14,14,9,0,21,160.970,"15,065.37",0,91,793.916,"51,595.00",0.00,1,5.370,"29,890.89",0,0,1,0,0,0.000,0.00,1,5.370,"29,890.89",57,548.951,"29,890.89",14,14,7,0,0,0.000,0.00,0,57,548.951,"29,890.89",Grand Total,"1,387","14,515.167","11,73,314.32",49,126,466,0,276,"2,265.694","2,16,564.43",303,"1,663","16,780.861","13,89,878.75",0.00,3,178.791,"4,73,770.52",0,0,3,0,0,10.600,"6,077.44",3,189.391,"4,92,131.11",883,"8,265.337","4,89,536.36",49,119,331,0,9,90.615,"6,948.40",34,892,"8,355.952","5,09,288.08","Page 1 of 1     Generated on : 12/03/2025 19:29 PM     2014 NRRDA, All rights reserved"
Pradhan Mantri Gram Sadak Yojana,Monthly Report Format for Physical & Financial Progress under PMGSY,State: Arunachal Pradesh     District: All Districts     Block: All Blocks     Year: 2020     Month: January     Collaboration: All Collaborations     Agency:  Rural Works Department   Scheme: All Scheme,Note : All Costs and Expenditures in Lakhs and Length in Kms.,Clearance,Progress During Month,Cumulative Progress,New Connectivity,Upgradation,Total,New Connectivity,Upgradation,Total,New Connectivity,Upgradation,Total,Sr.No.,Sanction Year,Nos.,Length,Cost,1000+,999-500,499-250 (Eligible),Nos.,Length,Cost,LSB Nos.,Road Nos.,Road Length,Cost,Funds Released,Nos.,Length,Expenditure,1000+,999-500,499-250 (Eligible),Nos.,Length,Expenditure,Nos.,Length,Expenditure,Nos.,Length,Expenditure,1000+,999-500,499-250 (Eligible),Nos.,Length,Expenditure,LSB Nos.,Road Nos.,Road Length,Expenditure,Longding,2005 - 2006,4,60.300,"2,486.78",3,1,0,0,0,0.000,0.00,0,4,60.300,"2,486.78",0.00,0,0.000,"2,665.73",0,0,0,0,0,0.000,0.00,0,0.000,"2,665.73",4,60.300,"2,665.73",3,1,0,0,0,0.000,0.00,0,4,60.300,"2,665.73",Total,70,632.946,"36,529.63",14,14,9,0,21,160.970,"15,065.37",0,91,793.916,"51,595.00",0.00,1,5.370,"29,890.89",0,0,1,0,0,0.000,0.00,1,5.370,"29,890.89",57,548.951,"29,890.89",14,14,7,0,0,0.000,0.00,0,57,548.951,"29,890.89",Grand Total,"1,387","14,515.167","11,73,314.32",49,126,466,0,276,"2,265.694","2,16,564.43",303,"1,663","16,780.861","13,89,878.75",0.00,3,178.791,"4,73,770.52",0,0,3,0,0,10.600,"6,077.44",3,189.391,"4,92,131.11",883,"8,265.337","4,89,536.36",49,119,331,0,9,90.615,"6,948.40",34,892,"8,355.952","5,09,288.08","Page 1 of 1     Generated on : 12/03/2025 19:29 PM     2014 NRRDA, All rights reserved"
Pradhan Mantri Gram Sadak Yojana,Monthly Report Format for Physical & Financial Progress under PMGSY,State: Arunachal Pradesh     District: All Districts     Block: All Blocks     Year: 2020     Month: January     Collaboration: All Collaborations     Agency:  Rural Works Department   Scheme: All Scheme,Note : All Costs and Expenditures in Lakhs and Length in Kms.,Clearance,Progress During Month,Cumulative Progress,New Connectivity,Upgradation,Total,New Connectivity,Upgradation,Total,New Connectivity,Upgradation,Total,Sr.No.,Sanction Year,Nos.,Length,Cost,1000+,999-500,499-250 (Eligible),Nos.,Length,Cost,LSB Nos.,Road Nos.,Road Length,Cost,Funds Released,Nos.,Length,Expenditure,1000+,999-500,499-250 (Eligible),Nos.,Length,Expenditure,Nos.,Length,Expenditure,Nos.,Length,Expenditure,1000+,999-500,499-250 (Eligible),Nos.,Length,Expenditure,LSB Nos.,Road Nos.,Road Length,Expenditure,Longding,2007 - 2008,10,117.321,"6,176.54",2,6,1,0,0,0.000,0.00,0,10,117.321,"6,176.54",0.00,0,0.000,"6,173.34",0,0,0,0,0,0.000,0.00,0,0.000,"6,173.34",10,117.321,"6,173.34",2,6,1,0,0,0.000,0.00,0,10,117.321,"6,173.34",Total,70,632.946,"36,529.63",14,14,9,0,21,160.970,"15,065.37",0,91,793.916,"51,595.00",0.00,1,5.370,"29,890.89",0,0,1,0,0,0.000,0.00,1,5.370,"29,890.89",57,548.951,"29,890.89",14,14,7,0,0,0.000,0.00,0,57,548.951,"29,890.89",Grand Total,"1,387","14,515.167","11,73,314.32",49,126,466,0,276,"2,265.694","2,16,564.43",303,"1,663","16,780.861","13,89,878.75",0.00,3,178.791,"4,73,770.52",0,0,3,0,0,10.600,"6,077.44",3,189.391,"4,92,131.11",883,"8,265.337","4,89,536.36",49,119,331,0,9,90.615,"6,948.40",34,892,"8,355.952","5,09,288.08","Page 1 of 1     Generated on : 12/03/2025 19:29 PM     2014 NRRDA, All rights reserved"
Pradhan Mantri Gram Sadak Yojana,Monthly Report Format for Physical & Financial Progress under PMGSY,State: Arunachal Pradesh     District: All Districts     Block: All Blocks     Year: 2020     Month: January     Collaboration: All Collaborations     Agency:  Rural Works Department   Scheme: All Scheme,Note : All Costs and Expenditures in Lakhs and Length in Kms.,Clearance,Progress During Month,Cumulative Progress,New Connectivity,Upgradation,Total,New Connectivity,Upgradation,Total,New Connectivity,Upgradation,Total,Sr.No.,Sanction Year,Nos.,Length,Cost,1000+,999-500,499-250 (Eligible),Nos.,Length,Cost,LSB Nos.,Road Nos.,Road Length,Cost,Funds Released,Nos.,Length,Expenditure,1000+,999-500,499-250 (Eligible),Nos.,Length,Expenditure,Nos.,Length,Expenditure,Nos.,Length,Expenditure,1000+,999-500,499-250 (Eligible),Nos.,Length,Expenditure,LSB Nos.,Road Nos.,Road Length,Expenditure,Longding,2008 - 2009,3,25.010,"1,472.88",0,2,1,0,0,0.000,0.00,0,3,25.010,"1,472.88",0.00,0,0.000,"1,387.49",0,0,0,0,0,0.000,0.00,0,0.000,"1,387.49",3,25.010,"1,387.49",0,2,1,0,0,0.000,0.00,0,3,25.010,"1,387.49",Total,70,632.946,"36,529.63",14,14,9,0,21,160.970,"15,065.37",0,91,793.916,"51,595.00",0.00,1,5.370,"29,890.89",0,0,1,0,0,0.000,0.00,1,5.370,"29,890.89",57,548.951,"29,890.89",14,14,7,0,0,0.000,0.00,0,57,548.951,"29,890.89",Grand Total,"1,387","14,515.167","11,73,314.32",49,126,466,0,276,"2,265.694","2,16,564.43",303,"1,663","16,780.861","13,89,878.75",0.00,3,178.791,"4,73,770.52",0,0,3,0,0,10.600,"6,077.44",3,189.391,"4,92,131.11",883,"8,265.337","4,89,536.36",49,119,331,0,9,90.615,"6,948.40",34,892,"8,355.952","5,09,288.08","Page 1 of 1     Generated on : 12/03/2025 19:29 PM     2014 NRRDA, All rights reserved"
Pradhan Mantri Gram Sadak Yojana,Monthly Report Format for Physical & Financial Progress under PMGSY,State: Arunachal Pradesh     District: All Districts     Block: All Blocks     Year: 2020     Month: January     Collaboration: All Collaborations     Agency:  Rural Works Department   Scheme: All Scheme,Note : All Costs and Expenditures in Lakhs and Length in Kms.,Clearance,Progress During Month,Cumulative Progress,New Connectivity,Upgradation,Total,New Connectivity,Upgradation,Total,New Connectivity,Upgradation,Total,Sr.No.,Sanction Year,Nos.,Length,Cost,1000+,999-500,499-250 (Eligible),Nos.,Length,Cost,LSB Nos.,Road Nos.,Road Length,Cost,Funds Released,Nos.,Length,Expenditure,1000+,999-500,499-250 (Eligible),Nos.,Length,Expenditure,Nos.,Length,Expenditure,Nos.,Length,Expenditure,1000+,999-500,499-250 (Eligible),Nos.,Length,Expenditure,LSB Nos.,Road Nos.,Road Length,Expenditure,Longding,2012 - 2013,11,101.370,"6,783.85",0,0,0,0,0,0.000,0.00,0,11,101.370,"6,783.85",0.00,0,0.000,"6,765.27",0,0,0,0,0,0.000,0.00,0,0.000,"6,765.27",11,101.230,"6,765.27",0,0,0,0,0,0.000,0.00,0,11,101.230,"6,765.27",Total,70,632.946,"36,529.63",14,14,9,0,21,160.970,"15,065.37",0,91,793.916,"51,595.00",0.00,1,5.370,"29,890.89",0,0,1,0,0,0.000,0.00,1,5.370,"29,890.89",57,548.951,"29,890.89",14,14,7,0,0,0.000,0.00,0,57,548.951,"29,890.89",Grand Total,"1,387","14,515.167","11,73,314.32",49,126,466,0,276,"2,265.694","2,16,564.43",303,"1,663","16,780.861","13,89,878.75",0.00,3,178.791,"4,73,770.52",0,0,3,0,0,10.600,"6,077.44",3,189.391,"4,92,131.11",883,"8,265.337","4,89,536.36",49,119,331,0,9,90.615,"6,948.40",34,892,"8,355.952","5,09,288.08","Page 1 of 1     Generated on : 12/03/2025 19:29 PM     2014 NRRDA, All rights reserved"
Pradhan Mantri Gram Sadak Yojana,Monthly Report Format for Physical & Financial Progress under PMGSY,State: Arunachal Pradesh     District: All Districts     Block: All Blocks     Year: 2020     Month: January     Collaboration: All Collaborations     Agency:  Rural Works Department   Scheme: All Scheme,Note : All Costs and Expenditures in Lakhs and Length in Kms.,Clearance,Progress During Month,Cumulative Progress,New Connectivity,Upgradation,Total,New Connectivity,Upgradation,Total,New Connectivity,Upgradation,Total,Sr.No.,Sanction Year,Nos.,Length,Cost,1000+,999-500,499-250 (Eligible),Nos.,Length,Cost,LSB Nos.,Road Nos.,Road Length,Cost,Funds Released,Nos.,Length,Expenditure,1000+,999-500,499-250 (Eligible),Nos.,Length,Expenditure,Nos.,Length,Expenditure,Nos.,Length,Expenditure,1000+,999-500,499-250 (Eligible),Nos.,Length,Expenditure,LSB Nos.,Road Nos.,Road Length,Expenditure,Longding,2013 - 2014,4,27.900,"2,325.14",0,0,4,0,0,0.000,0.00,0,4,27.900,"2,325.14",0.00,0,0.000,"2,204.97",0,0,0,0,0,0.000,0.00,0,0.000,"2,204.97",4,27.900,"2,204.97",0,0,4,0,0,0.000,0.00,0,4,27.900,"2,204.97",Total,70,632.946,"36,529.63",14,14,9,0,21,160.970,"15,065.37",0,91,793.916,"51,595.00",0.00,1,5.370,"29,890.89",0,0,1,0,0,0.000,0.00,1,5.370,"29,890.89",57,548.951,"29,890.89",14,14,7,0,0,0.000,0.00,0,57,548.951,"29,890.89",Grand Total,"1,387","14,515.167","11,73,314.32",49,126,466,0,276,"2,265.694","2,16,564.43",303,"1,663","16,780.861","13,89,878.75",0.00,3,178.791,"4,73,770.52",0,0,3,0,0,10.600,"6,077.44",3,189.391,"4,92,131.11",883,"8,265.337","4,89,536.36",49,119,331,0,9,90.615,"6,948.40",34,892,"8,355.952","5,09,288.08","Page 1 of 1     Generated on : 12/03/2025 19:29 PM     2014 NRRDA, All rights reserved"
Pradhan Mantri Gram Sadak Yojana,Monthly Report Format for Physical & Financial Progress under PMGSY,State: Arunachal Pradesh     District: All Districts     Block: All Blocks     Year: 2020     Month: January     Collaboration: All Collaborations     Agency:  Rural Works Department   Scheme: All Scheme,Note : All Costs and Expenditures in Lakhs and Length in Kms.,Clearance,Progress During Month,Cumulative Progress,New Connectivity,Upgradation,Total,New Connectivity,Upgradation,Total,New Connectivity,Upgradation,Total,Sr.No.,Sanction Year,Nos.,Length,Cost,1000+,999-500,499-250 (Eligible),Nos.,Length,Cost,LSB Nos.,Road Nos.,Road Length,Cost,Funds Released,Nos.,Length,Expenditure,1000+,999-500,499-250 (Eligible),Nos.,Length,Expenditure,Nos.,Length,Expenditure,Nos.,Length,Expenditure,1000+,999-500,499-250 (Eligible),Nos.,Length,Expenditure,LSB Nos.,Road Nos.,Road Length,Expenditure,Longding,2014 - 2015,1,33.000,"2,937.06",0,0,1,0,0,0.000,0.00,0,1,33.000,"2,937.06",0.00,1,0.000,"2,649.27",0,0,1,0,0,0.000,0.00,1,0.000,"2,649.27",1,33.000,"2,649.27",0,0,1,0,0,0.000,0.00,0,1,33.000,"2,649.27",Total,70,632.946,"36,529.63",14,14,9,0,21,160.970,"15,065.37",0,91,793.916,"51,595.00",0.00,1,5.370,"29,890.89",0,0,1,0,0,0.000,0.00,1,5.370,"29,890.89",57,548.951,"29,890.89",14,14,7,0,0,0.000,0.00,0,57,548.951,"29,890.89",Grand Total,"1,387","14,515.167","11,73,314.32",49,126,466,0,276,"2,265.694","2,16,564.43",303,"1,663","16,780.861","13,89,878.75",0.00,3,178.791,"4,73,770.52",0,0,3,0,0,10.600,"6,077.44",3,189.391,"4,92,131.11",883,"8,265.337","4,89,536.36",49,119,331,0,9,90.615,"6,948.40",34,892,"8,355.952","5,09,288.08","Page 1 of 1     Generated on : 12/03/2025 19:29 PM     2014 NRRDA, All rights reserved"
Pradhan Mantri Gram Sadak Yojana,Monthly Report Format for Physical & Financial Progress under PMGSY,State: Arunachal Pradesh     District: All Districts     Block: All Blocks     Year: 2020     Month: January     Collaboration: All Collaborations     Agency:  Rural Works Department   Scheme: All Scheme,Note : All Costs and Expenditures in Lakhs and Length in Kms.,Clearance,Progress During Month,Cumulative Progress,New Connectivity,Upgradation,Total,New Connectivity,Upgradation,Total,New Connectivity,Upgradation,Total,Sr.No.,Sanction Year,Nos.,Length,Cost,1000+,999-500,499-250 (Eligible),Nos.,Length,Cost,LSB Nos.,Road Nos.,Road Length,Cost,Funds Released,Nos.,Length,Expenditure,1000+,999-500,499-250 (Eligible),Nos.,Length,Expenditure,Nos.,Length,Expenditure,Nos.,Length,Expenditure,1000+,999-500,499-250 (Eligible),Nos.,Length,Expenditure,LSB Nos.,Road Nos.,Road Length,Expenditure,Longding,2016 - 2017,8,119.285,"9,125.86",0,0,0,0,0,0.000,0.00,0,8,119.285,"9,125.86",0.00,0,4.370,"6,242.19",0,0,0,0,0,0.000,0.00,0,4.370,"6,242.19",2,100.630,"6,242.19",0,0,0,0,0,0.000,0.00,0,2,100.630,"6,242.19",Total,70,632.946,"36,529.63",14,14,9,0,21,160.970,"15,065.37",0,91,793.916,"51,595.00",0.00,1,5.370,"29,890.89",0,0,1,0,0,0.000,0.00,1,5.370,"29,890.89",57,548.951,"29,890.89",14,14,7,0,0,0.000,0.00,0,57,548.951,"29,890.89",Grand Total,"1,387","14,515.167","11,73,314.32",49,126,466,0,276,"2,265.694","2,16,564.43",303,"1,663","16,780.861","13,89,878.75",0.00,3,178.791,"4,73,770.52",0,0,3,0,0,10.600,"6,077.44",3,189.391,"4,92,131.11",883,"8,265.337","4,89,536.36",49,119,331,0,9,90.615,"6,948.40",34,892,"8,355.952","5,09,288.08","Page 1 of 1     Generated on : 12/03/2025 19:29 PM     2014 NRRDA, All rights reserved"
Pradhan Mantri Gram Sadak Yojana,Monthly Report Format for Physical & Financial Progress under PMGSY,State: Arunachal Pradesh     District: All Districts     Block: All Blocks     Year: 2020     Month: January     Collaboration: All Collaborations     Agency:  Rural Works Department   Scheme: All Scheme,Note : All Costs and Expenditures in Lakhs and Length in Kms.,Clearance,Progress During Month,Cumulative Progress,New Connectivity,Upgradation,Total,New Connectivity,Upgradation,Total,New Connectivity,Upgradation,Total,Sr.No.,Sanction Year,Nos.,Length,Cost,1000+,999-500,499-250 (Eligible),Nos.,Length,Cost,LSB Nos.,Road Nos.,Road Length,Cost,Funds Released,Nos.,Length,Expenditure,1000+,999-500,499-250 (Eligible),Nos.,Length,Expenditure,Nos.,Length,Expenditure,Nos.,Length,Expenditure,1000+,999-500,499-250 (Eligible),Nos.,Length,Expenditure,LSB Nos.,Road Nos.,Road Length,Expenditure,Longding,2018 - 2019,7,66.200,"3,772.65",0,0,2,0,0,0.000,0.00,0,7,66.200,"3,772.65",0.00,0,1.000,362.21,0,0,0,0,0,0.000,0.00,0,1.000,362.21,0,1.000,362.21,0,0,0,0,0,0.000,0.00,0,0,1.000,362.21,Total,70,632.946,"36,529.63",14,14,9,0,21,160.970,"15,065.37",0,91,793.916,"51,595.00",0.00,1,5.370,"29,890.89",0,0,1,0,0,0.000,0.00,1,5.370,"29,890.89",57,548.951,"29,890.89",14,14,7,0,0,0.000,0.00,0,57,548.951,"29,890.89",Grand Total,"1,387","14,515.167","11,73,314.32",49,126,466,0,276,"2,265.694","2,16,564.43",303,"1,663","16,780.861","13,89,878.75",0.00,3,178.791,"4,73,770.52",0,0,3,0,0,10.600,"6,077.44",3,189.391,"4,92,131.11",883,"8,265.337","4,89,536.36",49,119,331,0,9,90.615,"6,948.40",34,892,"8,355.952","5,09,288.08","Page 1 of 1     Generated on : 12/03/2025 19:29 PM     2014 NRRDA, All rights reserved"
Pradhan Mantri Gram Sadak Yojana,Monthly Report Format for Physical & Financial Progress under PMGSY,State: Arunachal Pradesh     District: All Districts     Block: All Blocks     Year: 2020     Month: January     Collaboration: All Collaborations     Agency:  Rural Works Department   Scheme: All Scheme,Note : All Costs and Expenditures in Lakhs and Length in Kms.,Clearance,Progress During Month,Cumulative Progress,New Connectivity,Upgradation,Total,New Connectivity,Upgradation,Total,New Connectivity,Upgradation,Total,Sr.No.,Sanction Year,Nos.,Length,Cost,1000+,999-500,499-250 (Eligible),Nos.,Length,Cost,LSB Nos.,Road Nos.,Road Length,Cost,Funds Released,Nos.,Length,Expenditure,1000+,999-500,499-250 (Eligible),Nos.,Length,Expenditure,Nos.,Length,Expenditure,Nos.,Length,Expenditure,1000+,999-500,499-250 (Eligible),Nos.,Length,Expenditure,LSB Nos.,Road Nos.,Road Length,Expenditure,Longding,2019 - 2020,0,0.000,0.00,0,0,0,0,3,13.700,"1,337.20",0,3,13.700,"1,337.20",0.00,0,0.000,0.00,0,0,0,0,0,0.000,0.00,0,0.000,0.00,0,0.000,,0,0,0,0,0,0.000,0.00,0,0,0.000,0.00,Total,70,632.946,"36,529.63",14,14,9,0,21,160.970,"15,065.37",0,91,793.916,"51,595.00",0.00,1,5.370,"29,890.89",0,0,1,0,0,0.000,0.00,1,5.370,"29,890.89",57,548.951,"29,890.89",14,14,7,0,0,0.000,0.00,0,57,548.951,"29,890.89",Grand Total,"1,387","14,515.167","11,73,314.32",49,126,466,0,276,"2,265.694","2,16,564.43",303,"1,663","16,780.861","13,89,878.75",0.00,3,178.791,"4,73,770.52",0,0,3,0,0,10.600,"6,077.44",3,189.391,"4,92,131.11",883,"8,265.337","4,89,536.36",49,119,331,0,9,90.615,"6,948.40",34,892,"8,355.952","5,09,288.08","Page 1 of 1     Generated on : 12/03/2025 19:29 PM     2014 NRRDA, All rights reserved"
Pradhan Mantri Gram Sadak Yojana,Monthly Report Format for Physical & Financial Progress under PMGSY,State: Arunachal Pradesh     District: All Districts     Block: All Blocks     Year: 2020     Month: January     Collaboration: All Collaborations     Agency:  Rural Works Department   Scheme: All Scheme,Note : All Costs and Expenditures in Lakhs and Length in Kms.,Clearance,Progress During Month,Cumulative Progress,New Connectivity,Upgradation,Total,New Connectivity,Upgradation,Total,New Connectivity,Upgradation,Total,Sr.No.,Sanction Year,Nos.,Length,Cost,1000+,999-500,499-250 (Eligible),Nos.,Length,Cost,LSB Nos.,Road Nos.,Road Length,Cost,Funds Released,Nos.,Length,Expenditure,1000+,999-500,499-250 (Eligible),Nos.,Length,Expenditure,Nos.,Length,Expenditure,Nos.,Length,Expenditure,1000+,999-500,499-250 (Eligible),Nos.,Length,Expenditure,LSB Nos.,Road Nos.,Road Length,Expenditure,Longding,2023 - 2024,0,0.000,0.00,0,0,0,0,15,130.870,"12,257.63",0,15,130.870,"12,257.63",0.00,0,0.000,0.00,0,0,0,0,0,0.000,0.00,0,0.000,0.00,0,0.000,,0,0,0,0,0,0.000,0.00,0,0,0.000,0.00,Total,70,632.946,"36,529.63",14,14,9,0,21,160.970,"15,065.37",0,91,793.916,"51,595.00",0.00,1,5.370,"29,890.89",0,0,1,0,0,0.000,0.00,1,5.370,"29,890.89",57,548.951,"29,890.89",14,14,7,0,0,0.000,0.00,0,57,548.951,"29,890.89",Grand Total,"1,387","14,515.167","11,73,314.32",49,126,466,0,276,"2,265.694","2,16,564.43",303,"1,663","16,780.861","13,89,878.75",0.00,3,178.791,"4,73,770.52",0,0,3,0,0,10.600,"6,077.44",3,189.391,"4,92,131.11",883,"8,265.337","4,89,536.36",49,119,331,0,9,90.615,"6,948.40",34,892,"8,355.952","5,09,288.08","Page 1 of 1     Generated on : 12/03/2025 19:29 PM     2014 NRRDA, All rights reserved"
Pradhan Mantri Gram Sadak Yojana,Monthly Report Format for Physical & Financial Progress under PMGSY,State: Arunachal Pradesh     District: All Districts     Block: All Blocks     Year: 2020     Month: January     Collaboration: All Collaborations     Agency:  Rural Works Department   Scheme: All Scheme,Note : All Costs and Expenditures in Lakhs and Length in Kms.,Clearance,Progress During Month,Cumulative Progress,New Connectivity,Upgradation,Total,New Connectivity,Upgradation,Total,New Connectivity,Upgradation,Total,Sr.No.,Sanction Year,Nos.,Length,Cost,1000+,999-500,499-250 (Eligible),Nos.,Length,Cost,LSB Nos.,Road Nos.,Road Length,Cost,Funds Released,Nos.,Length,Expenditure,1000+,999-500,499-250 (Eligible),Nos.,Length,Expenditure,Nos.,Length,Expenditure,Nos.,Length,Expenditure,1000+,999-500,499-250 (Eligible),Nos.,Length,Expenditure,LSB Nos.,Road Nos.,Road Length,Expenditure,Longding,2024 - 2025,0,0.000,0.00,0,0,0,0,3,16.400,"1,470.54",0,3,16.400,"1,470.54",0.00,0,0.000,0.00,0,0,0,0,0,0.000,0.00,0,0.000,0.00,0,0.000,,0,0,0,0,0,0.000,0.00,0,0,0.000,0.00,Total,70,632.946,"36,529.63",14,14,9,0,21,160.970,"15,065.37",0,91,793.916,"51,595.00",0.00,1,5.370,"29,890.89",0,0,1,0,0,0.000,0.00,1,5.370,"29,890.89",57,548.951,"29,890.89",14,14,7,0,0,0.000,0.00,0,57,548.951,"29,890.89",Grand Total,"1,387","14,515.167","11,73,314.32",49,126,466,0,276,"2,265.694","2,16,564.43",303,"1,663","16,780.861","13,89,878.75",0.00,3,178.791,"4,73,770.52",0,0,3,0,0,10.600,"6,077.44",3,189.391,"4,92,131.11",883,"8,265.337","4,89,536.36",49,119,331,0,9,90.615,"6,948.40",34,892,"8,355.952","5,09,288.08","Page 1 of 1     Generated on : 12/03/2025 19:29 PM     2014 NRRDA, All rights reserved"
Pradhan Mantri Gram Sadak Yojana,Monthly Report Format for Physical & Financial Progress under PMGSY,State: Arunachal Pradesh     District: All Districts     Block: All Blocks     Year: 2020     Month: January     Collaboration: All Collaborations     Agency:  Rural Works Department   Scheme: All Scheme,Note : All Costs and Expenditures in Lakhs and Length in Kms.,Clearance,Progress During Month,Cumulative Progress,New Connectivity,Upgradation,Total,New Connectivity,Upgradation,Total,New Connectivity,Upgradation,Total,Sr.No.,Sanction Year,Nos.,Length,Cost,1000+,999-500,499-250 (Eligible),Nos.,Length,Cost,LSB Nos.,Road Nos.,Road Length,Cost,Funds Released,Nos.,Length,Expenditure,1000+,999-500,499-250 (Eligible),Nos.,Length,Expenditure,Nos.,Length,Expenditure,Nos.,Length,Expenditure,1000+,999-500,499-250 (Eligible),Nos.,Length,Expenditure,LSB Nos.,Road Nos.,Road Length,Expenditure,Lower Dibang Valley,2000 - 2001,7,8.590,144.40,0,0,1,0,0,0.000,0.00,0,7,8.590,144.40,0.00,0,0.000,144.40,0,0,0,0,0,0.000,0.00,0,0.000,144.40,7,8.590,144.40,0,0,1,0,0,0.000,0.00,0,7,8.590,144.40,Total,23,120.430,"6,315.46",0,3,7,0,16,96.750,"10,618.43",9,39,217.180,"16,933.89",0.00,0,2.000,"3,414.74",0,0,0,0,0,0.000,"2,456.48",0,2.000,"5,983.89",18,88.960,"3,527.41",0,3,5,0,6,34.150,"2,627.72",1,24,123.110,"6,267.80",Grand Total,"1,387","14,515.167","11,73,314.32",49,126,466,0,276,"2,265.694","2,16,564.43",303,"1,663","16,780.861","13,89,878.75",0.00,3,178.791,"4,73,770.52",0,0,3,0,0,10.600,"6,077.44",3,189.391,"4,92,131.11",883,"8,265.337","4,89,536.36",49,119,331,0,9,90.615,"6,948.40",34,892,"8,355.952","5,09,288.08","Page 1 of 1     Generated on : 12/03/2025 19:29 PM     2014 NRRDA, All rights reserved"
Pradhan Mantri Gram Sadak Yojana,Monthly Report Format for Physical & Financial Progress under PMGSY,State: Arunachal Pradesh     District: All Districts     Block: All Blocks     Year: 2020     Month: January     Collaboration: All Collaborations     Agency:  Rural Works Department   Scheme: All Scheme,Note : All Costs and Expenditures in Lakhs and Length in Kms.,Clearance,Progress During Month,Cumulative Progress,New Connectivity,Upgradation,Total,New Connectivity,Upgradation,Total,New Connectivity,Upgradation,Total,Sr.No.,Sanction Year,Nos.,Length,Cost,1000+,999-500,499-250 (Eligible),Nos.,Length,Cost,LSB Nos.,Road Nos.,Road Length,Cost,Funds Released,Nos.,Length,Expenditure,1000+,999-500,499-250 (Eligible),Nos.,Length,Expenditure,Nos.,Length,Expenditure,Nos.,Length,Expenditure,1000+,999-500,499-250 (Eligible),Nos.,Length,Expenditure,LSB Nos.,Road Nos.,Road Length,Expenditure,Lower Dibang Valley,2001 - 2002,4,30.780,319.58,0,0,3,0,0,0.000,0.00,0,4,30.780,319.58,0.00,0,0.000,319.72,0,0,0,0,0,0.000,0.00,0,0.000,319.72,4,30.780,319.72,0,0,3,0,0,0.000,0.00,0,4,30.780,319.72,Total,23,120.430,"6,315.46",0,3,7,0,16,96.750,"10,618.43",9,39,217.180,"16,933.89",0.00,0,2.000,"3,414.74",0,0,0,0,0,0.000,"2,456.48",0,2.000,"5,983.89",18,88.960,"3,527.41",0,3,5,0,6,34.150,"2,627.72",1,24,123.110,"6,267.80",Grand Total,"1,387","14,515.167","11,73,314.32",49,126,466,0,276,"2,265.694","2,16,564.43",303,"1,663","16,780.861","13,89,878.75",0.00,3,178.791,"4,73,770.52",0,0,3,0,0,10.600,"6,077.44",3,189.391,"4,92,131.11",883,"8,265.337","4,89,536.36",49,119,331,0,9,90.615,"6,948.40",34,892,"8,355.952","5,09,288.08","Page 1 of 1     Generated on : 12/03/2025 19:29 PM     2014 NRRDA, All rights reserved"
Pradhan Mantri Gram Sadak Yojana,Monthly Report Format for Physical & Financial Progress under PMGSY,State: Arunachal Pradesh     District: All Districts     Block: All Blocks     Year: 2020     Month: January     Collaboration: All Collaborations     Agency:  Rural Works Department   Scheme: All Scheme,Note : All Costs and Expenditures in Lakhs and Length in Kms.,Clearance,Progress During Month,Cumulative Progress,New Connectivity,Upgradation,Total,New Connectivity,Upgradation,Total,New Connectivity,Upgradation,Total,Sr.No.,Sanction Year,Nos.,Length,Cost,1000+,999-500,499-250 (Eligible),Nos.,Length,Cost,LSB Nos.,Road Nos.,Road Length,Cost,Funds Released,Nos.,Length,Expenditure,1000+,999-500,499-250 (Eligible),Nos.,Length,Expenditure,Nos.,Length,Expenditure,Nos.,Length,Expenditure,1000+,999-500,499-250 (Eligible),Nos.,Length,Expenditure,LSB Nos.,Road Nos.,Road Length,Expenditure,Lower Dibang Valley,2004 - 2005,2,3.500,180.90,0,2,0,0,0,0.000,0.00,0,2,3.500,180.90,0.00,0,0.000,148.27,0,0,0,0,0,0.000,0.00,0,0.000,148.27,2,3.500,148.27,0,2,0,0,0,0.000,0.00,0,2,3.500,148.27,Total,23,120.430,"6,315.46",0,3,7,0,16,96.750,"10,618.43",9,39,217.180,"16,933.89",0.00,0,2.000,"3,414.74",0,0,0,0,0,0.000,"2,456.48",0,2.000,"5,983.89",18,88.960,"3,527.41",0,3,5,0,6,34.150,"2,627.72",1,24,123.110,"6,267.80",Grand Total,"1,387","14,515.167","11,73,314.32",49,126,466,0,276,"2,265.694","2,16,564.43",303,"1,663","16,780.861","13,89,878.75",0.00,3,178.791,"4,73,770.52",0,0,3,0,0,10.600,"6,077.44",3,189.391,"4,92,131.11",883,"8,265.337","4,89,536.36",49,119,331,0,9,90.615,"6,948.40",34,892,"8,355.952","5,09,288.08","Page 1 of 1     Generated on : 12/03/2025 19:29 PM     2014 NRRDA, All rights reserved"
Pradhan Mantri Gram Sadak Yojana,Monthly Report Format for Physical & Financial Progress under PMGSY,State: Arunachal Pradesh     District: All Districts     Block: All Blocks     Year: 2020     Month: January     Collaboration: All Collaborations     Agency:  Rural Works Department   Scheme: All Scheme,Note : All Costs and Expenditures in Lakhs and Length in Kms.,Clearance,Progress During Month,Cumulative Progress,New Connectivity,Upgradation,Total,New Connectivity,Upgradation,Total,New Connectivity,Upgradation,Total,Sr.No.,Sanction Year,Nos.,Length,Cost,1000+,999-500,499-250 (Eligible),Nos.,Length,Cost,LSB Nos.,Road Nos.,Road Length,Cost,Funds Released,Nos.,Length,Expenditure,1000+,999-500,499-250 (Eligible),Nos.,Length,Expenditure,Nos.,Length,Expenditure,Nos.,Length,Expenditure,1000+,999-500,499-250 (Eligible),Nos.,Length,Expenditure,LSB Nos.,Road Nos.,Road Length,Expenditure,Lower Dibang Valley,2006 - 2007,1,12.850,412.40,0,0,0,0,0,0.000,0.00,0,1,12.850,412.40,0.00,0,0.000,403.28,0,0,0,0,0,0.000,0.00,0,0.000,403.28,1,12.850,403.28,0,0,0,0,0,0.000,0.00,0,1,12.850,403.28,Total,23,120.430,"6,315.46",0,3,7,0,16,96.750,"10,618.43",9,39,217.180,"16,933.89",0.00,0,2.000,"3,414.74",0,0,0,0,0,0.000,"2,456.48",0,2.000,"5,983.89",18,88.960,"3,527.41",0,3,5,0,6,34.150,"2,627.72",1,24,123.110,"6,267.80",Grand Total,"1,387","14,515.167","11,73,314.32",49,126,466,0,276,"2,265.694","2,16,564.43",303,"1,663","16,780.861","13,89,878.75",0.00,3,178.791,"4,73,770.52",0,0,3,0,0,10.600,"6,077.44",3,189.391,"4,92,131.11",883,"8,265.337","4,89,536.36",49,119,331,0,9,90.615,"6,948.40",34,892,"8,355.952","5,09,288.08","Page 1 of 1     Generated on : 12/03/2025 19:29 PM     2014 NRRDA, All rights reserved"
Pradhan Mantri Gram Sadak Yojana,Monthly Report Format for Physical & Financial Progress under PMGSY,State: Arunachal Pradesh     District: All Districts     Block: All Blocks     Year: 2020     Month: January     Collaboration: All Collaborations     Agency:  Rural Works Department   Scheme: All Scheme,Note : All Costs and Expenditures in Lakhs and Length in Kms.,Clearance,Progress During Month,Cumulative Progress,New Connectivity,Upgradation,Total,New Connectivity,Upgradation,Total,New Connectivity,Upgradation,Total,Sr.No.,Sanction Year,Nos.,Length,Cost,1000+,999-500,499-250 (Eligible),Nos.,Length,Cost,LSB Nos.,Road Nos.,Road Length,Cost,Funds Released,Nos.,Length,Expenditure,1000+,999-500,499-250 (Eligible),Nos.,Length,Expenditure,Nos.,Length,Expenditure,Nos.,Length,Expenditure,1000+,999-500,499-250 (Eligible),Nos.,Length,Expenditure,LSB Nos.,Road Nos.,Road Length,Expenditure,Lower Dibang Valley,2008 - 2009,1,1.830,115.33,0,1,0,0,6,32.150,"2,090.23",0,7,33.980,"2,205.56",0.00,0,0.000,106.01,0,0,0,0,0,0.000,"1,955.20",0,0.000,"2,061.21",1,1.830,106.01,0,1,0,0,6,32.150,"1,955.20",0,7,33.980,"2,061.21",Total,23,120.430,"6,315.46",0,3,7,0,16,96.750,"10,618.43",9,39,217.180,"16,933.89",0.00,0,2.000,"3,414.74",0,0,0,0,0,0.000,"2,456.48",0,2.000,"5,983.89",18,88.960,"3,527.41",0,3,5,0,6,34.150,"2,627.72",1,24,123.110,"6,267.80",Grand Total,"1,387","14,515.167","11,73,314.32",49,126,466,0,276,"2,265.694","2,16,564.43",303,"1,663","16,780.861","13,89,878.75",0.00,3,178.791,"4,73,770.52",0,0,3,0,0,10.600,"6,077.44",3,189.391,"4,92,131.11",883,"8,265.337","4,89,536.36",49,119,331,0,9,90.615,"6,948.40",34,892,"8,355.952","5,09,288.08","Page 1 of 1     Generated on : 12/03/2025 19:29 PM     2014 NRRDA, All rights reserved"
Pradhan Mantri Gram Sadak Yojana,Monthly Report Format for Physical & Financial Progress under PMGSY,State: Arunachal Pradesh     District: All Districts     Block: All Blocks     Year: 2020     Month: January     Collaboration: All Collaborations     Agency:  Rural Works Department   Scheme: All Scheme,Note : All Costs and Expenditures in Lakhs and Length in Kms.,Clearance,Progress During Month,Cumulative Progress,New Connectivity,Upgradation,Total,New Connectivity,Upgradation,Total,New Connectivity,Upgradation,Total,Sr.No.,Sanction Year,Nos.,Length,Cost,1000+,999-500,499-250 (Eligible),Nos.,Length,Cost,LSB Nos.,Road Nos.,Road Length,Cost,Funds Released,Nos.,Length,Expenditure,1000+,999-500,499-250 (Eligible),Nos.,Length,Expenditure,Nos.,Length,Expenditure,Nos.,Length,Expenditure,1000+,999-500,499-250 (Eligible),Nos.,Length,Expenditure,LSB Nos.,Road Nos.,Road Length,Expenditure,Lower Dibang Valley,2012 - 2013,3,29.410,"2,204.60",0,0,1,0,0,0.000,0.00,0,3,29.410,"2,204.60",0.00,0,0.000,"2,108.04",0,0,0,0,0,0.000,0.00,0,0.000,"2,108.04",3,29.410,"2,108.04",0,0,1,0,0,0.000,0.00,0,3,29.410,"2,108.04",Total,23,120.430,"6,315.46",0,3,7,0,16,96.750,"10,618.43",9,39,217.180,"16,933.89",0.00,0,2.000,"3,414.74",0,0,0,0,0,0.000,"2,456.48",0,2.000,"5,983.89",18,88.960,"3,527.41",0,3,5,0,6,34.150,"2,627.72",1,24,123.110,"6,267.80",Grand Total,"1,387","14,515.167","11,73,314.32",49,126,466,0,276,"2,265.694","2,16,564.43",303,"1,663","16,780.861","13,89,878.75",0.00,3,178.791,"4,73,770.52",0,0,3,0,0,10.600,"6,077.44",3,189.391,"4,92,131.11",883,"8,265.337","4,89,536.36",49,119,331,0,9,90.615,"6,948.40",34,892,"8,355.952","5,09,288.08","Page 1 of 1     Generated on : 12/03/2025 19:29 PM     2014 NRRDA, All rights reserved"
Pradhan Mantri Gram Sadak Yojana,Monthly Report Format for Physical & Financial Progress under PMGSY,State: Arunachal Pradesh     District: All Districts     Block: All Blocks     Year: 2020     Month: January     Collaboration: All Collaborations     Agency:  Rural Works Department   Scheme: All Scheme,Note : All Costs and Expenditures in Lakhs and Length in Kms.,Clearance,Progress During Month,Cumulative Progress,New Connectivity,Upgradation,Total,New Connectivity,Upgradation,Total,New Connectivity,Upgradation,Total,Sr.No.,Sanction Year,Nos.,Length,Cost,1000+,999-500,499-250 (Eligible),Nos.,Length,Cost,LSB Nos.,Road Nos.,Road Length,Cost,Funds Released,Nos.,Length,Expenditure,1000+,999-500,499-250 (Eligible),Nos.,Length,Expenditure,Nos.,Length,Expenditure,Nos.,Length,Expenditure,1000+,999-500,499-250 (Eligible),Nos.,Length,Expenditure,LSB Nos.,Road Nos.,Road Length,Expenditure,Lower Dibang Valley,2013 - 2014,0,0.000,0.00,0,0,0,0,1,2.000,158.32,0,1,2.000,158.32,0.00,0,0.000,0.00,0,0,0,0,0,0.000,59.63,0,0.000,59.63,0,0.000,0.00,0,0,0,0,0,2.000,113.65,0,0,2.000,113.65,Total,23,120.430,"6,315.46",0,3,7,0,16,96.750,"10,618.43",9,39,217.180,"16,933.89",0.00,0,2.000,"3,414.74",0,0,0,0,0,0.000,"2,456.48",0,2.000,"5,983.89",18,88.960,"3,527.41",0,3,5,0,6,34.150,"2,627.72",1,24,123.110,"6,267.80",Grand Total,"1,387","14,515.167","11,73,314.32",49,126,466,0,276,"2,265.694","2,16,564.43",303,"1,663","16,780.861","13,89,878.75",0.00,3,178.791,"4,73,770.52",0,0,3,0,0,10.600,"6,077.44",3,189.391,"4,92,131.11",883,"8,265.337","4,89,536.36",49,119,331,0,9,90.615,"6,948.40",34,892,"8,355.952","5,09,288.08","Page 1 of 1     Generated on : 12/03/2025 19:29 PM     2014 NRRDA, All rights reserved"
Pradhan Mantri Gram Sadak Yojana,Monthly Report Format for Physical & Financial Progress under PMGSY,State: Arunachal Pradesh     District: All Districts     Block: All Blocks     Year: 2020     Month: January     Collaboration: All Collaborations     Agency:  Rural Works Department   Scheme: All Scheme,Note : All Costs and Expenditures in Lakhs and Length in Kms.,Clearance,Progress During Month,Cumulative Progress,New Connectivity,Upgradation,Total,New Connectivity,Upgradation,Total,New Connectivity,Upgradation,Total,Sr.No.,Sanction Year,Nos.,Length,Cost,1000+,999-500,499-250 (Eligible),Nos.,Length,Cost,LSB Nos.,Road Nos.,Road Length,Cost,Funds Released,Nos.,Length,Expenditure,1000+,999-500,499-250 (Eligible),Nos.,Length,Expenditure,Nos.,Length,Expenditure,Nos.,Length,Expenditure,1000+,999-500,499-250 (Eligible),Nos.,Length,Expenditure,LSB Nos.,Road Nos.,Road Length,Expenditure,Lower Dibang Valley,2016 - 2017,0,0.000,118.60,0,0,0,0,0,0.000,0.00,1,0,0.000,118.60,0.00,0,0.000,0.00,0,0,0,0,0,0.000,0.00,0,0.000,112.67,0,0.000,0.00,0,0,0,0,0,0.000,0.00,1,0,0.000,112.67,Total,23,120.430,"6,315.46",0,3,7,0,16,96.750,"10,618.43",9,39,217.180,"16,933.89",0.00,0,2.000,"3,414.74",0,0,0,0,0,0.000,"2,456.48",0,2.000,"5,983.89",18,88.960,"3,527.41",0,3,5,0,6,34.150,"2,627.72",1,24,123.110,"6,267.80",Grand Total,"1,387","14,515.167","11,73,314.32",49,126,466,0,276,"2,265.694","2,16,564.43",303,"1,663","16,780.861","13,89,878.75",0.00,3,178.791,"4,73,770.52",0,0,3,0,0,10.600,"6,077.44",3,189.391,"4,92,131.11",883,"8,265.337","4,89,536.36",49,119,331,0,9,90.615,"6,948.40",34,892,"8,355.952","5,09,288.08","Page 1 of 1     Generated on : 12/03/2025 19:29 PM     2014 NRRDA, All rights reserved"
Pradhan Mantri Gram Sadak Yojana,Monthly Report Format for Physical & Financial Progress under PMGSY,State: Arunachal Pradesh     District: All Districts     Block: All Blocks     Year: 2020     Month: January     Collaboration: All Collaborations     Agency:  Rural Works Department   Scheme: All Scheme,Note : All Costs and Expenditures in Lakhs and Length in Kms.,Clearance,Progress During Month,Cumulative Progress,New Connectivity,Upgradation,Total,New Connectivity,Upgradation,Total,New Connectivity,Upgradation,Total,Sr.No.,Sanction Year,Nos.,Length,Cost,1000+,999-500,499-250 (Eligible),Nos.,Length,Cost,LSB Nos.,Road Nos.,Road Length,Cost,Funds Released,Nos.,Length,Expenditure,1000+,999-500,499-250 (Eligible),Nos.,Length,Expenditure,Nos.,Length,Expenditure,Nos.,Length,Expenditure,1000+,999-500,499-250 (Eligible),Nos.,Length,Expenditure,LSB Nos.,Road Nos.,Road Length,Expenditure,Lower Dibang Valley,2018 - 2019,3,27.000,"1,622.36",0,0,2,0,1,23.370,"3,077.46",3,4,50.370,"4,699.82",0.00,0,2.000,185.02,0,0,0,0,0,0.000,441.65,0,2.000,626.67,0,2.000,297.69,0,0,0,0,0,0.000,558.87,0,0,2.000,856.56,Total,23,120.430,"6,315.46",0,3,7,0,16,96.750,"10,618.43",9,39,217.180,"16,933.89",0.00,0,2.000,"3,414.74",0,0,0,0,0,0.000,"2,456.48",0,2.000,"5,983.89",18,88.960,"3,527.41",0,3,5,0,6,34.150,"2,627.72",1,24,123.110,"6,267.80",Grand Total,"1,387","14,515.167","11,73,314.32",49,126,466,0,276,"2,265.694","2,16,564.43",303,"1,663","16,780.861","13,89,878.75",0.00,3,178.791,"4,73,770.52",0,0,3,0,0,10.600,"6,077.44",3,189.391,"4,92,131.11",883,"8,265.337","4,89,536.36",49,119,331,0,9,90.615,"6,948.40",34,892,"8,355.952","5,09,288.08","Page 1 of 1     Generated on : 12/03/2025 19:29 PM     2014 NRRDA, All rights reserved"
Pradhan Mantri Gram Sadak Yojana,Monthly Report Format for Physical & Financial Progress under PMGSY,State: Arunachal Pradesh     District: All Districts     Block: All Blocks     Year: 2020     Month: January     Collaboration: All Collaborations     Agency:  Rural Works Department   Scheme: All Scheme,Note : All Costs and Expenditures in Lakhs and Length in Kms.,Clearance,Progress During Month,Cumulative Progress,New Connectivity,Upgradation,Total,New Connectivity,Upgradation,Total,New Connectivity,Upgradation,Total,Sr.No.,Sanction Year,Nos.,Length,Cost,1000+,999-500,499-250 (Eligible),Nos.,Length,Cost,LSB Nos.,Road Nos.,Road Length,Cost,Funds Released,Nos.,Length,Expenditure,1000+,999-500,499-250 (Eligible),Nos.,Length,Expenditure,Nos.,Length,Expenditure,Nos.,Length,Expenditure,1000+,999-500,499-250 (Eligible),Nos.,Length,Expenditure,LSB Nos.,Road Nos.,Road Length,Expenditure,Lower Dibang Valley,2019 - 2020,0,0.000,0.00,0,0,0,0,4,18.000,882.25,0,4,18.000,882.25,0.00,0,0.000,0.00,0,0,0,0,0,0.000,0.00,0,0.000,0.00,0,0.000,,0,0,0,0,0,0.000,0.00,0,0,0.000,0.00,Total,23,120.430,"6,315.46",0,3,7,0,16,96.750,"10,618.43",9,39,217.180,"16,933.89",0.00,0,2.000,"3,414.74",0,0,0,0,0,0.000,"2,456.48",0,2.000,"5,983.89",18,88.960,"3,527.41",0,3,5,0,6,34.150,"2,627.72",1,24,123.110,"6,267.80",Grand Total,"1,387","14,515.167","11,73,314.32",49,126,466,0,276,"2,265.694","2,16,564.43",303,"1,663","16,780.861","13,89,878.75",0.00,3,178.791,"4,73,770.52",0,0,3,0,0,10.600,"6,077.44",3,189.391,"4,92,131.11",883,"8,265.337","4,89,536.36",49,119,331,0,9,90.615,"6,948.40",34,892,"8,355.952","5,09,288.08","Page 1 of 1     Generated on : 12/03/2025 19:29 PM     2014 NRRDA, All rights reserved"
Pradhan Mantri Gram Sadak Yojana,Monthly Report Format for Physical & Financial Progress under PMGSY,State: Arunachal Pradesh     District: All Districts     Block: All Blocks     Year: 2020     Month: January     Collaboration: All Collaborations     Agency:  Rural Works Department   Scheme: All Scheme,Note : All Costs and Expenditures in Lakhs and Length in Kms.,Clearance,Progress During Month,Cumulative Progress,New Connectivity,Upgradation,Total,New Connectivity,Upgradation,Total,New Connectivity,Upgradation,Total,Sr.No.,Sanction Year,Nos.,Length,Cost,1000+,999-500,499-250 (Eligible),Nos.,Length,Cost,LSB Nos.,Road Nos.,Road Length,Cost,Funds Released,Nos.,Length,Expenditure,1000+,999-500,499-250 (Eligible),Nos.,Length,Expenditure,Nos.,Length,Expenditure,Nos.,Length,Expenditure,1000+,999-500,499-250 (Eligible),Nos.,Length,Expenditure,LSB Nos.,Road Nos.,Road Length,Expenditure,Lower Dibang Valley,2023 - 2024,2,6.470,"1,197.29",0,0,0,0,2,10.950,695.59,0,4,17.420,"1,892.88",0.00,0,0.000,0.00,0,0,0,0,0,0.000,0.00,0,0.000,0.00,0,0.000,,0,0,0,0,0,0.000,0.00,0,0,0.000,0.00,Total,23,120.430,"6,315.46",0,3,7,0,16,96.750,"10,618.43",9,39,217.180,"16,933.89",0.00,0,2.000,"3,414.74",0,0,0,0,0,0.000,"2,456.48",0,2.000,"5,983.89",18,88.960,"3,527.41",0,3,5,0,6,34.150,"2,627.72",1,24,123.110,"6,267.80",Grand Total,"1,387","14,515.167","11,73,314.32",49,126,466,0,276,"2,265.694","2,16,564.43",303,"1,663","16,780.861","13,89,878.75",0.00,3,178.791,"4,73,770.52",0,0,3,0,0,10.600,"6,077.44",3,189.391,"4,92,131.11",883,"8,265.337","4,89,536.36",49,119,331,0,9,90.615,"6,948.40",34,892,"8,355.952","5,09,288.08","Page 1 of 1     Generated on : 12/03/2025 19:29 PM     2014 NRRDA, All rights reserved"
Pradhan Mantri Gram Sadak Yojana,Monthly Report Format for Physical & Financial Progress under PMGSY,State: Arunachal Pradesh     District: All Districts     Block: All Blocks     Year: 2020     Month: January     Collaboration: All Collaborations     Agency:  Rural Works Department   Scheme: All Scheme,Note : All Costs and Expenditures in Lakhs and Length in Kms.,Clearance,Progress During Month,Cumulative Progress,New Connectivity,Upgradation,Total,New Connectivity,Upgradation,Total,New Connectivity,Upgradation,Total,Sr.No.,Sanction Year,Nos.,Length,Cost,1000+,999-500,499-250 (Eligible),Nos.,Length,Cost,LSB Nos.,Road Nos.,Road Length,Cost,Funds Released,Nos.,Length,Expenditure,1000+,999-500,499-250 (Eligible),Nos.,Length,Expenditure,Nos.,Length,Expenditure,Nos.,Length,Expenditure,1000+,999-500,499-250 (Eligible),Nos.,Length,Expenditure,LSB Nos.,Road Nos.,Road Length,Expenditure,Lower Dibang Valley,2024 - 2025,0,0.000,0.00,0,0,0,0,2,10.280,"3,714.59",5,2,10.280,"3,714.59",0.00,0,0.000,0.00,0,0,0,0,0,0.000,0.00,0,0.000,0.00,0,0.000,,0,0,0,0,0,0.000,0.00,0,0,0.000,0.00,Total,23,120.430,"6,315.46",0,3,7,0,16,96.750,"10,618.43",9,39,217.180,"16,933.89",0.00,0,2.000,"3,414.74",0,0,0,0,0,0.000,"2,456.48",0,2.000,"5,983.89",18,88.960,"3,527.41",0,3,5,0,6,34.150,"2,627.72",1,24,123.110,"6,267.80",Grand Total,"1,387","14,515.167","11,73,314.32",49,126,466,0,276,"2,265.694","2,16,564.43",303,"1,663","16,780.861","13,89,878.75",0.00,3,178.791,"4,73,770.52",0,0,3,0,0,10.600,"6,077.44",3,189.391,"4,92,131.11",883,"8,265.337","4,89,536.36",49,119,331,0,9,90.615,"6,948.40",34,892,"8,355.952","5,09,288.08","Page 1 of 1     Generated on : 12/03/2025 19:29 PM     2014 NRRDA, All rights reserved"
Pradhan Mantri Gram Sadak Yojana,Monthly Report Format for Physical & Financial Progress under PMGSY,State: Arunachal Pradesh     District: All Districts     Block: All Blocks     Year: 2020     Month: January     Collaboration: All Collaborations     Agency:  Rural Works Department   Scheme: All Scheme,Note : All Costs and Expenditures in Lakhs and Length in Kms.,Clearance,Progress During Month,Cumulative Progress,New Connectivity,Upgradation,Total,New Connectivity,Upgradation,Total,New Connectivity,Upgradation,Total,Sr.No.,Sanction Year,Nos.,Length,Cost,1000+,999-500,499-250 (Eligible),Nos.,Length,Cost,LSB Nos.,Road Nos.,Road Length,Cost,Funds Released,Nos.,Length,Expenditure,1000+,999-500,499-250 (Eligible),Nos.,Length,Expenditure,Nos.,Length,Expenditure,Nos.,Length,Expenditure,1000+,999-500,499-250 (Eligible),Nos.,Length,Expenditure,LSB Nos.,Road Nos.,Road Length,Expenditure,Lower Siang,2000 - 2001,11,19.310,288.82,0,1,0,0,0,0.000,0.00,0,11,19.310,288.82,0.00,0,0.000,288.82,0,0,0,0,0,0.000,0.00,0,0.000,288.82,11,19.310,288.82,0,1,0,0,0,0.000,0.00,0,11,19.310,288.82,Total,44,276.100,"24,299.49",0,5,13,0,9,100.482,"13,258.06",32,53,376.582,"37,557.55",0.00,0,7.000,"7,647.38",0,0,0,0,0,0.000,0.00,0,7.000,"8,937.93",35,169.040,"8,425.45",0,5,8,0,0,0.000,0.00,3,35,169.040,"9,928.03",Grand Total,"1,387","14,515.167","11,73,314.32",49,126,466,0,276,"2,265.694","2,16,564.43",303,"1,663","16,780.861","13,89,878.75",0.00,3,178.791,"4,73,770.52",0,0,3,0,0,10.600,"6,077.44",3,189.391,"4,92,131.11",883,"8,265.337","4,89,536.36",49,119,331,0,9,90.615,"6,948.40",34,892,"8,355.952","5,09,288.08","Page 1 of 1     Generated on : 12/03/2025 19:29 PM     2014 NRRDA, All rights reserved"
Pradhan Mantri Gram Sadak Yojana,Monthly Report Format for Physical & Financial Progress under PMGSY,State: Arunachal Pradesh     District: All Districts     Block: All Blocks     Year: 2020     Month: January     Collaboration: All Collaborations     Agency:  Rural Works Department   Scheme: All Scheme,Note : All Costs and Expenditures in Lakhs and Length in Kms.,Clearance,Progress During Month,Cumulative Progress,New Connectivity,Upgradation,Total,New Connectivity,Upgradation,Total,New Connectivity,Upgradation,Total,Sr.No.,Sanction Year,Nos.,Length,Cost,1000+,999-500,499-250 (Eligible),Nos.,Length,Cost,LSB Nos.,Road Nos.,Road Length,Cost,Funds Released,Nos.,Length,Expenditure,1000+,999-500,499-250 (Eligible),Nos.,Length,Expenditure,Nos.,Length,Expenditure,Nos.,Length,Expenditure,1000+,999-500,499-250 (Eligible),Nos.,Length,Expenditure,LSB Nos.,Road Nos.,Road Length,Expenditure,Lower Siang,2001 - 2002,8,46.270,654.08,0,1,0,0,0,0.000,0.00,0,8,46.270,654.08,0.00,0,0.000,653.99,0,0,0,0,0,0.000,0.00,0,0.000,653.99,8,46.270,653.99,0,1,0,0,0,0.000,0.00,0,8,46.270,653.99,Total,44,276.100,"24,299.49",0,5,13,0,9,100.482,"13,258.06",32,53,376.582,"37,557.55",0.00,0,7.000,"7,647.38",0,0,0,0,0,0.000,0.00,0,7.000,"8,937.93",35,169.040,"8,425.45",0,5,8,0,0,0.000,0.00,3,35,169.040,"9,928.03",Grand Total,"1,387","14,515.167","11,73,314.32",49,126,466,0,276,"2,265.694","2,16,564.43",303,"1,663","16,780.861","13,89,878.75",0.00,3,178.791,"4,73,770.52",0,0,3,0,0,10.600,"6,077.44",3,189.391,"4,92,131.11",883,"8,265.337","4,89,536.36",49,119,331,0,9,90.615,"6,948.40",34,892,"8,355.952","5,09,288.08","Page 1 of 1     Generated on : 12/03/2025 19:29 PM     2014 NRRDA, All rights reserved"
Pradhan Mantri Gram Sadak Yojana,Monthly Report Format for Physical & Financial Progress under PMGSY,State: Arunachal Pradesh     District: All Districts     Block: All Blocks     Year: 2020     Month: January     Collaboration: All Collaborations     Agency:  Rural Works Department   Scheme: All Scheme,Note : All Costs and Expenditures in Lakhs and Length in Kms.,Clearance,Progress During Month,Cumulative Progress,New Connectivity,Upgradation,Total,New Connectivity,Upgradation,Total,New Connectivity,Upgradation,Total,Sr.No.,Sanction Year,Nos.,Length,Cost,1000+,999-500,499-250 (Eligible),Nos.,Length,Cost,LSB Nos.,Road Nos.,Road Length,Cost,Funds Released,Nos.,Length,Expenditure,1000+,999-500,499-250 (Eligible),Nos.,Length,Expenditure,Nos.,Length,Expenditure,Nos.,Length,Expenditure,1000+,999-500,499-250 (Eligible),Nos.,Length,Expenditure,LSB Nos.,Road Nos.,Road Length,Expenditure,Lower Siang,2004 - 2005,2,6.360,215.33,0,0,2,0,0,0.000,0.00,0,2,6.360,215.33,0.00,0,0.000,204.14,0,0,0,0,0,0.000,0.00,0,0.000,204.14,2,6.360,204.14,0,0,2,0,0,0.000,0.00,0,2,6.360,204.14,Total,44,276.100,"24,299.49",0,5,13,0,9,100.482,"13,258.06",32,53,376.582,"37,557.55",0.00,0,7.000,"7,647.38",0,0,0,0,0,0.000,0.00,0,7.000,"8,937.93",35,169.040,"8,425.45",0,5,8,0,0,0.000,0.00,3,35,169.040,"9,928.03",Grand Total,"1,387","14,515.167","11,73,314.32",49,126,466,0,276,"2,265.694","2,16,564.43",303,"1,663","16,780.861","13,89,878.75",0.00,3,178.791,"4,73,770.52",0,0,3,0,0,10.600,"6,077.44",3,189.391,"4,92,131.11",883,"8,265.337","4,89,536.36",49,119,331,0,9,90.615,"6,948.40",34,892,"8,355.952","5,09,288.08","Page 1 of 1     Generated on : 12/03/2025 19:29 PM     2014 NRRDA, All rights reserved"
Pradhan Mantri Gram Sadak Yojana,Monthly Report Format for Physical & Financial Progress under PMGSY,State: Arunachal Pradesh     District: All Districts     Block: All Blocks     Year: 2020     Month: January     Collaboration: All Collaborations     Agency:  Rural Works Department   Scheme: All Scheme,Note : All Costs and Expenditures in Lakhs and Length in Kms.,Clearance,Progress During Month,Cumulative Progress,New Connectivity,Upgradation,Total,New Connectivity,Upgradation,Total,New Connectivity,Upgradation,Total,Sr.No.,Sanction Year,Nos.,Length,Cost,1000+,999-500,499-250 (Eligible),Nos.,Length,Cost,LSB Nos.,Road Nos.,Road Length,Cost,Funds Released,Nos.,Length,Expenditure,1000+,999-500,499-250 (Eligible),Nos.,Length,Expenditure,Nos.,Length,Expenditure,Nos.,Length,Expenditure,1000+,999-500,499-250 (Eligible),Nos.,Length,Expenditure,LSB Nos.,Road Nos.,Road Length,Expenditure,Lower Siang,2005 - 2006,2,7.170,447.86,0,1,0,0,0,0.000,0.00,0,2,7.170,447.86,0.00,0,0.000,459.35,0,0,0,0,0,0.000,0.00,0,0.000,459.35,2,7.170,459.35,0,1,0,0,0,0.000,0.00,0,2,7.170,459.35,Total,44,276.100,"24,299.49",0,5,13,0,9,100.482,"13,258.06",32,53,376.582,"37,557.55",0.00,0,7.000,"7,647.38",0,0,0,0,0,0.000,0.00,0,7.000,"8,937.93",35,169.040,"8,425.45",0,5,8,0,0,0.000,0.00,3,35,169.040,"9,928.03",Grand Total,"1,387","14,515.167","11,73,314.32",49,126,466,0,276,"2,265.694","2,16,564.43",303,"1,663","16,780.861","13,89,878.75",0.00,3,178.791,"4,73,770.52",0,0,3,0,0,10.600,"6,077.44",3,189.391,"4,92,131.11",883,"8,265.337","4,89,536.36",49,119,331,0,9,90.615,"6,948.40",34,892,"8,355.952","5,09,288.08","Page 1 of 1     Generated on : 12/03/2025 19:29 PM     2014 NRRDA, All rights reserved"
Pradhan Mantri Gram Sadak Yojana,Monthly Report Format for Physical & Financial Progress under PMGSY,State: Arunachal Pradesh     District: All Districts     Block: All Blocks     Year: 2020     Month: January     Collaboration: All Collaborations     Agency:  Rural Works Department   Scheme: All Scheme,Note : All Costs and Expenditures in Lakhs and Length in Kms.,Clearance,Progress During Month,Cumulative Progress,New Connectivity,Upgradation,Total,New Connectivity,Upgradation,Total,New Connectivity,Upgradation,Total,Sr.No.,Sanction Year,Nos.,Length,Cost,1000+,999-500,499-250 (Eligible),Nos.,Length,Cost,LSB Nos.,Road Nos.,Road Length,Cost,Funds Released,Nos.,Length,Expenditure,1000+,999-500,499-250 (Eligible),Nos.,Length,Expenditure,Nos.,Length,Expenditure,Nos.,Length,Expenditure,1000+,999-500,499-250 (Eligible),Nos.,Length,Expenditure,LSB Nos.,Road Nos.,Road Length,Expenditure,Lower Siang,2006 - 2007,2,16.390,487.39,0,0,0,0,0,0.000,0.00,0,2,16.390,487.39,0.00,0,0.000,498.01,0,0,0,0,0,0.000,0.00,0,0.000,498.01,2,16.390,498.01,0,0,0,0,0,0.000,0.00,0,2,16.390,498.01,Total,44,276.100,"24,299.49",0,5,13,0,9,100.482,"13,258.06",32,53,376.582,"37,557.55",0.00,0,7.000,"7,647.38",0,0,0,0,0,0.000,0.00,0,7.000,"8,937.93",35,169.040,"8,425.45",0,5,8,0,0,0.000,0.00,3,35,169.040,"9,928.03",Grand Total,"1,387","14,515.167","11,73,314.32",49,126,466,0,276,"2,265.694","2,16,564.43",303,"1,663","16,780.861","13,89,878.75",0.00,3,178.791,"4,73,770.52",0,0,3,0,0,10.600,"6,077.44",3,189.391,"4,92,131.11",883,"8,265.337","4,89,536.36",49,119,331,0,9,90.615,"6,948.40",34,892,"8,355.952","5,09,288.08","Page 1 of 1     Generated on : 12/03/2025 19:29 PM     2014 NRRDA, All rights reserved"
Pradhan Mantri Gram Sadak Yojana,Monthly Report Format for Physical & Financial Progress under PMGSY,State: Arunachal Pradesh     District: All Districts     Block: All Blocks     Year: 2020     Month: January     Collaboration: All Collaborations     Agency:  Rural Works Department   Scheme: All Scheme,Note : All Costs and Expenditures in Lakhs and Length in Kms.,Clearance,Progress During Month,Cumulative Progress,New Connectivity,Upgradation,Total,New Connectivity,Upgradation,Total,New Connectivity,Upgradation,Total,Sr.No.,Sanction Year,Nos.,Length,Cost,1000+,999-500,499-250 (Eligible),Nos.,Length,Cost,LSB Nos.,Road Nos.,Road Length,Cost,Funds Released,Nos.,Length,Expenditure,1000+,999-500,499-250 (Eligible),Nos.,Length,Expenditure,Nos.,Length,Expenditure,Nos.,Length,Expenditure,1000+,999-500,499-250 (Eligible),Nos.,Length,Expenditure,LSB Nos.,Road Nos.,Road Length,Expenditure,Lower Siang,2007 - 2008,2,4.140,403.12,0,0,2,0,0,0.000,0.00,0,2,4.140,403.12,0.00,0,0.000,391.98,0,0,0,0,0,0.000,0.00,0,0.000,391.98,2,4.140,391.98,0,0,2,0,0,0.000,0.00,0,2,4.140,391.98,Total,44,276.100,"24,299.49",0,5,13,0,9,100.482,"13,258.06",32,53,376.582,"37,557.55",0.00,0,7.000,"7,647.38",0,0,0,0,0,0.000,0.00,0,7.000,"8,937.93",35,169.040,"8,425.45",0,5,8,0,0,0.000,0.00,3,35,169.040,"9,928.03",Grand Total,"1,387","14,515.167","11,73,314.32",49,126,466,0,276,"2,265.694","2,16,564.43",303,"1,663","16,780.861","13,89,878.75",0.00,3,178.791,"4,73,770.52",0,0,3,0,0,10.600,"6,077.44",3,189.391,"4,92,131.11",883,"8,265.337","4,89,536.36",49,119,331,0,9,90.615,"6,948.40",34,892,"8,355.952","5,09,288.08","Page 1 of 1     Generated on : 12/03/2025 19:29 PM     2014 NRRDA, All rights reserved"
Pradhan Mantri Gram Sadak Yojana,Monthly Report Format for Physical & Financial Progress under PMGSY,State: Arunachal Pradesh     District: All Districts     Block: All Blocks     Year: 2020     Month: January     Collaboration: All Collaborations     Agency:  Rural Works Department   Scheme: All Scheme,Note : All Costs and Expenditures in Lakhs and Length in Kms.,Clearance,Progress During Month,Cumulative Progress,New Connectivity,Upgradation,Total,New Connectivity,Upgradation,Total,New Connectivity,Upgradation,Total,Sr.No.,Sanction Year,Nos.,Length,Cost,1000+,999-500,499-250 (Eligible),Nos.,Length,Cost,LSB Nos.,Road Nos.,Road Length,Cost,Funds Released,Nos.,Length,Expenditure,1000+,999-500,499-250 (Eligible),Nos.,Length,Expenditure,Nos.,Length,Expenditure,Nos.,Length,Expenditure,1000+,999-500,499-250 (Eligible),Nos.,Length,Expenditure,LSB Nos.,Road Nos.,Road Length,Expenditure,Lower Siang,2008 - 2009,2,16.180,"1,759.37",0,1,1,0,0,0.000,0.00,0,2,16.180,"1,759.37",0.00,0,0.000,"1,680.28",0,0,0,0,0,0.000,0.00,0,0.000,"1,680.28",2,16.180,"1,680.28",0,1,1,0,0,0.000,0.00,0,2,16.180,"1,680.28",Total,44,276.100,"24,299.49",0,5,13,0,9,100.482,"13,258.06",32,53,376.582,"37,557.55",0.00,0,7.000,"7,647.38",0,0,0,0,0,0.000,0.00,0,7.000,"8,937.93",35,169.040,"8,425.45",0,5,8,0,0,0.000,0.00,3,35,169.040,"9,928.03",Grand Total,"1,387","14,515.167","11,73,314.32",49,126,466,0,276,"2,265.694","2,16,564.43",303,"1,663","16,780.861","13,89,878.75",0.00,3,178.791,"4,73,770.52",0,0,3,0,0,10.600,"6,077.44",3,189.391,"4,92,131.11",883,"8,265.337","4,89,536.36",49,119,331,0,9,90.615,"6,948.40",34,892,"8,355.952","5,09,288.08","Page 1 of 1     Generated on : 12/03/2025 19:29 PM     2014 NRRDA, All rights reserved"
Pradhan Mantri Gram Sadak Yojana,Monthly Report Format for Physical & Financial Progress under PMGSY,State: Arunachal Pradesh     District: All Districts     Block: All Blocks     Year: 2020     Month: January     Collaboration: All Collaborations     Agency:  Rural Works Department   Scheme: All Scheme,Note : All Costs and Expenditures in Lakhs and Length in Kms.,Clearance,Progress During Month,Cumulative Progress,New Connectivity,Upgradation,Total,New Connectivity,Upgradation,Total,New Connectivity,Upgradation,Total,Sr.No.,Sanction Year,Nos.,Length,Cost,1000+,999-500,499-250 (Eligible),Nos.,Length,Cost,LSB Nos.,Road Nos.,Road Length,Cost,Funds Released,Nos.,Length,Expenditure,1000+,999-500,499-250 (Eligible),Nos.,Length,Expenditure,Nos.,Length,Expenditure,Nos.,Length,Expenditure,1000+,999-500,499-250 (Eligible),Nos.,Length,Expenditure,LSB Nos.,Road Nos.,Road Length,Expenditure,Lower Siang,2012 - 2013,3,16.260,"1,191.99",0,1,0,0,0,0.000,0.00,1,3,16.260,"1,191.99",0.00,0,0.000,497.51,0,0,0,0,0,0.000,0.00,0,0.000,"1,142.00",3,16.150,497.51,0,1,0,0,0,0.000,0.00,0,3,16.150,"1,142.00",Total,44,276.100,"24,299.49",0,5,13,0,9,100.482,"13,258.06",32,53,376.582,"37,557.55",0.00,0,7.000,"7,647.38",0,0,0,0,0,0.000,0.00,0,7.000,"8,937.93",35,169.040,"8,425.45",0,5,8,0,0,0.000,0.00,3,35,169.040,"9,928.03",Grand Total,"1,387","14,515.167","11,73,314.32",49,126,466,0,276,"2,265.694","2,16,564.43",303,"1,663","16,780.861","13,89,878.75",0.00,3,178.791,"4,73,770.52",0,0,3,0,0,10.600,"6,077.44",3,189.391,"4,92,131.11",883,"8,265.337","4,89,536.36",49,119,331,0,9,90.615,"6,948.40",34,892,"8,355.952","5,09,288.08","Page 1 of 1     Generated on : 12/03/2025 19:29 PM     2014 NRRDA, All rights reserved"
Pradhan Mantri Gram Sadak Yojana,Monthly Report Format for Physical & Financial Progress under PMGSY,State: Arunachal Pradesh     District: All Districts     Block: All Blocks     Year: 2020     Month: January     Collaboration: All Collaborations     Agency:  Rural Works Department   Scheme: All Scheme,Note : All Costs and Expenditures in Lakhs and Length in Kms.,Clearance,Progress During Month,Cumulative Progress,New Connectivity,Upgradation,Total,New Connectivity,Upgradation,Total,New Connectivity,Upgradation,Total,Sr.No.,Sanction Year,Nos.,Length,Cost,1000+,999-500,499-250 (Eligible),Nos.,Length,Cost,LSB Nos.,Road Nos.,Road Length,Cost,Funds Released,Nos.,Length,Expenditure,1000+,999-500,499-250 (Eligible),Nos.,Length,Expenditure,Nos.,Length,Expenditure,Nos.,Length,Expenditure,1000+,999-500,499-250 (Eligible),Nos.,Length,Expenditure,LSB Nos.,Road Nos.,Road Length,Expenditure,Lower Siang,2016 - 2017,3,30.070,"3,286.99",0,0,3,0,0,0.000,0.00,3,3,30.070,"3,286.99",0.00,0,0.000,"2,428.22",0,0,0,0,0,0.000,0.00,0,0.000,"3,074.28",3,30.070,"2,428.22",0,0,3,0,0,0.000,0.00,3,3,30.070,"3,074.28",Total,44,276.100,"24,299.49",0,5,13,0,9,100.482,"13,258.06",32,53,376.582,"37,557.55",0.00,0,7.000,"7,647.38",0,0,0,0,0,0.000,0.00,0,7.000,"8,937.93",35,169.040,"8,425.45",0,5,8,0,0,0.000,0.00,3,35,169.040,"9,928.03",Grand Total,"1,387","14,515.167","11,73,314.32",49,126,466,0,276,"2,265.694","2,16,564.43",303,"1,663","16,780.861","13,89,878.75",0.00,3,178.791,"4,73,770.52",0,0,3,0,0,10.600,"6,077.44",3,189.391,"4,92,131.11",883,"8,265.337","4,89,536.36",49,119,331,0,9,90.615,"6,948.40",34,892,"8,355.952","5,09,288.08","Page 1 of 1     Generated on : 12/03/2025 19:29 PM     2014 NRRDA, All rights reserved"
Pradhan Mantri Gram Sadak Yojana,Monthly Report Format for Physical & Financial Progress under PMGSY,State: Arunachal Pradesh     District: All Districts     Block: All Blocks     Year: 2020     Month: January     Collaboration: All Collaborations     Agency:  Rural Works Department   Scheme: All Scheme,Note : All Costs and Expenditures in Lakhs and Length in Kms.,Clearance,Progress During Month,Cumulative Progress,New Connectivity,Upgradation,Total,New Connectivity,Upgradation,Total,New Connectivity,Upgradation,Total,Sr.No.,Sanction Year,Nos.,Length,Cost,1000+,999-500,499-250 (Eligible),Nos.,Length,Cost,LSB Nos.,Road Nos.,Road Length,Cost,Funds Released,Nos.,Length,Expenditure,1000+,999-500,499-250 (Eligible),Nos.,Length,Expenditure,Nos.,Length,Expenditure,Nos.,Length,Expenditure,1000+,999-500,499-250 (Eligible),Nos.,Length,Expenditure,LSB Nos.,Road Nos.,Road Length,Expenditure,Lower Siang,2018 - 2019,9,113.950,"15,564.54",0,0,5,0,0,0.000,0.00,14,9,113.950,"15,564.54",0.00,0,7.000,545.08,0,0,0,0,0,0.000,0.00,0,7.000,545.08,0,7.000,"1,323.15",0,0,0,0,0,0.000,0.00,0,0,7.000,"1,535.18",Total,44,276.100,"24,299.49",0,5,13,0,9,100.482,"13,258.06",32,53,376.582,"37,557.55",0.00,0,7.000,"7,647.38",0,0,0,0,0,0.000,0.00,0,7.000,"8,937.93",35,169.040,"8,425.45",0,5,8,0,0,0.000,0.00,3,35,169.040,"9,928.03",Grand Total,"1,387","14,515.167","11,73,314.32",49,126,466,0,276,"2,265.694","2,16,564.43",303,"1,663","16,780.861","13,89,878.75",0.00,3,178.791,"4,73,770.52",0,0,3,0,0,10.600,"6,077.44",3,189.391,"4,92,131.11",883,"8,265.337","4,89,536.36",49,119,331,0,9,90.615,"6,948.40",34,892,"8,355.952","5,09,288.08","Page 1 of 1     Generated on : 12/03/2025 19:29 PM     2014 NRRDA, All rights reserved"
Pradhan Mantri Gram Sadak Yojana,Monthly Report Format for Physical & Financial Progress under PMGSY,State: Arunachal Pradesh     District: All Districts     Block: All Blocks     Year: 2020     Month: January     Collaboration: All Collaborations     Agency:  Rural Works Department   Scheme: All Scheme,Note : All Costs and Expenditures in Lakhs and Length in Kms.,Clearance,Progress During Month,Cumulative Progress,New Connectivity,Upgradation,Total,New Connectivity,Upgradation,Total,New Connectivity,Upgradation,Total,Sr.No.,Sanction Year,Nos.,Length,Cost,1000+,999-500,499-250 (Eligible),Nos.,Length,Cost,LSB Nos.,Road Nos.,Road Length,Cost,Funds Released,Nos.,Length,Expenditure,1000+,999-500,499-250 (Eligible),Nos.,Length,Expenditure,Nos.,Length,Expenditure,Nos.,Length,Expenditure,1000+,999-500,499-250 (Eligible),Nos.,Length,Expenditure,LSB Nos.,Road Nos.,Road Length,Expenditure,Lower Siang,2019 - 2020,0,0.000,0.00,0,0,0,0,3,7.560,322.61,0,3,7.560,322.61,0.00,0,0.000,0.00,0,0,0,0,0,0.000,0.00,0,0.000,0.00,0,0.000,,0,0,0,0,0,0.000,0.00,0,0,0.000,0.00,Total,44,276.100,"24,299.49",0,5,13,0,9,100.482,"13,258.06",32,53,376.582,"37,557.55",0.00,0,7.000,"7,647.38",0,0,0,0,0,0.000,0.00,0,7.000,"8,937.93",35,169.040,"8,425.45",0,5,8,0,0,0.000,0.00,3,35,169.040,"9,928.03",Grand Total,"1,387","14,515.167","11,73,314.32",49,126,466,0,276,"2,265.694","2,16,564.43",303,"1,663","16,780.861","13,89,878.75",0.00,3,178.791,"4,73,770.52",0,0,3,0,0,10.600,"6,077.44",3,189.391,"4,92,131.11",883,"8,265.337","4,89,536.36",49,119,331,0,9,90.615,"6,948.40",34,892,"8,355.952","5,09,288.08","Page 1 of 1     Generated on : 12/03/2025 19:29 PM     2014 NRRDA, All rights reserved"
Pradhan Mantri Gram Sadak Yojana,Monthly Report Format for Physical & Financial Progress under PMGSY,State: Arunachal Pradesh     District: All Districts     Block: All Blocks     Year: 2020     Month: January     Collaboration: All Collaborations     Agency:  Rural Works Department   Scheme: All Scheme,Note : All Costs and Expenditures in Lakhs and Length in Kms.,Clearance,Progress During Month,Cumulative Progress,New Connectivity,Upgradation,Total,New Connectivity,Upgradation,Total,New Connectivity,Upgradation,Total,Sr.No.,Sanction Year,Nos.,Length,Cost,1000+,999-500,499-250 (Eligible),Nos.,Length,Cost,LSB Nos.,Road Nos.,Road Length,Cost,Funds Released,Nos.,Length,Expenditure,1000+,999-500,499-250 (Eligible),Nos.,Length,Expenditure,Nos.,Length,Expenditure,Nos.,Length,Expenditure,1000+,999-500,499-250 (Eligible),Nos.,Length,Expenditure,LSB Nos.,Road Nos.,Road Length,Expenditure,Lower Siang,2023 - 2024,0,0.000,0.00,0,0,0,0,4,67.432,"10,071.77",11,4,67.432,"10,071.77",0.00,0,0.000,0.00,0,0,0,0,0,0.000,0.00,0,0.000,0.00,0,0.000,,0,0,0,0,0,0.000,0.00,0,0,0.000,0.00,Total,44,276.100,"24,299.49",0,5,13,0,9,100.482,"13,258.06",32,53,376.582,"37,557.55",0.00,0,7.000,"7,647.38",0,0,0,0,0,0.000,0.00,0,7.000,"8,937.93",35,169.040,"8,425.45",0,5,8,0,0,0.000,0.00,3,35,169.040,"9,928.03",Grand Total,"1,387","14,515.167","11,73,314.32",49,126,466,0,276,"2,265.694","2,16,564.43",303,"1,663","16,780.861","13,89,878.75",0.00,3,178.791,"4,73,770.52",0,0,3,0,0,10.600,"6,077.44",3,189.391,"4,92,131.11",883,"8,265.337","4,89,536.36",49,119,331,0,9,90.615,"6,948.40",34,892,"8,355.952","5,09,288.08","Page 1 of 1     Generated on : 12/03/2025 19:29 PM     2014 NRRDA, All rights reserved"
Pradhan Mantri Gram Sadak Yojana,Monthly Report Format for Physical & Financial Progress under PMGSY,State: Arunachal Pradesh     District: All Districts     Block: All Blocks     Year: 2020     Month: January     Collaboration: All Collaborations     Agency:  Rural Works Department   Scheme: All Scheme,Note : All Costs and Expenditures in Lakhs and Length in Kms.,Clearance,Progress During Month,Cumulative Progress,New Connectivity,Upgradation,Total,New Connectivity,Upgradation,Total,New Connectivity,Upgradation,Total,Sr.No.,Sanction Year,Nos.,Length,Cost,1000+,999-500,499-250 (Eligible),Nos.,Length,Cost,LSB Nos.,Road Nos.,Road Length,Cost,Funds Released,Nos.,Length,Expenditure,1000+,999-500,499-250 (Eligible),Nos.,Length,Expenditure,Nos.,Length,Expenditure,Nos.,Length,Expenditure,1000+,999-500,499-250 (Eligible),Nos.,Length,Expenditure,LSB Nos.,Road Nos.,Road Length,Expenditure,Lower Siang,2024 - 2025,0,0.000,0.00,0,0,0,0,2,25.490,"2,863.68",3,2,25.490,"2,863.68",0.00,0,0.000,0.00,0,0,0,0,0,0.000,0.00,0,0.000,0.00,0,0.000,,0,0,0,0,0,0.000,0.00,0,0,0.000,0.00,Total,44,276.100,"24,299.49",0,5,13,0,9,100.482,"13,258.06",32,53,376.582,"37,557.55",0.00,0,7.000,"7,647.38",0,0,0,0,0,0.000,0.00,0,7.000,"8,937.93",35,169.040,"8,425.45",0,5,8,0,0,0.000,0.00,3,35,169.040,"9,928.03",Grand Total,"1,387","14,515.167","11,73,314.32",49,126,466,0,276,"2,265.694","2,16,564.43",303,"1,663","16,780.861","13,89,878.75",0.00,3,178.791,"4,73,770.52",0,0,3,0,0,10.600,"6,077.44",3,189.391,"4,92,131.11",883,"8,265.337","4,89,536.36",49,119,331,0,9,90.615,"6,948.40",34,892,"8,355.952","5,09,288.08","Page 1 of 1     Generated on : 12/03/2025 19:29 PM     2014 NRRDA, All rights reserved"
Pradhan Mantri Gram Sadak Yojana,Monthly Report Format for Physical & Financial Progress under PMGSY,State: Arunachal Pradesh     District: All Districts     Block: All Blocks     Year: 2020     Month: January     Collaboration: All Collaborations     Agency:  Rural Works Department   Scheme: All Scheme,Note : All Costs and Expenditures in Lakhs and Length in Kms.,Clearance,Progress During Month,Cumulative Progress,New Connectivity,Upgradation,Total,New Connectivity,Upgradation,Total,New Connectivity,Upgradation,Total,Sr.No.,Sanction Year,Nos.,Length,Cost,1000+,999-500,499-250 (Eligible),Nos.,Length,Cost,LSB Nos.,Road Nos.,Road Length,Cost,Funds Released,Nos.,Length,Expenditure,1000+,999-500,499-250 (Eligible),Nos.,Length,Expenditure,Nos.,Length,Expenditure,Nos.,Length,Expenditure,1000+,999-500,499-250 (Eligible),Nos.,Length,Expenditure,LSB Nos.,Road Nos.,Road Length,Expenditure,Lower Subansiri,2000 - 2001,6,6.120,88.09,0,0,0,0,0,0.000,0.00,0,6,6.120,88.09,0.00,0,0.000,88.09,0,0,0,0,0,0.000,0.00,0,0.000,88.09,6,6.120,88.09,0,0,0,0,0,0.000,0.00,0,6,6.120,88.09,Total,44,360.980,"22,352.87",0,5,12,0,20,173.990,"15,876.50",8,64,534.970,"38,229.37",0.00,0,0.500,"13,996.13",0,0,0,0,0,0.000,"1,068.11",0,0.500,"15,514.10",34,251.980,"14,137.31",0,5,9,0,1,10.465,"1,068.11",3,35,262.445,"15,655.28",Grand Total,"1,387","14,515.167","11,73,314.32",49,126,466,0,276,"2,265.694","2,16,564.43",303,"1,663","16,780.861","13,89,878.75",0.00,3,178.791,"4,73,770.52",0,0,3,0,0,10.600,"6,077.44",3,189.391,"4,92,131.11",883,"8,265.337","4,89,536.36",49,119,331,0,9,90.615,"6,948.40",34,892,"8,355.952","5,09,288.08","Page 1 of 1     Generated on : 12/03/2025 19:29 PM     2014 NRRDA, All rights reserved"
Pradhan Mantri Gram Sadak Yojana,Monthly Report Format for Physical & Financial Progress under PMGSY,State: Arunachal Pradesh     District: All Districts     Block: All Blocks     Year: 2020     Month: January     Collaboration: All Collaborations     Agency:  Rural Works Department   Scheme: All Scheme,Note : All Costs and Expenditures in Lakhs and Length in Kms.,Clearance,Progress During Month,Cumulative Progress,New Connectivity,Upgradation,Total,New Connectivity,Upgradation,Total,New Connectivity,Upgradation,Total,Sr.No.,Sanction Year,Nos.,Length,Cost,1000+,999-500,499-250 (Eligible),Nos.,Length,Cost,LSB Nos.,Road Nos.,Road Length,Cost,Funds Released,Nos.,Length,Expenditure,1000+,999-500,499-250 (Eligible),Nos.,Length,Expenditure,Nos.,Length,Expenditure,Nos.,Length,Expenditure,1000+,999-500,499-250 (Eligible),Nos.,Length,Expenditure,LSB Nos.,Road Nos.,Road Length,Expenditure,Lower Subansiri,2001 - 2002,5,19.940,272.46,0,1,1,0,0,0.000,0.00,0,5,19.940,272.46,0.00,0,0.000,272.28,0,0,0,0,0,0.000,0.00,0,0.000,272.28,5,19.940,272.28,0,1,1,0,0,0.000,0.00,0,5,19.940,272.28,Total,44,360.980,"22,352.87",0,5,12,0,20,173.990,"15,876.50",8,64,534.970,"38,229.37",0.00,0,0.500,"13,996.13",0,0,0,0,0,0.000,"1,068.11",0,0.500,"15,514.10",34,251.980,"14,137.31",0,5,9,0,1,10.465,"1,068.11",3,35,262.445,"15,655.28",Grand Total,"1,387","14,515.167","11,73,314.32",49,126,466,0,276,"2,265.694","2,16,564.43",303,"1,663","16,780.861","13,89,878.75",0.00,3,178.791,"4,73,770.52",0,0,3,0,0,10.600,"6,077.44",3,189.391,"4,92,131.11",883,"8,265.337","4,89,536.36",49,119,331,0,9,90.615,"6,948.40",34,892,"8,355.952","5,09,288.08","Page 1 of 1     Generated on : 12/03/2025 19:29 PM     2014 NRRDA, All rights reserved"
Pradhan Mantri Gram Sadak Yojana,Monthly Report Format for Physical & Financial Progress under PMGSY,State: Arunachal Pradesh     District: All Districts     Block: All Blocks     Year: 2020     Month: January     Collaboration: All Collaborations     Agency:  Rural Works Department   Scheme: All Scheme,Note : All Costs and Expenditures in Lakhs and Length in Kms.,Clearance,Progress During Month,Cumulative Progress,New Connectivity,Upgradation,Total,New Connectivity,Upgradation,Total,New Connectivity,Upgradation,Total,Sr.No.,Sanction Year,Nos.,Length,Cost,1000+,999-500,499-250 (Eligible),Nos.,Length,Cost,LSB Nos.,Road Nos.,Road Length,Cost,Funds Released,Nos.,Length,Expenditure,1000+,999-500,499-250 (Eligible),Nos.,Length,Expenditure,Nos.,Length,Expenditure,Nos.,Length,Expenditure,1000+,999-500,499-250 (Eligible),Nos.,Length,Expenditure,LSB Nos.,Road Nos.,Road Length,Expenditure,Lower Subansiri,2004 - 2005,4,43.880,"1,746.65",0,2,3,0,0,0.000,0.00,0,4,43.880,"1,746.65",0.00,0,0.000,"1,750.79",0,0,0,0,0,0.000,0.00,0,0.000,"1,750.79",4,43.880,"1,750.79",0,2,3,0,0,0.000,0.00,0,4,43.880,"1,750.79",Total,44,360.980,"22,352.87",0,5,12,0,20,173.990,"15,876.50",8,64,534.970,"38,229.37",0.00,0,0.500,"13,996.13",0,0,0,0,0,0.000,"1,068.11",0,0.500,"15,514.10",34,251.980,"14,137.31",0,5,9,0,1,10.465,"1,068.11",3,35,262.445,"15,655.28",Grand Total,"1,387","14,515.167","11,73,314.32",49,126,466,0,276,"2,265.694","2,16,564.43",303,"1,663","16,780.861","13,89,878.75",0.00,3,178.791,"4,73,770.52",0,0,3,0,0,10.600,"6,077.44",3,189.391,"4,92,131.11",883,"8,265.337","4,89,536.36",49,119,331,0,9,90.615,"6,948.40",34,892,"8,355.952","5,09,288.08","Page 1 of 1     Generated on : 12/03/2025 19:29 PM     2014 NRRDA, All rights reserved"
Pradhan Mantri Gram Sadak Yojana,Monthly Report Format for Physical & Financial Progress under PMGSY,State: Arunachal Pradesh     District: All Districts     Block: All Blocks     Year: 2020     Month: January     Collaboration: All Collaborations     Agency:  Rural Works Department   Scheme: All Scheme,Note : All Costs and Expenditures in Lakhs and Length in Kms.,Clearance,Progress During Month,Cumulative Progress,New Connectivity,Upgradation,Total,New Connectivity,Upgradation,Total,New Connectivity,Upgradation,Total,Sr.No.,Sanction Year,Nos.,Length,Cost,1000+,999-500,499-250 (Eligible),Nos.,Length,Cost,LSB Nos.,Road Nos.,Road Length,Cost,Funds Released,Nos.,Length,Expenditure,1000+,999-500,499-250 (Eligible),Nos.,Length,Expenditure,Nos.,Length,Expenditure,Nos.,Length,Expenditure,1000+,999-500,499-250 (Eligible),Nos.,Length,Expenditure,LSB Nos.,Road Nos.,Road Length,Expenditure,Lower Subansiri,2006 - 2007,5,20.810,795.09,0,0,0,0,0,0.000,0.00,0,5,20.810,795.09,0.00,0,0.000,794.60,0,0,0,0,0,0.000,0.00,0,0.000,794.60,5,20.810,794.60,0,0,0,0,0,0.000,0.00,0,5,20.810,794.60,Total,44,360.980,"22,352.87",0,5,12,0,20,173.990,"15,876.50",8,64,534.970,"38,229.37",0.00,0,0.500,"13,996.13",0,0,0,0,0,0.000,"1,068.11",0,0.500,"15,514.10",34,251.980,"14,137.31",0,5,9,0,1,10.465,"1,068.11",3,35,262.445,"15,655.28",Grand Total,"1,387","14,515.167","11,73,314.32",49,126,466,0,276,"2,265.694","2,16,564.43",303,"1,663","16,780.861","13,89,878.75",0.00,3,178.791,"4,73,770.52",0,0,3,0,0,10.600,"6,077.44",3,189.391,"4,92,131.11",883,"8,265.337","4,89,536.36",49,119,331,0,9,90.615,"6,948.40",34,892,"8,355.952","5,09,288.08","Page 1 of 1     Generated on : 12/03/2025 19:29 PM     2014 NRRDA, All rights reserved"
Pradhan Mantri Gram Sadak Yojana,Monthly Report Format for Physical & Financial Progress under PMGSY,State: Arunachal Pradesh     District: All Districts     Block: All Blocks     Year: 2020     Month: January     Collaboration: All Collaborations     Agency:  Rural Works Department   Scheme: All Scheme,Note : All Costs and Expenditures in Lakhs and Length in Kms.,Clearance,Progress During Month,Cumulative Progress,New Connectivity,Upgradation,Total,New Connectivity,Upgradation,Total,New Connectivity,Upgradation,Total,Sr.No.,Sanction Year,Nos.,Length,Cost,1000+,999-500,499-250 (Eligible),Nos.,Length,Cost,LSB Nos.,Road Nos.,Road Length,Cost,Funds Released,Nos.,Length,Expenditure,1000+,999-500,499-250 (Eligible),Nos.,Length,Expenditure,Nos.,Length,Expenditure,Nos.,Length,Expenditure,1000+,999-500,499-250 (Eligible),Nos.,Length,Expenditure,LSB Nos.,Road Nos.,Road Length,Expenditure,Lower Subansiri,2007 - 2008,4,33.440,"2,213.25",0,0,1,0,0,0.000,0.00,0,4,33.440,"2,213.25",0.00,0,0.000,"2,192.47",0,0,0,0,0,0.000,0.00,0,0.000,"2,192.47",4,33.440,"2,192.47",0,0,1,0,0,0.000,0.00,0,4,33.440,"2,192.47",Total,44,360.980,"22,352.87",0,5,12,0,20,173.990,"15,876.50",8,64,534.970,"38,229.37",0.00,0,0.500,"13,996.13",0,0,0,0,0,0.000,"1,068.11",0,0.500,"15,514.10",34,251.980,"14,137.31",0,5,9,0,1,10.465,"1,068.11",3,35,262.445,"15,655.28",Grand Total,"1,387","14,515.167","11,73,314.32",49,126,466,0,276,"2,265.694","2,16,564.43",303,"1,663","16,780.861","13,89,878.75",0.00,3,178.791,"4,73,770.52",0,0,3,0,0,10.600,"6,077.44",3,189.391,"4,92,131.11",883,"8,265.337","4,89,536.36",49,119,331,0,9,90.615,"6,948.40",34,892,"8,355.952","5,09,288.08","Page 1 of 1     Generated on : 12/03/2025 19:29 PM     2014 NRRDA, All rights reserved"
Pradhan Mantri Gram Sadak Yojana,Monthly Report Format for Physical & Financial Progress under PMGSY,State: Arunachal Pradesh     District: All Districts     Block: All Blocks     Year: 2020     Month: January     Collaboration: All Collaborations     Agency:  Rural Works Department   Scheme: All Scheme,Note : All Costs and Expenditures in Lakhs and Length in Kms.,Clearance,Progress During Month,Cumulative Progress,New Connectivity,Upgradation,Total,New Connectivity,Upgradation,Total,New Connectivity,Upgradation,Total,Sr.No.,Sanction Year,Nos.,Length,Cost,1000+,999-500,499-250 (Eligible),Nos.,Length,Cost,LSB Nos.,Road Nos.,Road Length,Cost,Funds Released,Nos.,Length,Expenditure,1000+,999-500,499-250 (Eligible),Nos.,Length,Expenditure,Nos.,Length,Expenditure,Nos.,Length,Expenditure,1000+,999-500,499-250 (Eligible),Nos.,Length,Expenditure,LSB Nos.,Road Nos.,Road Length,Expenditure,Lower Subansiri,2012 - 2013,5,59.750,"3,388.17",0,1,0,0,0,0.000,0.00,0,5,59.750,"3,388.17",0.00,0,0.000,"3,330.36",0,0,0,0,0,0.000,0.00,0,0.000,"3,330.36",5,59.190,"3,330.36",0,1,0,0,0,0.000,0.00,0,5,59.190,"3,330.36",Total,44,360.980,"22,352.87",0,5,12,0,20,173.990,"15,876.50",8,64,534.970,"38,229.37",0.00,0,0.500,"13,996.13",0,0,0,0,0,0.000,"1,068.11",0,0.500,"15,514.10",34,251.980,"14,137.31",0,5,9,0,1,10.465,"1,068.11",3,35,262.445,"15,655.28",Grand Total,"1,387","14,515.167","11,73,314.32",49,126,466,0,276,"2,265.694","2,16,564.43",303,"1,663","16,780.861","13,89,878.75",0.00,3,178.791,"4,73,770.52",0,0,3,0,0,10.600,"6,077.44",3,189.391,"4,92,131.11",883,"8,265.337","4,89,536.36",49,119,331,0,9,90.615,"6,948.40",34,892,"8,355.952","5,09,288.08","Page 1 of 1     Generated on : 12/03/2025 19:29 PM     2014 NRRDA, All rights reserved"
Pradhan Mantri Gram Sadak Yojana,Monthly Report Format for Physical & Financial Progress under PMGSY,State: Arunachal Pradesh     District: All Districts     Block: All Blocks     Year: 2020     Month: January     Collaboration: All Collaborations     Agency:  Rural Works Department   Scheme: All Scheme,Note : All Costs and Expenditures in Lakhs and Length in Kms.,Clearance,Progress During Month,Cumulative Progress,New Connectivity,Upgradation,Total,New Connectivity,Upgradation,Total,New Connectivity,Upgradation,Total,Sr.No.,Sanction Year,Nos.,Length,Cost,1000+,999-500,499-250 (Eligible),Nos.,Length,Cost,LSB Nos.,Road Nos.,Road Length,Cost,Funds Released,Nos.,Length,Expenditure,1000+,999-500,499-250 (Eligible),Nos.,Length,Expenditure,Nos.,Length,Expenditure,Nos.,Length,Expenditure,1000+,999-500,499-250 (Eligible),Nos.,Length,Expenditure,LSB Nos.,Road Nos.,Road Length,Expenditure,Lower Subansiri,2013 - 2014,5,59.600,"4,739.81",0,1,4,0,1,6.180,518.03,2,6,65.780,"5,257.84",0.00,0,0.000,"4,261.81",0,0,0,0,0,0.000,365.88,0,0.000,"4,977.90",5,59.600,"4,261.81",0,1,4,0,0,3.500,365.88,2,5,63.100,"4,977.90",Total,44,360.980,"22,352.87",0,5,12,0,20,173.990,"15,876.50",8,64,534.970,"38,229.37",0.00,0,0.500,"13,996.13",0,0,0,0,0,0.000,"1,068.11",0,0.500,"15,514.10",34,251.980,"14,137.31",0,5,9,0,1,10.465,"1,068.11",3,35,262.445,"15,655.28",Grand Total,"1,387","14,515.167","11,73,314.32",49,126,466,0,276,"2,265.694","2,16,564.43",303,"1,663","16,780.861","13,89,878.75",0.00,3,178.791,"4,73,770.52",0,0,3,0,0,10.600,"6,077.44",3,189.391,"4,92,131.11",883,"8,265.337","4,89,536.36",49,119,331,0,9,90.615,"6,948.40",34,892,"8,355.952","5,09,288.08","Page 1 of 1     Generated on : 12/03/2025 19:29 PM     2014 NRRDA, All rights reserved"
Pradhan Mantri Gram Sadak Yojana,Monthly Report Format for Physical & Financial Progress under PMGSY,State: Arunachal Pradesh     District: All Districts     Block: All Blocks     Year: 2020     Month: January     Collaboration: All Collaborations     Agency:  Rural Works Department   Scheme: All Scheme,Note : All Costs and Expenditures in Lakhs and Length in Kms.,Clearance,Progress During Month,Cumulative Progress,New Connectivity,Upgradation,Total,New Connectivity,Upgradation,Total,New Connectivity,Upgradation,Total,Sr.No.,Sanction Year,Nos.,Length,Cost,1000+,999-500,499-250 (Eligible),Nos.,Length,Cost,LSB Nos.,Road Nos.,Road Length,Cost,Funds Released,Nos.,Length,Expenditure,1000+,999-500,499-250 (Eligible),Nos.,Length,Expenditure,Nos.,Length,Expenditure,Nos.,Length,Expenditure,1000+,999-500,499-250 (Eligible),Nos.,Length,Expenditure,LSB Nos.,Road Nos.,Road Length,Expenditure,Lower Subansiri,2014 - 2015,0,0.000,105.90,0,0,0,0,1,7.000,308.40,1,1,7.000,414.30,0.00,0,0.000,0.00,0,0,0,0,0,0.000,301.42,0,0.000,401.07,0,0.000,0.00,0,0,0,0,1,6.965,301.42,1,1,6.965,401.07,Total,44,360.980,"22,352.87",0,5,12,0,20,173.990,"15,876.50",8,64,534.970,"38,229.37",0.00,0,0.500,"13,996.13",0,0,0,0,0,0.000,"1,068.11",0,0.500,"15,514.10",34,251.980,"14,137.31",0,5,9,0,1,10.465,"1,068.11",3,35,262.445,"15,655.28",Grand Total,"1,387","14,515.167","11,73,314.32",49,126,466,0,276,"2,265.694","2,16,564.43",303,"1,663","16,780.861","13,89,878.75",0.00,3,178.791,"4,73,770.52",0,0,3,0,0,10.600,"6,077.44",3,189.391,"4,92,131.11",883,"8,265.337","4,89,536.36",49,119,331,0,9,90.615,"6,948.40",34,892,"8,355.952","5,09,288.08","Page 1 of 1     Generated on : 12/03/2025 19:29 PM     2014 NRRDA, All rights reserved"
Pradhan Mantri Gram Sadak Yojana,Monthly Report Format for Physical & Financial Progress under PMGSY,State: Arunachal Pradesh     District: All Districts     Block: All Blocks     Year: 2020     Month: January     Collaboration: All Collaborations     Agency:  Rural Works Department   Scheme: All Scheme,Note : All Costs and Expenditures in Lakhs and Length in Kms.,Clearance,Progress During Month,Cumulative Progress,New Connectivity,Upgradation,Total,New Connectivity,Upgradation,Total,New Connectivity,Upgradation,Total,Sr.No.,Sanction Year,Nos.,Length,Cost,1000+,999-500,499-250 (Eligible),Nos.,Length,Cost,LSB Nos.,Road Nos.,Road Length,Cost,Funds Released,Nos.,Length,Expenditure,1000+,999-500,499-250 (Eligible),Nos.,Length,Expenditure,Nos.,Length,Expenditure,Nos.,Length,Expenditure,1000+,999-500,499-250 (Eligible),Nos.,Length,Expenditure,LSB Nos.,Road Nos.,Road Length,Expenditure,Lower Subansiri,2016 - 2017,1,9.500,594.48,0,0,0,0,0,0.000,0.00,0,1,9.500,594.48,0.00,0,0.500,410.75,0,0,0,0,0,0.000,0.00,0,0.500,410.75,0,9.000,410.75,0,0,0,0,0,0.000,0.00,0,0,9.000,410.75,Total,44,360.980,"22,352.87",0,5,12,0,20,173.990,"15,876.50",8,64,534.970,"38,229.37",0.00,0,0.500,"13,996.13",0,0,0,0,0,0.000,"1,068.11",0,0.500,"15,514.10",34,251.980,"14,137.31",0,5,9,0,1,10.465,"1,068.11",3,35,262.445,"15,655.28",Grand Total,"1,387","14,515.167","11,73,314.32",49,126,466,0,276,"2,265.694","2,16,564.43",303,"1,663","16,780.861","13,89,878.75",0.00,3,178.791,"4,73,770.52",0,0,3,0,0,10.600,"6,077.44",3,189.391,"4,92,131.11",883,"8,265.337","4,89,536.36",49,119,331,0,9,90.615,"6,948.40",34,892,"8,355.952","5,09,288.08","Page 1 of 1     Generated on : 12/03/2025 19:29 PM     2014 NRRDA, All rights reserved"
Pradhan Mantri Gram Sadak Yojana,Monthly Report Format for Physical & Financial Progress under PMGSY,State: Arunachal Pradesh     District: All Districts     Block: All Blocks     Year: 2020     Month: January     Collaboration: All Collaborations     Agency:  Rural Works Department   Scheme: All Scheme,Note : All Costs and Expenditures in Lakhs and Length in Kms.,Clearance,Progress During Month,Cumulative Progress,New Connectivity,Upgradation,Total,New Connectivity,Upgradation,Total,New Connectivity,Upgradation,Total,Sr.No.,Sanction Year,Nos.,Length,Cost,1000+,999-500,499-250 (Eligible),Nos.,Length,Cost,LSB Nos.,Road Nos.,Road Length,Cost,Funds Released,Nos.,Length,Expenditure,1000+,999-500,499-250 (Eligible),Nos.,Length,Expenditure,Nos.,Length,Expenditure,Nos.,Length,Expenditure,1000+,999-500,499-250 (Eligible),Nos.,Length,Expenditure,LSB Nos.,Road Nos.,Road Length,Expenditure,Lower Subansiri,2018 - 2019,9,107.940,"8,408.97",0,0,3,0,1,49.500,"3,998.93",2,10,157.440,"12,407.90",0.00,0,0.000,894.98,0,0,0,0,0,0.000,400.81,0,0.000,"1,295.79",0,0.000,"1,036.16",0,0,0,0,0,0.000,400.81,0,0,0.000,"1,436.97",Total,44,360.980,"22,352.87",0,5,12,0,20,173.990,"15,876.50",8,64,534.970,"38,229.37",0.00,0,0.500,"13,996.13",0,0,0,0,0,0.000,"1,068.11",0,0.500,"15,514.10",34,251.980,"14,137.31",0,5,9,0,1,10.465,"1,068.11",3,35,262.445,"15,655.28",Grand Total,"1,387","14,515.167","11,73,314.32",49,126,466,0,276,"2,265.694","2,16,564.43",303,"1,663","16,780.861","13,89,878.75",0.00,3,178.791,"4,73,770.52",0,0,3,0,0,10.600,"6,077.44",3,189.391,"4,92,131.11",883,"8,265.337","4,89,536.36",49,119,331,0,9,90.615,"6,948.40",34,892,"8,355.952","5,09,288.08","Page 1 of 1     Generated on : 12/03/2025 19:29 PM     2014 NRRDA, All rights reserved"
Pradhan Mantri Gram Sadak Yojana,Monthly Report Format for Physical & Financial Progress under PMGSY,State: Arunachal Pradesh     District: All Districts     Block: All Blocks     Year: 2020     Month: January     Collaboration: All Collaborations     Agency:  Rural Works Department   Scheme: All Scheme,Note : All Costs and Expenditures in Lakhs and Length in Kms.,Clearance,Progress During Month,Cumulative Progress,New Connectivity,Upgradation,Total,New Connectivity,Upgradation,Total,New Connectivity,Upgradation,Total,Sr.No.,Sanction Year,Nos.,Length,Cost,1000+,999-500,499-250 (Eligible),Nos.,Length,Cost,LSB Nos.,Road Nos.,Road Length,Cost,Funds Released,Nos.,Length,Expenditure,1000+,999-500,499-250 (Eligible),Nos.,Length,Expenditure,Nos.,Length,Expenditure,Nos.,Length,Expenditure,1000+,999-500,499-250 (Eligible),Nos.,Length,Expenditure,LSB Nos.,Road Nos.,Road Length,Expenditure,Lower Subansiri,2019 - 2020,0,0.000,0.00,0,0,0,0,5,28.140,"3,052.72",0,5,28.140,"3,052.72",0.00,0,0.000,0.00,0,0,0,0,0,0.000,0.00,0,0.000,0.00,0,0.000,,0,0,0,0,0,0.000,0.00,0,0,0.000,0.00,Total,44,360.980,"22,352.87",0,5,12,0,20,173.990,"15,876.50",8,64,534.970,"38,229.37",0.00,0,0.500,"13,996.13",0,0,0,0,0,0.000,"1,068.11",0,0.500,"15,514.10",34,251.980,"14,137.31",0,5,9,0,1,10.465,"1,068.11",3,35,262.445,"15,655.28",Grand Total,"1,387","14,515.167","11,73,314.32",49,126,466,0,276,"2,265.694","2,16,564.43",303,"1,663","16,780.861","13,89,878.75",0.00,3,178.791,"4,73,770.52",0,0,3,0,0,10.600,"6,077.44",3,189.391,"4,92,131.11",883,"8,265.337","4,89,536.36",49,119,331,0,9,90.615,"6,948.40",34,892,"8,355.952","5,09,288.08","Page 1 of 1     Generated on : 12/03/2025 19:29 PM     2014 NRRDA, All rights reserved"
Pradhan Mantri Gram Sadak Yojana,Monthly Report Format for Physical & Financial Progress under PMGSY,State: Arunachal Pradesh     District: All Districts     Block: All Blocks     Year: 2020     Month: January     Collaboration: All Collaborations     Agency:  Rural Works Department   Scheme: All Scheme,Note : All Costs and Expenditures in Lakhs and Length in Kms.,Clearance,Progress During Month,Cumulative Progress,New Connectivity,Upgradation,Total,New Connectivity,Upgradation,Total,New Connectivity,Upgradation,Total,Sr.No.,Sanction Year,Nos.,Length,Cost,1000+,999-500,499-250 (Eligible),Nos.,Length,Cost,LSB Nos.,Road Nos.,Road Length,Cost,Funds Released,Nos.,Length,Expenditure,1000+,999-500,499-250 (Eligible),Nos.,Length,Expenditure,Nos.,Length,Expenditure,Nos.,Length,Expenditure,1000+,999-500,499-250 (Eligible),Nos.,Length,Expenditure,LSB Nos.,Road Nos.,Road Length,Expenditure,Lower Subansiri,2023 - 2024,0,0.000,0.00,0,0,0,0,10,73.170,"6,922.53",2,10,73.170,"6,922.53",0.00,0,0.000,0.00,0,0,0,0,0,0.000,0.00,0,0.000,0.00,0,0.000,,0,0,0,0,0,0.000,0.00,0,0,0.000,0.00,Total,44,360.980,"22,352.87",0,5,12,0,20,173.990,"15,876.50",8,64,534.970,"38,229.37",0.00,0,0.500,"13,996.13",0,0,0,0,0,0.000,"1,068.11",0,0.500,"15,514.10",34,251.980,"14,137.31",0,5,9,0,1,10.465,"1,068.11",3,35,262.445,"15,655.28",Grand Total,"1,387","14,515.167","11,73,314.32",49,126,466,0,276,"2,265.694","2,16,564.43",303,"1,663","16,780.861","13,89,878.75",0.00,3,178.791,"4,73,770.52",0,0,3,0,0,10.600,"6,077.44",3,189.391,"4,92,131.11",883,"8,265.337","4,89,536.36",49,119,331,0,9,90.615,"6,948.40",34,892,"8,355.952","5,09,288.08","Page 1 of 1     Generated on : 12/03/2025 19:29 PM     2014 NRRDA, All rights reserved"
Pradhan Mantri Gram Sadak Yojana,Monthly Report Format for Physical & Financial Progress under PMGSY,State: Arunachal Pradesh     District: All Districts     Block: All Blocks     Year: 2020     Month: January     Collaboration: All Collaborations     Agency:  Rural Works Department   Scheme: All Scheme,Note : All Costs and Expenditures in Lakhs and Length in Kms.,Clearance,Progress During Month,Cumulative Progress,New Connectivity,Upgradation,Total,New Connectivity,Upgradation,Total,New Connectivity,Upgradation,Total,Sr.No.,Sanction Year,Nos.,Length,Cost,1000+,999-500,499-250 (Eligible),Nos.,Length,Cost,LSB Nos.,Road Nos.,Road Length,Cost,Funds Released,Nos.,Length,Expenditure,1000+,999-500,499-250 (Eligible),Nos.,Length,Expenditure,Nos.,Length,Expenditure,Nos.,Length,Expenditure,1000+,999-500,499-250 (Eligible),Nos.,Length,Expenditure,LSB Nos.,Road Nos.,Road Length,Expenditure,Lower Subansiri,2024 - 2025,0,0.000,0.00,0,0,0,0,2,10.000,"1,075.89",1,2,10.000,"1,075.89",0.00,0,0.000,0.00,0,0,0,0,0,0.000,0.00,0,0.000,0.00,0,0.000,,0,0,0,0,0,0.000,0.00,0,0,0.000,0.00,Total,44,360.980,"22,352.87",0,5,12,0,20,173.990,"15,876.50",8,64,534.970,"38,229.37",0.00,0,0.500,"13,996.13",0,0,0,0,0,0.000,"1,068.11",0,0.500,"15,514.10",34,251.980,"14,137.31",0,5,9,0,1,10.465,"1,068.11",3,35,262.445,"15,655.28",Grand Total,"1,387","14,515.167","11,73,314.32",49,126,466,0,276,"2,265.694","2,16,564.43",303,"1,663","16,780.861","13,89,878.75",0.00,3,178.791,"4,73,770.52",0,0,3,0,0,10.600,"6,077.44",3,189.391,"4,92,131.11",883,"8,265.337","4,89,536.36",49,119,331,0,9,90.615,"6,948.40",34,892,"8,355.952","5,09,288.08","Page 1 of 1     Generated on : 12/03/2025 19:29 PM     2014 NRRDA, All rights reserved"
Pradhan Mantri Gram Sadak Yojana,Monthly Report Format for Physical & Financial Progress under PMGSY,State: Arunachal Pradesh     District: All Districts     Block: All Blocks     Year: 2020     Month: January     Collaboration: All Collaborations     Agency:  Rural Works Department   Scheme: All Scheme,Note : All Costs and Expenditures in Lakhs and Length in Kms.,Clearance,Progress During Month,Cumulative Progress,New Connectivity,Upgradation,Total,New Connectivity,Upgradation,Total,New Connectivity,Upgradation,Total,Sr.No.,Sanction Year,Nos.,Length,Cost,1000+,999-500,499-250 (Eligible),Nos.,Length,Cost,LSB Nos.,Road Nos.,Road Length,Cost,Funds Released,Nos.,Length,Expenditure,1000+,999-500,499-250 (Eligible),Nos.,Length,Expenditure,Nos.,Length,Expenditure,Nos.,Length,Expenditure,1000+,999-500,499-250 (Eligible),Nos.,Length,Expenditure,LSB Nos.,Road Nos.,Road Length,Expenditure,Namsai,2000 - 2001,3,2.420,50.00,0,2,2,0,0,0.000,0.00,0,3,2.420,50.00,0.00,0,0.000,50.00,0,0,0,0,0,0.000,0.00,0,0.000,50.00,3,2.420,50.00,0,2,2,0,0,0.000,0.00,0,3,2.420,50.00,Total,39,209.160,"9,797.54",7,17,29,0,16,84.390,"4,799.71",3,55,293.550,"14,597.25",0.00,0,0.000,"8,358.58",0,0,0,0,0,0.000,0.00,0,0.000,"8,358.58",35,199.640,"8,640.53",7,17,25,0,0,0.000,0.00,0,35,199.640,"8,640.53",Grand Total,"1,387","14,515.167","11,73,314.32",49,126,466,0,276,"2,265.694","2,16,564.43",303,"1,663","16,780.861","13,89,878.75",0.00,3,178.791,"4,73,770.52",0,0,3,0,0,10.600,"6,077.44",3,189.391,"4,92,131.11",883,"8,265.337","4,89,536.36",49,119,331,0,9,90.615,"6,948.40",34,892,"8,355.952","5,09,288.08","Page 1 of 1     Generated on : 12/03/2025 19:29 PM     2014 NRRDA, All rights reserved"
Pradhan Mantri Gram Sadak Yojana,Monthly Report Format for Physical & Financial Progress under PMGSY,State: Arunachal Pradesh     District: All Districts     Block: All Blocks     Year: 2020     Month: January     Collaboration: All Collaborations     Agency:  Rural Works Department   Scheme: All Scheme,Note : All Costs and Expenditures in Lakhs and Length in Kms.,Clearance,Progress During Month,Cumulative Progress,New Connectivity,Upgradation,Total,New Connectivity,Upgradation,Total,New Connectivity,Upgradation,Total,Sr.No.,Sanction Year,Nos.,Length,Cost,1000+,999-500,499-250 (Eligible),Nos.,Length,Cost,LSB Nos.,Road Nos.,Road Length,Cost,Funds Released,Nos.,Length,Expenditure,1000+,999-500,499-250 (Eligible),Nos.,Length,Expenditure,Nos.,Length,Expenditure,Nos.,Length,Expenditure,1000+,999-500,499-250 (Eligible),Nos.,Length,Expenditure,LSB Nos.,Road Nos.,Road Length,Expenditure,Namsai,2001 - 2002,7,40.850,313.46,1,2,8,0,0,0.000,0.00,0,7,40.850,313.46,0.00,0,0.000,313.46,0,0,0,0,0,0.000,0.00,0,0.000,313.46,7,40.850,313.46,1,2,8,0,0,0.000,0.00,0,7,40.850,313.46,Total,39,209.160,"9,797.54",7,17,29,0,16,84.390,"4,799.71",3,55,293.550,"14,597.25",0.00,0,0.000,"8,358.58",0,0,0,0,0,0.000,0.00,0,0.000,"8,358.58",35,199.640,"8,640.53",7,17,25,0,0,0.000,0.00,0,35,199.640,"8,640.53",Grand Total,"1,387","14,515.167","11,73,314.32",49,126,466,0,276,"2,265.694","2,16,564.43",303,"1,663","16,780.861","13,89,878.75",0.00,3,178.791,"4,73,770.52",0,0,3,0,0,10.600,"6,077.44",3,189.391,"4,92,131.11",883,"8,265.337","4,89,536.36",49,119,331,0,9,90.615,"6,948.40",34,892,"8,355.952","5,09,288.08","Page 1 of 1     Generated on : 12/03/2025 19:29 PM     2014 NRRDA, All rights reserved"
Pradhan Mantri Gram Sadak Yojana,Monthly Report Format for Physical & Financial Progress under PMGSY,State: Arunachal Pradesh     District: All Districts     Block: All Blocks     Year: 2020     Month: January     Collaboration: All Collaborations     Agency:  Rural Works Department   Scheme: All Scheme,Note : All Costs and Expenditures in Lakhs and Length in Kms.,Clearance,Progress During Month,Cumulative Progress,New Connectivity,Upgradation,Total,New Connectivity,Upgradation,Total,New Connectivity,Upgradation,Total,Sr.No.,Sanction Year,Nos.,Length,Cost,1000+,999-500,499-250 (Eligible),Nos.,Length,Cost,LSB Nos.,Road Nos.,Road Length,Cost,Funds Released,Nos.,Length,Expenditure,1000+,999-500,499-250 (Eligible),Nos.,Length,Expenditure,Nos.,Length,Expenditure,Nos.,Length,Expenditure,1000+,999-500,499-250 (Eligible),Nos.,Length,Expenditure,LSB Nos.,Road Nos.,Road Length,Expenditure,Namsai,2004 - 2005,3,16.050,587.63,2,2,0,0,0,0.000,0.00,0,3,16.050,587.63,0.00,0,0.000,522.28,0,0,0,0,0,0.000,0.00,0,0.000,522.28,3,16.050,522.28,2,2,0,0,0,0.000,0.00,0,3,16.050,522.28,Total,39,209.160,"9,797.54",7,17,29,0,16,84.390,"4,799.71",3,55,293.550,"14,597.25",0.00,0,0.000,"8,358.58",0,0,0,0,0,0.000,0.00,0,0.000,"8,358.58",35,199.640,"8,640.53",7,17,25,0,0,0.000,0.00,0,35,199.640,"8,640.53",Grand Total,"1,387","14,515.167","11,73,314.32",49,126,466,0,276,"2,265.694","2,16,564.43",303,"1,663","16,780.861","13,89,878.75",0.00,3,178.791,"4,73,770.52",0,0,3,0,0,10.600,"6,077.44",3,189.391,"4,92,131.11",883,"8,265.337","4,89,536.36",49,119,331,0,9,90.615,"6,948.40",34,892,"8,355.952","5,09,288.08","Page 1 of 1     Generated on : 12/03/2025 19:29 PM     2014 NRRDA, All rights reserved"
Pradhan Mantri Gram Sadak Yojana,Monthly Report Format for Physical & Financial Progress under PMGSY,State: Arunachal Pradesh     District: All Districts     Block: All Blocks     Year: 2020     Month: January     Collaboration: All Collaborations     Agency:  Rural Works Department   Scheme: All Scheme,Note : All Costs and Expenditures in Lakhs and Length in Kms.,Clearance,Progress During Month,Cumulative Progress,New Connectivity,Upgradation,Total,New Connectivity,Upgradation,Total,New Connectivity,Upgradation,Total,Sr.No.,Sanction Year,Nos.,Length,Cost,1000+,999-500,499-250 (Eligible),Nos.,Length,Cost,LSB Nos.,Road Nos.,Road Length,Cost,Funds Released,Nos.,Length,Expenditure,1000+,999-500,499-250 (Eligible),Nos.,Length,Expenditure,Nos.,Length,Expenditure,Nos.,Length,Expenditure,1000+,999-500,499-250 (Eligible),Nos.,Length,Expenditure,LSB Nos.,Road Nos.,Road Length,Expenditure,Namsai,2005 - 2006,4,22.350,"1,327.04",2,3,0,0,0,0.000,0.00,0,4,22.350,"1,327.04",0.00,0,0.000,"1,426.29",0,0,0,0,0,0.000,0.00,0,0.000,"1,426.29",4,22.350,"1,426.29",2,3,0,0,0,0.000,0.00,0,4,22.350,"1,426.29",Total,39,209.160,"9,797.54",7,17,29,0,16,84.390,"4,799.71",3,55,293.550,"14,597.25",0.00,0,0.000,"8,358.58",0,0,0,0,0,0.000,0.00,0,0.000,"8,358.58",35,199.640,"8,640.53",7,17,25,0,0,0.000,0.00,0,35,199.640,"8,640.53",Grand Total,"1,387","14,515.167","11,73,314.32",49,126,466,0,276,"2,265.694","2,16,564.43",303,"1,663","16,780.861","13,89,878.75",0.00,3,178.791,"4,73,770.52",0,0,3,0,0,10.600,"6,077.44",3,189.391,"4,92,131.11",883,"8,265.337","4,89,536.36",49,119,331,0,9,90.615,"6,948.40",34,892,"8,355.952","5,09,288.08","Page 1 of 1     Generated on : 12/03/2025 19:29 PM     2014 NRRDA, All rights reserved"
Pradhan Mantri Gram Sadak Yojana,Monthly Report Format for Physical & Financial Progress under PMGSY,State: Arunachal Pradesh     District: All Districts     Block: All Blocks     Year: 2020     Month: January     Collaboration: All Collaborations     Agency:  Rural Works Department   Scheme: All Scheme,Note : All Costs and Expenditures in Lakhs and Length in Kms.,Clearance,Progress During Month,Cumulative Progress,New Connectivity,Upgradation,Total,New Connectivity,Upgradation,Total,New Connectivity,Upgradation,Total,Sr.No.,Sanction Year,Nos.,Length,Cost,1000+,999-500,499-250 (Eligible),Nos.,Length,Cost,LSB Nos.,Road Nos.,Road Length,Cost,Funds Released,Nos.,Length,Expenditure,1000+,999-500,499-250 (Eligible),Nos.,Length,Expenditure,Nos.,Length,Expenditure,Nos.,Length,Expenditure,1000+,999-500,499-250 (Eligible),Nos.,Length,Expenditure,LSB Nos.,Road Nos.,Road Length,Expenditure,Namsai,2006 - 2007,3,14.800,359.05,0,0,0,0,0,0.000,0.00,0,3,14.800,359.05,0.00,0,0.000,460.25,0,0,0,0,0,0.000,0.00,0,0.000,460.25,3,14.800,460.25,0,0,0,0,0,0.000,0.00,0,3,14.800,460.25,Total,39,209.160,"9,797.54",7,17,29,0,16,84.390,"4,799.71",3,55,293.550,"14,597.25",0.00,0,0.000,"8,358.58",0,0,0,0,0,0.000,0.00,0,0.000,"8,358.58",35,199.640,"8,640.53",7,17,25,0,0,0.000,0.00,0,35,199.640,"8,640.53",Grand Total,"1,387","14,515.167","11,73,314.32",49,126,466,0,276,"2,265.694","2,16,564.43",303,"1,663","16,780.861","13,89,878.75",0.00,3,178.791,"4,73,770.52",0,0,3,0,0,10.600,"6,077.44",3,189.391,"4,92,131.11",883,"8,265.337","4,89,536.36",49,119,331,0,9,90.615,"6,948.40",34,892,"8,355.952","5,09,288.08","Page 1 of 1     Generated on : 12/03/2025 19:29 PM     2014 NRRDA, All rights reserved"
Pradhan Mantri Gram Sadak Yojana,Monthly Report Format for Physical & Financial Progress under PMGSY,State: Arunachal Pradesh     District: All Districts     Block: All Blocks     Year: 2020     Month: January     Collaboration: All Collaborations     Agency:  Rural Works Department   Scheme: All Scheme,Note : All Costs and Expenditures in Lakhs and Length in Kms.,Clearance,Progress During Month,Cumulative Progress,New Connectivity,Upgradation,Total,New Connectivity,Upgradation,Total,New Connectivity,Upgradation,Total,Sr.No.,Sanction Year,Nos.,Length,Cost,1000+,999-500,499-250 (Eligible),Nos.,Length,Cost,LSB Nos.,Road Nos.,Road Length,Cost,Funds Released,Nos.,Length,Expenditure,1000+,999-500,499-250 (Eligible),Nos.,Length,Expenditure,Nos.,Length,Expenditure,Nos.,Length,Expenditure,1000+,999-500,499-250 (Eligible),Nos.,Length,Expenditure,LSB Nos.,Road Nos.,Road Length,Expenditure,Namsai,2007 - 2008,6,23.670,689.55,1,4,0,0,0,0.000,0.00,0,6,23.670,689.55,0.00,0,0.000,678.89,0,0,0,0,0,0.000,0.00,0,0.000,678.89,6,23.670,678.89,1,4,0,0,0,0.000,0.00,0,6,23.670,678.89,Total,39,209.160,"9,797.54",7,17,29,0,16,84.390,"4,799.71",3,55,293.550,"14,597.25",0.00,0,0.000,"8,358.58",0,0,0,0,0,0.000,0.00,0,0.000,"8,358.58",35,199.640,"8,640.53",7,17,25,0,0,0.000,0.00,0,35,199.640,"8,640.53",Grand Total,"1,387","14,515.167","11,73,314.32",49,126,466,0,276,"2,265.694","2,16,564.43",303,"1,663","16,780.861","13,89,878.75",0.00,3,178.791,"4,73,770.52",0,0,3,0,0,10.600,"6,077.44",3,189.391,"4,92,131.11",883,"8,265.337","4,89,536.36",49,119,331,0,9,90.615,"6,948.40",34,892,"8,355.952","5,09,288.08","Page 1 of 1     Generated on : 12/03/2025 19:29 PM     2014 NRRDA, All rights reserved"
Pradhan Mantri Gram Sadak Yojana,Monthly Report Format for Physical & Financial Progress under PMGSY,State: Arunachal Pradesh     District: All Districts     Block: All Blocks     Year: 2020     Month: January     Collaboration: All Collaborations     Agency:  Rural Works Department   Scheme: All Scheme,Note : All Costs and Expenditures in Lakhs and Length in Kms.,Clearance,Progress During Month,Cumulative Progress,New Connectivity,Upgradation,Total,New Connectivity,Upgradation,Total,New Connectivity,Upgradation,Total,Sr.No.,Sanction Year,Nos.,Length,Cost,1000+,999-500,499-250 (Eligible),Nos.,Length,Cost,LSB Nos.,Road Nos.,Road Length,Cost,Funds Released,Nos.,Length,Expenditure,1000+,999-500,499-250 (Eligible),Nos.,Length,Expenditure,Nos.,Length,Expenditure,Nos.,Length,Expenditure,1000+,999-500,499-250 (Eligible),Nos.,Length,Expenditure,LSB Nos.,Road Nos.,Road Length,Expenditure,Namsai,2008 - 2009,7,51.600,"3,098.29",1,4,12,0,0,0.000,0.00,0,7,51.600,"3,098.29",0.00,0,0.000,"2,987.78",0,0,0,0,0,0.000,0.00,0,0.000,"2,987.78",7,51.600,"2,987.78",1,4,12,0,0,0.000,0.00,0,7,51.600,"2,987.78",Total,39,209.160,"9,797.54",7,17,29,0,16,84.390,"4,799.71",3,55,293.550,"14,597.25",0.00,0,0.000,"8,358.58",0,0,0,0,0,0.000,0.00,0,0.000,"8,358.58",35,199.640,"8,640.53",7,17,25,0,0,0.000,0.00,0,35,199.640,"8,640.53",Grand Total,"1,387","14,515.167","11,73,314.32",49,126,466,0,276,"2,265.694","2,16,564.43",303,"1,663","16,780.861","13,89,878.75",0.00,3,178.791,"4,73,770.52",0,0,3,0,0,10.600,"6,077.44",3,189.391,"4,92,131.11",883,"8,265.337","4,89,536.36",49,119,331,0,9,90.615,"6,948.40",34,892,"8,355.952","5,09,288.08","Page 1 of 1     Generated on : 12/03/2025 19:29 PM     2014 NRRDA, All rights reserved"
Pradhan Mantri Gram Sadak Yojana,Monthly Report Format for Physical & Financial Progress under PMGSY,State: Arunachal Pradesh     District: All Districts     Block: All Blocks     Year: 2020     Month: January     Collaboration: All Collaborations     Agency:  Rural Works Department   Scheme: All Scheme,Note : All Costs and Expenditures in Lakhs and Length in Kms.,Clearance,Progress During Month,Cumulative Progress,New Connectivity,Upgradation,Total,New Connectivity,Upgradation,Total,New Connectivity,Upgradation,Total,Sr.No.,Sanction Year,Nos.,Length,Cost,1000+,999-500,499-250 (Eligible),Nos.,Length,Cost,LSB Nos.,Road Nos.,Road Length,Cost,Funds Released,Nos.,Length,Expenditure,1000+,999-500,499-250 (Eligible),Nos.,Length,Expenditure,Nos.,Length,Expenditure,Nos.,Length,Expenditure,1000+,999-500,499-250 (Eligible),Nos.,Length,Expenditure,LSB Nos.,Road Nos.,Road Length,Expenditure,Namsai,2016 - 2017,4,26.910,"2,365.28",0,0,5,0,0,0.000,0.00,1,4,26.910,"2,365.28",0.00,0,0.000,"1,725.69",0,0,0,0,0,0.000,0.00,0,0.000,"1,725.69",2,24.400,"1,800.77",0,0,3,0,0,0.000,0.00,0,2,24.400,"1,800.77",Total,39,209.160,"9,797.54",7,17,29,0,16,84.390,"4,799.71",3,55,293.550,"14,597.25",0.00,0,0.000,"8,358.58",0,0,0,0,0,0.000,0.00,0,0.000,"8,358.58",35,199.640,"8,640.53",7,17,25,0,0,0.000,0.00,0,35,199.640,"8,640.53",Grand Total,"1,387","14,515.167","11,73,314.32",49,126,466,0,276,"2,265.694","2,16,564.43",303,"1,663","16,780.861","13,89,878.75",0.00,3,178.791,"4,73,770.52",0,0,3,0,0,10.600,"6,077.44",3,189.391,"4,92,131.11",883,"8,265.337","4,89,536.36",49,119,331,0,9,90.615,"6,948.40",34,892,"8,355.952","5,09,288.08","Page 1 of 1     Generated on : 12/03/2025 19:29 PM     2014 NRRDA, All rights reserved"
Pradhan Mantri Gram Sadak Yojana,Monthly Report Format for Physical & Financial Progress under PMGSY,State: Arunachal Pradesh     District: All Districts     Block: All Blocks     Year: 2020     Month: January     Collaboration: All Collaborations     Agency:  Rural Works Department   Scheme: All Scheme,Note : All Costs and Expenditures in Lakhs and Length in Kms.,Clearance,Progress During Month,Cumulative Progress,New Connectivity,Upgradation,Total,New Connectivity,Upgradation,Total,New Connectivity,Upgradation,Total,Sr.No.,Sanction Year,Nos.,Length,Cost,1000+,999-500,499-250 (Eligible),Nos.,Length,Cost,LSB Nos.,Road Nos.,Road Length,Cost,Funds Released,Nos.,Length,Expenditure,1000+,999-500,499-250 (Eligible),Nos.,Length,Expenditure,Nos.,Length,Expenditure,Nos.,Length,Expenditure,1000+,999-500,499-250 (Eligible),Nos.,Length,Expenditure,LSB Nos.,Road Nos.,Road Length,Expenditure,Namsai,2017 - 2018,1,7.110,740.35,0,0,1,0,0,0.000,0.00,0,1,7.110,740.35,0.00,0,0.000,193.94,0,0,0,0,0,0.000,0.00,0,0.000,193.94,0,3.500,400.81,0,0,0,0,0,0.000,0.00,0,0,3.500,400.81,Total,39,209.160,"9,797.54",7,17,29,0,16,84.390,"4,799.71",3,55,293.550,"14,597.25",0.00,0,0.000,"8,358.58",0,0,0,0,0,0.000,0.00,0,0.000,"8,358.58",35,199.640,"8,640.53",7,17,25,0,0,0.000,0.00,0,35,199.640,"8,640.53",Grand Total,"1,387","14,515.167","11,73,314.32",49,126,466,0,276,"2,265.694","2,16,564.43",303,"1,663","16,780.861","13,89,878.75",0.00,3,178.791,"4,73,770.52",0,0,3,0,0,10.600,"6,077.44",3,189.391,"4,92,131.11",883,"8,265.337","4,89,536.36",49,119,331,0,9,90.615,"6,948.40",34,892,"8,355.952","5,09,288.08","Page 1 of 1     Generated on : 12/03/2025 19:29 PM     2014 NRRDA, All rights reserved"
Pradhan Mantri Gram Sadak Yojana,Monthly Report Format for Physical & Financial Progress under PMGSY,State: Arunachal Pradesh     District: All Districts     Block: All Blocks     Year: 2020     Month: January     Collaboration: All Collaborations     Agency:  Rural Works Department   Scheme: All Scheme,Note : All Costs and Expenditures in Lakhs and Length in Kms.,Clearance,Progress During Month,Cumulative Progress,New Connectivity,Upgradation,Total,New Connectivity,Upgradation,Total,New Connectivity,Upgradation,Total,Sr.No.,Sanction Year,Nos.,Length,Cost,1000+,999-500,499-250 (Eligible),Nos.,Length,Cost,LSB Nos.,Road Nos.,Road Length,Cost,Funds Released,Nos.,Length,Expenditure,1000+,999-500,499-250 (Eligible),Nos.,Length,Expenditure,Nos.,Length,Expenditure,Nos.,Length,Expenditure,1000+,999-500,499-250 (Eligible),Nos.,Length,Expenditure,LSB Nos.,Road Nos.,Road Length,Expenditure,Namsai,2018 - 2019,1,3.400,266.89,0,0,1,0,0,0.000,0.00,0,1,3.400,266.89,0.00,0,0.000,0.00,0,0,0,0,0,0.000,0.00,0,0.000,0.00,0,0.000,,0,0,0,0,0,0.000,0.00,0,0,0.000,0.00,Total,39,209.160,"9,797.54",7,17,29,0,16,84.390,"4,799.71",3,55,293.550,"14,597.25",0.00,0,0.000,"8,358.58",0,0,0,0,0,0.000,0.00,0,0.000,"8,358.58",35,199.640,"8,640.53",7,17,25,0,0,0.000,0.00,0,35,199.640,"8,640.53",Grand Total,"1,387","14,515.167","11,73,314.32",49,126,466,0,276,"2,265.694","2,16,564.43",303,"1,663","16,780.861","13,89,878.75",0.00,3,178.791,"4,73,770.52",0,0,3,0,0,10.600,"6,077.44",3,189.391,"4,92,131.11",883,"8,265.337","4,89,536.36",49,119,331,0,9,90.615,"6,948.40",34,892,"8,355.952","5,09,288.08","Page 1 of 1     Generated on : 12/03/2025 19:29 PM     2014 NRRDA, All rights reserved"
Pradhan Mantri Gram Sadak Yojana,Monthly Report Format for Physical & Financial Progress under PMGSY,State: Arunachal Pradesh     District: All Districts     Block: All Blocks     Year: 2020     Month: January     Collaboration: All Collaborations     Agency:  Rural Works Department   Scheme: All Scheme,Note : All Costs and Expenditures in Lakhs and Length in Kms.,Clearance,Progress During Month,Cumulative Progress,New Connectivity,Upgradation,Total,New Connectivity,Upgradation,Total,New Connectivity,Upgradation,Total,Sr.No.,Sanction Year,Nos.,Length,Cost,1000+,999-500,499-250 (Eligible),Nos.,Length,Cost,LSB Nos.,Road Nos.,Road Length,Cost,Funds Released,Nos.,Length,Expenditure,1000+,999-500,499-250 (Eligible),Nos.,Length,Expenditure,Nos.,Length,Expenditure,Nos.,Length,Expenditure,1000+,999-500,499-250 (Eligible),Nos.,Length,Expenditure,LSB Nos.,Road Nos.,Road Length,Expenditure,Namsai,2019 - 2020,0,0.000,0.00,0,0,0,0,6,20.170,786.04,0,6,20.170,786.04,0.00,0,0.000,0.00,0,0,0,0,0,0.000,0.00,0,0.000,0.00,0,0.000,,0,0,0,0,0,0.000,0.00,0,0,0.000,0.00,Total,39,209.160,"9,797.54",7,17,29,0,16,84.390,"4,799.71",3,55,293.550,"14,597.25",0.00,0,0.000,"8,358.58",0,0,0,0,0,0.000,0.00,0,0.000,"8,358.58",35,199.640,"8,640.53",7,17,25,0,0,0.000,0.00,0,35,199.640,"8,640.53",Grand Total,"1,387","14,515.167","11,73,314.32",49,126,466,0,276,"2,265.694","2,16,564.43",303,"1,663","16,780.861","13,89,878.75",0.00,3,178.791,"4,73,770.52",0,0,3,0,0,10.600,"6,077.44",3,189.391,"4,92,131.11",883,"8,265.337","4,89,536.36",49,119,331,0,9,90.615,"6,948.40",34,892,"8,355.952","5,09,288.08","Page 1 of 1     Generated on : 12/03/2025 19:29 PM     2014 NRRDA, All rights reserved"
Pradhan Mantri Gram Sadak Yojana,Monthly Report Format for Physical & Financial Progress under PMGSY,State: Arunachal Pradesh     District: All Districts     Block: All Blocks     Year: 2020     Month: January     Collaboration: All Collaborations     Agency:  Rural Works Department   Scheme: All Scheme,Note : All Costs and Expenditures in Lakhs and Length in Kms.,Clearance,Progress During Month,Cumulative Progress,New Connectivity,Upgradation,Total,New Connectivity,Upgradation,Total,New Connectivity,Upgradation,Total,Sr.No.,Sanction Year,Nos.,Length,Cost,1000+,999-500,499-250 (Eligible),Nos.,Length,Cost,LSB Nos.,Road Nos.,Road Length,Cost,Funds Released,Nos.,Length,Expenditure,1000+,999-500,499-250 (Eligible),Nos.,Length,Expenditure,Nos.,Length,Expenditure,Nos.,Length,Expenditure,1000+,999-500,499-250 (Eligible),Nos.,Length,Expenditure,LSB Nos.,Road Nos.,Road Length,Expenditure,Namsai,2023 - 2024,0,0.000,0.00,0,0,0,0,5,26.010,"2,034.92",1,5,26.010,"2,034.92",0.00,0,0.000,0.00,0,0,0,0,0,0.000,0.00,0,0.000,0.00,0,0.000,,0,0,0,0,0,0.000,0.00,0,0,0.000,0.00,Total,39,209.160,"9,797.54",7,17,29,0,16,84.390,"4,799.71",3,55,293.550,"14,597.25",0.00,0,0.000,"8,358.58",0,0,0,0,0,0.000,0.00,0,0.000,"8,358.58",35,199.640,"8,640.53",7,17,25,0,0,0.000,0.00,0,35,199.640,"8,640.53",Grand Total,"1,387","14,515.167","11,73,314.32",49,126,466,0,276,"2,265.694","2,16,564.43",303,"1,663","16,780.861","13,89,878.75",0.00,3,178.791,"4,73,770.52",0,0,3,0,0,10.600,"6,077.44",3,189.391,"4,92,131.11",883,"8,265.337","4,89,536.36",49,119,331,0,9,90.615,"6,948.40",34,892,"8,355.952","5,09,288.08","Page 1 of 1     Generated on : 12/03/2025 19:29 PM     2014 NRRDA, All rights reserved"
Pradhan Mantri Gram Sadak Yojana,Monthly Report Format for Physical & Financial Progress under PMGSY,State: Arunachal Pradesh     District: All Districts     Block: All Blocks     Year: 2020     Month: January     Collaboration: All Collaborations     Agency:  Rural Works Department   Scheme: All Scheme,Note : All Costs and Expenditures in Lakhs and Length in Kms.,Clearance,Progress During Month,Cumulative Progress,New Connectivity,Upgradation,Total,New Connectivity,Upgradation,Total,New Connectivity,Upgradation,Total,Sr.No.,Sanction Year,Nos.,Length,Cost,1000+,999-500,499-250 (Eligible),Nos.,Length,Cost,LSB Nos.,Road Nos.,Road Length,Cost,Funds Released,Nos.,Length,Expenditure,1000+,999-500,499-250 (Eligible),Nos.,Length,Expenditure,Nos.,Length,Expenditure,Nos.,Length,Expenditure,1000+,999-500,499-250 (Eligible),Nos.,Length,Expenditure,LSB Nos.,Road Nos.,Road Length,Expenditure,Namsai,2024 - 2025,0,0.000,0.00,0,0,0,0,5,38.210,"1,978.75",1,5,38.210,"1,978.75",0.00,0,0.000,0.00,0,0,0,0,0,0.000,0.00,0,0.000,0.00,0,0.000,,0,0,0,0,0,0.000,0.00,0,0,0.000,0.00,Total,39,209.160,"9,797.54",7,17,29,0,16,84.390,"4,799.71",3,55,293.550,"14,597.25",0.00,0,0.000,"8,358.58",0,0,0,0,0,0.000,0.00,0,0.000,"8,358.58",35,199.640,"8,640.53",7,17,25,0,0,0.000,0.00,0,35,199.640,"8,640.53",Grand Total,"1,387","14,515.167","11,73,314.32",49,126,466,0,276,"2,265.694","2,16,564.43",303,"1,663","16,780.861","13,89,878.75",0.00,3,178.791,"4,73,770.52",0,0,3,0,0,10.600,"6,077.44",3,189.391,"4,92,131.11",883,"8,265.337","4,89,536.36",49,119,331,0,9,90.615,"6,948.40",34,892,"8,355.952","5,09,288.08","Page 1 of 1     Generated on : 12/03/2025 19:29 PM     2014 NRRDA, All rights reserved"
Pradhan Mantri Gram Sadak Yojana,Monthly Report Format for Physical & Financial Progress under PMGSY,State: Arunachal Pradesh     District: All Districts     Block: All Blocks     Year: 2020     Month: January     Collaboration: All Collaborations     Agency:  Rural Works Department   Scheme: All Scheme,Note : All Costs and Expenditures in Lakhs and Length in Kms.,Clearance,Progress During Month,Cumulative Progress,New Connectivity,Upgradation,Total,New Connectivity,Upgradation,Total,New Connectivity,Upgradation,Total,Sr.No.,Sanction Year,Nos.,Length,Cost,1000+,999-500,499-250 (Eligible),Nos.,Length,Cost,LSB Nos.,Road Nos.,Road Length,Cost,Funds Released,Nos.,Length,Expenditure,1000+,999-500,499-250 (Eligible),Nos.,Length,Expenditure,Nos.,Length,Expenditure,Nos.,Length,Expenditure,1000+,999-500,499-250 (Eligible),Nos.,Length,Expenditure,LSB Nos.,Road Nos.,Road Length,Expenditure,Pakke kessang,2000 - 2001,2,4.000,60.00,0,1,0,0,0,0.000,0.00,0,2,4.000,60.00,0.00,0,0.000,60.00,0,0,0,0,0,0.000,0.00,0,0.000,60.00,2,4.000,60.00,0,1,0,0,0,0.000,0.00,0,2,4.000,60.00,Total,16,184.280,"12,316.49",0,3,5,0,4,32.550,"3,195.46",5,20,216.830,"15,511.95",0.00,0,10.000,"8,560.26",0,0,0,0,0,0.000,0.00,0,10.000,"8,560.26",12,124.910,"8,560.26",0,3,4,0,0,0.000,0.00,0,12,124.910,"8,560.26",Grand Total,"1,387","14,515.167","11,73,314.32",49,126,466,0,276,"2,265.694","2,16,564.43",303,"1,663","16,780.861","13,89,878.75",0.00,3,178.791,"4,73,770.52",0,0,3,0,0,10.600,"6,077.44",3,189.391,"4,92,131.11",883,"8,265.337","4,89,536.36",49,119,331,0,9,90.615,"6,948.40",34,892,"8,355.952","5,09,288.08","Page 1 of 1     Generated on : 12/03/2025 19:29 PM     2014 NRRDA, All rights reserved"
Pradhan Mantri Gram Sadak Yojana,Monthly Report Format for Physical & Financial Progress under PMGSY,State: Arunachal Pradesh     District: All Districts     Block: All Blocks     Year: 2020     Month: January     Collaboration: All Collaborations     Agency:  Rural Works Department   Scheme: All Scheme,Note : All Costs and Expenditures in Lakhs and Length in Kms.,Clearance,Progress During Month,Cumulative Progress,New Connectivity,Upgradation,Total,New Connectivity,Upgradation,Total,New Connectivity,Upgradation,Total,Sr.No.,Sanction Year,Nos.,Length,Cost,1000+,999-500,499-250 (Eligible),Nos.,Length,Cost,LSB Nos.,Road Nos.,Road Length,Cost,Funds Released,Nos.,Length,Expenditure,1000+,999-500,499-250 (Eligible),Nos.,Length,Expenditure,Nos.,Length,Expenditure,Nos.,Length,Expenditure,1000+,999-500,499-250 (Eligible),Nos.,Length,Expenditure,LSB Nos.,Road Nos.,Road Length,Expenditure,Pakke kessang,2001 - 2002,2,7.090,105.59,0,1,0,0,0,0.000,0.00,0,2,7.090,105.59,0.00,0,0.000,105.59,0,0,0,0,0,0.000,0.00,0,0.000,105.59,2,7.090,105.59,0,1,0,0,0,0.000,0.00,0,2,7.090,105.59,Total,16,184.280,"12,316.49",0,3,5,0,4,32.550,"3,195.46",5,20,216.830,"15,511.95",0.00,0,10.000,"8,560.26",0,0,0,0,0,0.000,0.00,0,10.000,"8,560.26",12,124.910,"8,560.26",0,3,4,0,0,0.000,0.00,0,12,124.910,"8,560.26",Grand Total,"1,387","14,515.167","11,73,314.32",49,126,466,0,276,"2,265.694","2,16,564.43",303,"1,663","16,780.861","13,89,878.75",0.00,3,178.791,"4,73,770.52",0,0,3,0,0,10.600,"6,077.44",3,189.391,"4,92,131.11",883,"8,265.337","4,89,536.36",49,119,331,0,9,90.615,"6,948.40",34,892,"8,355.952","5,09,288.08","Page 1 of 1     Generated on : 12/03/2025 19:29 PM     2014 NRRDA, All rights reserved"
Pradhan Mantri Gram Sadak Yojana,Monthly Report Format for Physical & Financial Progress under PMGSY,State: Arunachal Pradesh     District: All Districts     Block: All Blocks     Year: 2020     Month: January     Collaboration: All Collaborations     Agency:  Rural Works Department   Scheme: All Scheme,Note : All Costs and Expenditures in Lakhs and Length in Kms.,Clearance,Progress During Month,Cumulative Progress,New Connectivity,Upgradation,Total,New Connectivity,Upgradation,Total,New Connectivity,Upgradation,Total,Sr.No.,Sanction Year,Nos.,Length,Cost,1000+,999-500,499-250 (Eligible),Nos.,Length,Cost,LSB Nos.,Road Nos.,Road Length,Cost,Funds Released,Nos.,Length,Expenditure,1000+,999-500,499-250 (Eligible),Nos.,Length,Expenditure,Nos.,Length,Expenditure,Nos.,Length,Expenditure,1000+,999-500,499-250 (Eligible),Nos.,Length,Expenditure,LSB Nos.,Road Nos.,Road Length,Expenditure,Pakke kessang,2005 - 2006,1,12.150,493.93,0,1,0,0,0,0.000,0.00,0,1,12.150,493.93,0.00,0,0.000,477.48,0,0,0,0,0,0.000,0.00,0,0.000,477.48,1,12.150,477.48,0,1,0,0,0,0.000,0.00,0,1,12.150,477.48,Total,16,184.280,"12,316.49",0,3,5,0,4,32.550,"3,195.46",5,20,216.830,"15,511.95",0.00,0,10.000,"8,560.26",0,0,0,0,0,0.000,0.00,0,10.000,"8,560.26",12,124.910,"8,560.26",0,3,4,0,0,0.000,0.00,0,12,124.910,"8,560.26",Grand Total,"1,387","14,515.167","11,73,314.32",49,126,466,0,276,"2,265.694","2,16,564.43",303,"1,663","16,780.861","13,89,878.75",0.00,3,178.791,"4,73,770.52",0,0,3,0,0,10.600,"6,077.44",3,189.391,"4,92,131.11",883,"8,265.337","4,89,536.36",49,119,331,0,9,90.615,"6,948.40",34,892,"8,355.952","5,09,288.08","Page 1 of 1     Generated on : 12/03/2025 19:29 PM     2014 NRRDA, All rights reserved"
Pradhan Mantri Gram Sadak Yojana,Monthly Report Format for Physical & Financial Progress under PMGSY,State: Arunachal Pradesh     District: All Districts     Block: All Blocks     Year: 2020     Month: January     Collaboration: All Collaborations     Agency:  Rural Works Department   Scheme: All Scheme,Note : All Costs and Expenditures in Lakhs and Length in Kms.,Clearance,Progress During Month,Cumulative Progress,New Connectivity,Upgradation,Total,New Connectivity,Upgradation,Total,New Connectivity,Upgradation,Total,Sr.No.,Sanction Year,Nos.,Length,Cost,1000+,999-500,499-250 (Eligible),Nos.,Length,Cost,LSB Nos.,Road Nos.,Road Length,Cost,Funds Released,Nos.,Length,Expenditure,1000+,999-500,499-250 (Eligible),Nos.,Length,Expenditure,Nos.,Length,Expenditure,Nos.,Length,Expenditure,1000+,999-500,499-250 (Eligible),Nos.,Length,Expenditure,LSB Nos.,Road Nos.,Road Length,Expenditure,Pakke kessang,2006 - 2007,1,2.130,100.38,0,0,0,0,0,0.000,0.00,0,1,2.130,100.38,0.00,0,0.000,104.70,0,0,0,0,0,0.000,0.00,0,0.000,104.70,1,2.130,104.70,0,0,0,0,0,0.000,0.00,0,1,2.130,104.70,Total,16,184.280,"12,316.49",0,3,5,0,4,32.550,"3,195.46",5,20,216.830,"15,511.95",0.00,0,10.000,"8,560.26",0,0,0,0,0,0.000,0.00,0,10.000,"8,560.26",12,124.910,"8,560.26",0,3,4,0,0,0.000,0.00,0,12,124.910,"8,560.26",Grand Total,"1,387","14,515.167","11,73,314.32",49,126,466,0,276,"2,265.694","2,16,564.43",303,"1,663","16,780.861","13,89,878.75",0.00,3,178.791,"4,73,770.52",0,0,3,0,0,10.600,"6,077.44",3,189.391,"4,92,131.11",883,"8,265.337","4,89,536.36",49,119,331,0,9,90.615,"6,948.40",34,892,"8,355.952","5,09,288.08","Page 1 of 1     Generated on : 12/03/2025 19:29 PM     2014 NRRDA, All rights reserved"
Pradhan Mantri Gram Sadak Yojana,Monthly Report Format for Physical & Financial Progress under PMGSY,State: Arunachal Pradesh     District: All Districts     Block: All Blocks     Year: 2020     Month: January     Collaboration: All Collaborations     Agency:  Rural Works Department   Scheme: All Scheme,Note : All Costs and Expenditures in Lakhs and Length in Kms.,Clearance,Progress During Month,Cumulative Progress,New Connectivity,Upgradation,Total,New Connectivity,Upgradation,Total,New Connectivity,Upgradation,Total,Sr.No.,Sanction Year,Nos.,Length,Cost,1000+,999-500,499-250 (Eligible),Nos.,Length,Cost,LSB Nos.,Road Nos.,Road Length,Cost,Funds Released,Nos.,Length,Expenditure,1000+,999-500,499-250 (Eligible),Nos.,Length,Expenditure,Nos.,Length,Expenditure,Nos.,Length,Expenditure,1000+,999-500,499-250 (Eligible),Nos.,Length,Expenditure,LSB Nos.,Road Nos.,Road Length,Expenditure,Pakke kessang,2007 - 2008,1,4.620,277.97,0,0,1,0,0,0.000,0.00,0,1,4.620,277.97,0.00,0,0.000,263.13,0,0,0,0,0,0.000,0.00,0,0.000,263.13,1,4.620,263.13,0,0,1,0,0,0.000,0.00,0,1,4.620,263.13,Total,16,184.280,"12,316.49",0,3,5,0,4,32.550,"3,195.46",5,20,216.830,"15,511.95",0.00,0,10.000,"8,560.26",0,0,0,0,0,0.000,0.00,0,10.000,"8,560.26",12,124.910,"8,560.26",0,3,4,0,0,0.000,0.00,0,12,124.910,"8,560.26",Grand Total,"1,387","14,515.167","11,73,314.32",49,126,466,0,276,"2,265.694","2,16,564.43",303,"1,663","16,780.861","13,89,878.75",0.00,3,178.791,"4,73,770.52",0,0,3,0,0,10.600,"6,077.44",3,189.391,"4,92,131.11",883,"8,265.337","4,89,536.36",49,119,331,0,9,90.615,"6,948.40",34,892,"8,355.952","5,09,288.08","Page 1 of 1     Generated on : 12/03/2025 19:29 PM     2014 NRRDA, All rights reserved"
Pradhan Mantri Gram Sadak Yojana,Monthly Report Format for Physical & Financial Progress under PMGSY,State: Arunachal Pradesh     District: All Districts     Block: All Blocks     Year: 2020     Month: January     Collaboration: All Collaborations     Agency:  Rural Works Department   Scheme: All Scheme,Note : All Costs and Expenditures in Lakhs and Length in Kms.,Clearance,Progress During Month,Cumulative Progress,New Connectivity,Upgradation,Total,New Connectivity,Upgradation,Total,New Connectivity,Upgradation,Total,Sr.No.,Sanction Year,Nos.,Length,Cost,1000+,999-500,499-250 (Eligible),Nos.,Length,Cost,LSB Nos.,Road Nos.,Road Length,Cost,Funds Released,Nos.,Length,Expenditure,1000+,999-500,499-250 (Eligible),Nos.,Length,Expenditure,Nos.,Length,Expenditure,Nos.,Length,Expenditure,1000+,999-500,499-250 (Eligible),Nos.,Length,Expenditure,LSB Nos.,Road Nos.,Road Length,Expenditure,Pakke kessang,2009 - 2010,1,10.650,451.60,0,0,0,0,0,0.000,0.00,0,1,10.650,451.60,0.00,0,0.000,450.00,0,0,0,0,0,0.000,0.00,0,0.000,450.00,1,10.650,450.00,0,0,0,0,0,0.000,0.00,0,1,10.650,450.00,Total,16,184.280,"12,316.49",0,3,5,0,4,32.550,"3,195.46",5,20,216.830,"15,511.95",0.00,0,10.000,"8,560.26",0,0,0,0,0,0.000,0.00,0,10.000,"8,560.26",12,124.910,"8,560.26",0,3,4,0,0,0.000,0.00,0,12,124.910,"8,560.26",Grand Total,"1,387","14,515.167","11,73,314.32",49,126,466,0,276,"2,265.694","2,16,564.43",303,"1,663","16,780.861","13,89,878.75",0.00,3,178.791,"4,73,770.52",0,0,3,0,0,10.600,"6,077.44",3,189.391,"4,92,131.11",883,"8,265.337","4,89,536.36",49,119,331,0,9,90.615,"6,948.40",34,892,"8,355.952","5,09,288.08","Page 1 of 1     Generated on : 12/03/2025 19:29 PM     2014 NRRDA, All rights reserved"
Pradhan Mantri Gram Sadak Yojana,Monthly Report Format for Physical & Financial Progress under PMGSY,State: Arunachal Pradesh     District: All Districts     Block: All Blocks     Year: 2020     Month: January     Collaboration: All Collaborations     Agency:  Rural Works Department   Scheme: All Scheme,Note : All Costs and Expenditures in Lakhs and Length in Kms.,Clearance,Progress During Month,Cumulative Progress,New Connectivity,Upgradation,Total,New Connectivity,Upgradation,Total,New Connectivity,Upgradation,Total,Sr.No.,Sanction Year,Nos.,Length,Cost,1000+,999-500,499-250 (Eligible),Nos.,Length,Cost,LSB Nos.,Road Nos.,Road Length,Cost,Funds Released,Nos.,Length,Expenditure,1000+,999-500,499-250 (Eligible),Nos.,Length,Expenditure,Nos.,Length,Expenditure,Nos.,Length,Expenditure,1000+,999-500,499-250 (Eligible),Nos.,Length,Expenditure,LSB Nos.,Road Nos.,Road Length,Expenditure,Pakke kessang,2012 - 2013,1,3.800,199.84,0,0,0,0,0,0.000,0.00,0,1,3.800,199.84,0.00,0,0.000,196.83,0,0,0,0,0,0.000,0.00,0,0.000,196.83,1,3.800,196.83,0,0,0,0,0,0.000,0.00,0,1,3.800,196.83,Total,16,184.280,"12,316.49",0,3,5,0,4,32.550,"3,195.46",5,20,216.830,"15,511.95",0.00,0,10.000,"8,560.26",0,0,0,0,0,0.000,0.00,0,10.000,"8,560.26",12,124.910,"8,560.26",0,3,4,0,0,0.000,0.00,0,12,124.910,"8,560.26",Grand Total,"1,387","14,515.167","11,73,314.32",49,126,466,0,276,"2,265.694","2,16,564.43",303,"1,663","16,780.861","13,89,878.75",0.00,3,178.791,"4,73,770.52",0,0,3,0,0,10.600,"6,077.44",3,189.391,"4,92,131.11",883,"8,265.337","4,89,536.36",49,119,331,0,9,90.615,"6,948.40",34,892,"8,355.952","5,09,288.08","Page 1 of 1     Generated on : 12/03/2025 19:29 PM     2014 NRRDA, All rights reserved"
Pradhan Mantri Gram Sadak Yojana,Monthly Report Format for Physical & Financial Progress under PMGSY,State: Arunachal Pradesh     District: All Districts     Block: All Blocks     Year: 2020     Month: January     Collaboration: All Collaborations     Agency:  Rural Works Department   Scheme: All Scheme,Note : All Costs and Expenditures in Lakhs and Length in Kms.,Clearance,Progress During Month,Cumulative Progress,New Connectivity,Upgradation,Total,New Connectivity,Upgradation,Total,New Connectivity,Upgradation,Total,Sr.No.,Sanction Year,Nos.,Length,Cost,1000+,999-500,499-250 (Eligible),Nos.,Length,Cost,LSB Nos.,Road Nos.,Road Length,Cost,Funds Released,Nos.,Length,Expenditure,1000+,999-500,499-250 (Eligible),Nos.,Length,Expenditure,Nos.,Length,Expenditure,Nos.,Length,Expenditure,1000+,999-500,499-250 (Eligible),Nos.,Length,Expenditure,LSB Nos.,Road Nos.,Road Length,Expenditure,Pakke kessang,2016 - 2017,3,67.970,"6,607.07",0,0,3,0,0,0.000,0.00,3,3,67.970,"6,607.07",0.00,0,0.000,"6,277.72",0,0,0,0,0,0.000,0.00,0,0.000,"6,277.72",3,67.970,"6,277.72",0,0,3,0,0,0.000,0.00,0,3,67.970,"6,277.72",Total,16,184.280,"12,316.49",0,3,5,0,4,32.550,"3,195.46",5,20,216.830,"15,511.95",0.00,0,10.000,"8,560.26",0,0,0,0,0,0.000,0.00,0,10.000,"8,560.26",12,124.910,"8,560.26",0,3,4,0,0,0.000,0.00,0,12,124.910,"8,560.26",Grand Total,"1,387","14,515.167","11,73,314.32",49,126,466,0,276,"2,265.694","2,16,564.43",303,"1,663","16,780.861","13,89,878.75",0.00,3,178.791,"4,73,770.52",0,0,3,0,0,10.600,"6,077.44",3,189.391,"4,92,131.11",883,"8,265.337","4,89,536.36",49,119,331,0,9,90.615,"6,948.40",34,892,"8,355.952","5,09,288.08","Page 1 of 1     Generated on : 12/03/2025 19:29 PM     2014 NRRDA, All rights reserved"
Pradhan Mantri Gram Sadak Yojana,Monthly Report Format for Physical & Financial Progress under PMGSY,State: Arunachal Pradesh     District: All Districts     Block: All Blocks     Year: 2020     Month: January     Collaboration: All Collaborations     Agency:  Rural Works Department   Scheme: All Scheme,Note : All Costs and Expenditures in Lakhs and Length in Kms.,Clearance,Progress During Month,Cumulative Progress,New Connectivity,Upgradation,Total,New Connectivity,Upgradation,Total,New Connectivity,Upgradation,Total,Sr.No.,Sanction Year,Nos.,Length,Cost,1000+,999-500,499-250 (Eligible),Nos.,Length,Cost,LSB Nos.,Road Nos.,Road Length,Cost,Funds Released,Nos.,Length,Expenditure,1000+,999-500,499-250 (Eligible),Nos.,Length,Expenditure,Nos.,Length,Expenditure,Nos.,Length,Expenditure,1000+,999-500,499-250 (Eligible),Nos.,Length,Expenditure,LSB Nos.,Road Nos.,Road Length,Expenditure,Pakke kessang,2017 - 2018,1,3.900,442.72,0,0,1,0,0,0.000,0.00,0,1,3.900,442.72,0.00,0,0.000,123.85,0,0,0,0,0,0.000,0.00,0,0.000,123.85,0,2.500,123.85,0,0,0,0,0,0.000,0.00,0,0,2.500,123.85,Total,16,184.280,"12,316.49",0,3,5,0,4,32.550,"3,195.46",5,20,216.830,"15,511.95",0.00,0,10.000,"8,560.26",0,0,0,0,0,0.000,0.00,0,10.000,"8,560.26",12,124.910,"8,560.26",0,3,4,0,0,0.000,0.00,0,12,124.910,"8,560.26",Grand Total,"1,387","14,515.167","11,73,314.32",49,126,466,0,276,"2,265.694","2,16,564.43",303,"1,663","16,780.861","13,89,878.75",0.00,3,178.791,"4,73,770.52",0,0,3,0,0,10.600,"6,077.44",3,189.391,"4,92,131.11",883,"8,265.337","4,89,536.36",49,119,331,0,9,90.615,"6,948.40",34,892,"8,355.952","5,09,288.08","Page 1 of 1     Generated on : 12/03/2025 19:29 PM     2014 NRRDA, All rights reserved"
Pradhan Mantri Gram Sadak Yojana,Monthly Report Format for Physical & Financial Progress under PMGSY,State: Arunachal Pradesh     District: All Districts     Block: All Blocks     Year: 2020     Month: January     Collaboration: All Collaborations     Agency:  Rural Works Department   Scheme: All Scheme,Note : All Costs and Expenditures in Lakhs and Length in Kms.,Clearance,Progress During Month,Cumulative Progress,New Connectivity,Upgradation,Total,New Connectivity,Upgradation,Total,New Connectivity,Upgradation,Total,Sr.No.,Sanction Year,Nos.,Length,Cost,1000+,999-500,499-250 (Eligible),Nos.,Length,Cost,LSB Nos.,Road Nos.,Road Length,Cost,Funds Released,Nos.,Length,Expenditure,1000+,999-500,499-250 (Eligible),Nos.,Length,Expenditure,Nos.,Length,Expenditure,Nos.,Length,Expenditure,1000+,999-500,499-250 (Eligible),Nos.,Length,Expenditure,LSB Nos.,Road Nos.,Road Length,Expenditure,Pakke kessang,2018 - 2019,3,67.970,"3,577.39",0,0,0,0,0,0.000,0.00,0,3,67.970,"3,577.39",0.00,0,10.000,500.96,0,0,0,0,0,0.000,0.00,0,10.000,500.96,0,10.000,500.96,0,0,0,0,0,0.000,0.00,0,0,10.000,500.96,Total,16,184.280,"12,316.49",0,3,5,0,4,32.550,"3,195.46",5,20,216.830,"15,511.95",0.00,0,10.000,"8,560.26",0,0,0,0,0,0.000,0.00,0,10.000,"8,560.26",12,124.910,"8,560.26",0,3,4,0,0,0.000,0.00,0,12,124.910,"8,560.26",Grand Total,"1,387","14,515.167","11,73,314.32",49,126,466,0,276,"2,265.694","2,16,564.43",303,"1,663","16,780.861","13,89,878.75",0.00,3,178.791,"4,73,770.52",0,0,3,0,0,10.600,"6,077.44",3,189.391,"4,92,131.11",883,"8,265.337","4,89,536.36",49,119,331,0,9,90.615,"6,948.40",34,892,"8,355.952","5,09,288.08","Page 1 of 1     Generated on : 12/03/2025 19:29 PM     2014 NRRDA, All rights reserved"
Pradhan Mantri Gram Sadak Yojana,Monthly Report Format for Physical & Financial Progress under PMGSY,State: Arunachal Pradesh     District: All Districts     Block: All Blocks     Year: 2020     Month: January     Collaboration: All Collaborations     Agency:  Rural Works Department   Scheme: All Scheme,Note : All Costs and Expenditures in Lakhs and Length in Kms.,Clearance,Progress During Month,Cumulative Progress,New Connectivity,Upgradation,Total,New Connectivity,Upgradation,Total,New Connectivity,Upgradation,Total,Sr.No.,Sanction Year,Nos.,Length,Cost,1000+,999-500,499-250 (Eligible),Nos.,Length,Cost,LSB Nos.,Road Nos.,Road Length,Cost,Funds Released,Nos.,Length,Expenditure,1000+,999-500,499-250 (Eligible),Nos.,Length,Expenditure,Nos.,Length,Expenditure,Nos.,Length,Expenditure,1000+,999-500,499-250 (Eligible),Nos.,Length,Expenditure,LSB Nos.,Road Nos.,Road Length,Expenditure,Pakke kessang,2019 - 2020,0,0.000,0.00,0,0,0,0,1,15.600,867.33,0,1,15.600,867.33,0.00,0,0.000,0.00,0,0,0,0,0,0.000,0.00,0,0.000,0.00,0,0.000,,0,0,0,0,0,0.000,0.00,0,0,0.000,0.00,Total,16,184.280,"12,316.49",0,3,5,0,4,32.550,"3,195.46",5,20,216.830,"15,511.95",0.00,0,10.000,"8,560.26",0,0,0,0,0,0.000,0.00,0,10.000,"8,560.26",12,124.910,"8,560.26",0,3,4,0,0,0.000,0.00,0,12,124.910,"8,560.26",Grand Total,"1,387","14,515.167","11,73,314.32",49,126,466,0,276,"2,265.694","2,16,564.43",303,"1,663","16,780.861","13,89,878.75",0.00,3,178.791,"4,73,770.52",0,0,3,0,0,10.600,"6,077.44",3,189.391,"4,92,131.11",883,"8,265.337","4,89,536.36",49,119,331,0,9,90.615,"6,948.40",34,892,"8,355.952","5,09,288.08","Page 1 of 1     Generated on : 12/03/2025 19:29 PM     2014 NRRDA, All rights reserved"
Pradhan Mantri Gram Sadak Yojana,Monthly Report Format for Physical & Financial Progress under PMGSY,State: Arunachal Pradesh     District: All Districts     Block: All Blocks     Year: 2020     Month: January     Collaboration: All Collaborations     Agency:  Rural Works Department   Scheme: All Scheme,Note : All Costs and Expenditures in Lakhs and Length in Kms.,Clearance,Progress During Month,Cumulative Progress,New Connectivity,Upgradation,Total,New Connectivity,Upgradation,Total,New Connectivity,Upgradation,Total,Sr.No.,Sanction Year,Nos.,Length,Cost,1000+,999-500,499-250 (Eligible),Nos.,Length,Cost,LSB Nos.,Road Nos.,Road Length,Cost,Funds Released,Nos.,Length,Expenditure,1000+,999-500,499-250 (Eligible),Nos.,Length,Expenditure,Nos.,Length,Expenditure,Nos.,Length,Expenditure,1000+,999-500,499-250 (Eligible),Nos.,Length,Expenditure,LSB Nos.,Road Nos.,Road Length,Expenditure,Pakke kessang,2023 - 2024,0,0.000,0.00,0,0,0,0,1,6.850,551.26,0,1,6.850,551.26,0.00,0,0.000,0.00,0,0,0,0,0,0.000,0.00,0,0.000,0.00,0,0.000,,0,0,0,0,0,0.000,0.00,0,0,0.000,0.00,Total,16,184.280,"12,316.49",0,3,5,0,4,32.550,"3,195.46",5,20,216.830,"15,511.95",0.00,0,10.000,"8,560.26",0,0,0,0,0,0.000,0.00,0,10.000,"8,560.26",12,124.910,"8,560.26",0,3,4,0,0,0.000,0.00,0,12,124.910,"8,560.26",Grand Total,"1,387","14,515.167","11,73,314.32",49,126,466,0,276,"2,265.694","2,16,564.43",303,"1,663","16,780.861","13,89,878.75",0.00,3,178.791,"4,73,770.52",0,0,3,0,0,10.600,"6,077.44",3,189.391,"4,92,131.11",883,"8,265.337","4,89,536.36",49,119,331,0,9,90.615,"6,948.40",34,892,"8,355.952","5,09,288.08","Page 1 of 1     Generated on : 12/03/2025 19:29 PM     2014 NRRDA, All rights reserved"
Pradhan Mantri Gram Sadak Yojana,Monthly Report Format for Physical & Financial Progress under PMGSY,State: Arunachal Pradesh     District: All Districts     Block: All Blocks     Year: 2020     Month: January     Collaboration: All Collaborations     Agency:  Rural Works Department   Scheme: All Scheme,Note : All Costs and Expenditures in Lakhs and Length in Kms.,Clearance,Progress During Month,Cumulative Progress,New Connectivity,Upgradation,Total,New Connectivity,Upgradation,Total,New Connectivity,Upgradation,Total,Sr.No.,Sanction Year,Nos.,Length,Cost,1000+,999-500,499-250 (Eligible),Nos.,Length,Cost,LSB Nos.,Road Nos.,Road Length,Cost,Funds Released,Nos.,Length,Expenditure,1000+,999-500,499-250 (Eligible),Nos.,Length,Expenditure,Nos.,Length,Expenditure,Nos.,Length,Expenditure,1000+,999-500,499-250 (Eligible),Nos.,Length,Expenditure,LSB Nos.,Road Nos.,Road Length,Expenditure,Pakke kessang,2024 - 2025,0,0.000,0.00,0,0,0,0,2,10.100,"1,776.87",2,2,10.100,"1,776.87",0.00,0,0.000,0.00,0,0,0,0,0,0.000,0.00,0,0.000,0.00,0,0.000,,0,0,0,0,0,0.000,0.00,0,0,0.000,0.00,Total,16,184.280,"12,316.49",0,3,5,0,4,32.550,"3,195.46",5,20,216.830,"15,511.95",0.00,0,10.000,"8,560.26",0,0,0,0,0,0.000,0.00,0,10.000,"8,560.26",12,124.910,"8,560.26",0,3,4,0,0,0.000,0.00,0,12,124.910,"8,560.26",Grand Total,"1,387","14,515.167","11,73,314.32",49,126,466,0,276,"2,265.694","2,16,564.43",303,"1,663","16,780.861","13,89,878.75",0.00,3,178.791,"4,73,770.52",0,0,3,0,0,10.600,"6,077.44",3,189.391,"4,92,131.11",883,"8,265.337","4,89,536.36",49,119,331,0,9,90.615,"6,948.40",34,892,"8,355.952","5,09,288.08","Page 1 of 1     Generated on : 12/03/2025 19:29 PM     2014 NRRDA, All rights reserved"
Pradhan Mantri Gram Sadak Yojana,Monthly Report Format for Physical & Financial Progress under PMGSY,State: Arunachal Pradesh     District: All Districts     Block: All Blocks     Year: 2020     Month: January     Collaboration: All Collaborations     Agency:  Rural Works Department   Scheme: All Scheme,Note : All Costs and Expenditures in Lakhs and Length in Kms.,Clearance,Progress During Month,Cumulative Progress,New Connectivity,Upgradation,Total,New Connectivity,Upgradation,Total,New Connectivity,Upgradation,Total,Sr.No.,Sanction Year,Nos.,Length,Cost,1000+,999-500,499-250 (Eligible),Nos.,Length,Cost,LSB Nos.,Road Nos.,Road Length,Cost,Funds Released,Nos.,Length,Expenditure,1000+,999-500,499-250 (Eligible),Nos.,Length,Expenditure,Nos.,Length,Expenditure,Nos.,Length,Expenditure,1000+,999-500,499-250 (Eligible),Nos.,Length,Expenditure,LSB Nos.,Road Nos.,Road Length,Expenditure,Papum Pare,2000 - 2001,17,22.910,325.80,0,0,1,0,0,0.000,0.00,0,17,22.910,325.80,0.00,0,0.000,325.77,0,0,0,0,0,0.000,0.00,0,0.000,325.77,17,22.910,325.77,0,0,1,0,0,0.000,0.00,0,17,22.910,325.77,Total,80,702.500,"59,482.21",0,3,33,0,24,242.240,"30,459.13",44,104,944.740,"89,941.34",0.00,0,22.180,"25,897.20",0,0,0,0,0,4.000,127.27,0,26.180,"26,516.55",49,403.950,"27,161.36",0,2,21,0,0,8.800,220.74,8,49,412.750,"27,874.18",Grand Total,"1,387","14,515.167","11,73,314.32",49,126,466,0,276,"2,265.694","2,16,564.43",303,"1,663","16,780.861","13,89,878.75",0.00,3,178.791,"4,73,770.52",0,0,3,0,0,10.600,"6,077.44",3,189.391,"4,92,131.11",883,"8,265.337","4,89,536.36",49,119,331,0,9,90.615,"6,948.40",34,892,"8,355.952","5,09,288.08","Page 1 of 1     Generated on : 12/03/2025 19:29 PM     2014 NRRDA, All rights reserved"
Pradhan Mantri Gram Sadak Yojana,Monthly Report Format for Physical & Financial Progress under PMGSY,State: Arunachal Pradesh     District: All Districts     Block: All Blocks     Year: 2020     Month: January     Collaboration: All Collaborations     Agency:  Rural Works Department   Scheme: All Scheme,Note : All Costs and Expenditures in Lakhs and Length in Kms.,Clearance,Progress During Month,Cumulative Progress,New Connectivity,Upgradation,Total,New Connectivity,Upgradation,Total,New Connectivity,Upgradation,Total,Sr.No.,Sanction Year,Nos.,Length,Cost,1000+,999-500,499-250 (Eligible),Nos.,Length,Cost,LSB Nos.,Road Nos.,Road Length,Cost,Funds Released,Nos.,Length,Expenditure,1000+,999-500,499-250 (Eligible),Nos.,Length,Expenditure,Nos.,Length,Expenditure,Nos.,Length,Expenditure,1000+,999-500,499-250 (Eligible),Nos.,Length,Expenditure,LSB Nos.,Road Nos.,Road Length,Expenditure,Papum Pare,2001 - 2002,6,43.430,475.64,0,1,1,0,0,0.000,0.00,0,6,43.430,475.64,0.00,0,0.000,475.61,0,0,0,0,0,0.000,0.00,0,0.000,475.61,6,43.430,475.61,0,1,1,0,0,0.000,0.00,0,6,43.430,475.61,Total,80,702.500,"59,482.21",0,3,33,0,24,242.240,"30,459.13",44,104,944.740,"89,941.34",0.00,0,22.180,"25,897.20",0,0,0,0,0,4.000,127.27,0,26.180,"26,516.55",49,403.950,"27,161.36",0,2,21,0,0,8.800,220.74,8,49,412.750,"27,874.18",Grand Total,"1,387","14,515.167","11,73,314.32",49,126,466,0,276,"2,265.694","2,16,564.43",303,"1,663","16,780.861","13,89,878.75",0.00,3,178.791,"4,73,770.52",0,0,3,0,0,10.600,"6,077.44",3,189.391,"4,92,131.11",883,"8,265.337","4,89,536.36",49,119,331,0,9,90.615,"6,948.40",34,892,"8,355.952","5,09,288.08","Page 1 of 1     Generated on : 12/03/2025 19:29 PM     2014 NRRDA, All rights reserved"
Pradhan Mantri Gram Sadak Yojana,Monthly Report Format for Physical & Financial Progress under PMGSY,State: Arunachal Pradesh     District: All Districts     Block: All Blocks     Year: 2020     Month: January     Collaboration: All Collaborations     Agency:  Rural Works Department   Scheme: All Scheme,Note : All Costs and Expenditures in Lakhs and Length in Kms.,Clearance,Progress During Month,Cumulative Progress,New Connectivity,Upgradation,Total,New Connectivity,Upgradation,Total,New Connectivity,Upgradation,Total,Sr.No.,Sanction Year,Nos.,Length,Cost,1000+,999-500,499-250 (Eligible),Nos.,Length,Cost,LSB Nos.,Road Nos.,Road Length,Cost,Funds Released,Nos.,Length,Expenditure,1000+,999-500,499-250 (Eligible),Nos.,Length,Expenditure,Nos.,Length,Expenditure,Nos.,Length,Expenditure,1000+,999-500,499-250 (Eligible),Nos.,Length,Expenditure,LSB Nos.,Road Nos.,Road Length,Expenditure,Papum Pare,2004 - 2005,2,12.530,564.20,0,0,2,0,0,0.000,0.00,0,2,12.530,564.20,0.00,0,0.000,529.20,0,0,0,0,0,0.000,0.00,0,0.000,529.20,2,12.530,529.20,0,0,2,0,0,0.000,0.00,0,2,12.530,529.20,Total,80,702.500,"59,482.21",0,3,33,0,24,242.240,"30,459.13",44,104,944.740,"89,941.34",0.00,0,22.180,"25,897.20",0,0,0,0,0,4.000,127.27,0,26.180,"26,516.55",49,403.950,"27,161.36",0,2,21,0,0,8.800,220.74,8,49,412.750,"27,874.18",Grand Total,"1,387","14,515.167","11,73,314.32",49,126,466,0,276,"2,265.694","2,16,564.43",303,"1,663","16,780.861","13,89,878.75",0.00,3,178.791,"4,73,770.52",0,0,3,0,0,10.600,"6,077.44",3,189.391,"4,92,131.11",883,"8,265.337","4,89,536.36",49,119,331,0,9,90.615,"6,948.40",34,892,"8,355.952","5,09,288.08","Page 1 of 1     Generated on : 12/03/2025 19:29 PM     2014 NRRDA, All rights reserved"
Pradhan Mantri Gram Sadak Yojana,Monthly Report Format for Physical & Financial Progress under PMGSY,State: Arunachal Pradesh     District: All Districts     Block: All Blocks     Year: 2020     Month: January     Collaboration: All Collaborations     Agency:  Rural Works Department   Scheme: All Scheme,Note : All Costs and Expenditures in Lakhs and Length in Kms.,Clearance,Progress During Month,Cumulative Progress,New Connectivity,Upgradation,Total,New Connectivity,Upgradation,Total,New Connectivity,Upgradation,Total,Sr.No.,Sanction Year,Nos.,Length,Cost,1000+,999-500,499-250 (Eligible),Nos.,Length,Cost,LSB Nos.,Road Nos.,Road Length,Cost,Funds Released,Nos.,Length,Expenditure,1000+,999-500,499-250 (Eligible),Nos.,Length,Expenditure,Nos.,Length,Expenditure,Nos.,Length,Expenditure,1000+,999-500,499-250 (Eligible),Nos.,Length,Expenditure,LSB Nos.,Road Nos.,Road Length,Expenditure,Papum Pare,2005 - 2006,1,4.660,228.65,0,1,0,0,0,0.000,0.00,0,1,4.660,228.65,0.00,0,0.000,216.89,0,0,0,0,0,0.000,0.00,0,0.000,216.89,1,4.660,216.89,0,1,0,0,0,0.000,0.00,0,1,4.660,216.89,Total,80,702.500,"59,482.21",0,3,33,0,24,242.240,"30,459.13",44,104,944.740,"89,941.34",0.00,0,22.180,"25,897.20",0,0,0,0,0,4.000,127.27,0,26.180,"26,516.55",49,403.950,"27,161.36",0,2,21,0,0,8.800,220.74,8,49,412.750,"27,874.18",Grand Total,"1,387","14,515.167","11,73,314.32",49,126,466,0,276,"2,265.694","2,16,564.43",303,"1,663","16,780.861","13,89,878.75",0.00,3,178.791,"4,73,770.52",0,0,3,0,0,10.600,"6,077.44",3,189.391,"4,92,131.11",883,"8,265.337","4,89,536.36",49,119,331,0,9,90.615,"6,948.40",34,892,"8,355.952","5,09,288.08","Page 1 of 1     Generated on : 12/03/2025 19:29 PM     2014 NRRDA, All rights reserved"
Pradhan Mantri Gram Sadak Yojana,Monthly Report Format for Physical & Financial Progress under PMGSY,State: Arunachal Pradesh     District: All Districts     Block: All Blocks     Year: 2020     Month: January     Collaboration: All Collaborations     Agency:  Rural Works Department   Scheme: All Scheme,Note : All Costs and Expenditures in Lakhs and Length in Kms.,Clearance,Progress During Month,Cumulative Progress,New Connectivity,Upgradation,Total,New Connectivity,Upgradation,Total,New Connectivity,Upgradation,Total,Sr.No.,Sanction Year,Nos.,Length,Cost,1000+,999-500,499-250 (Eligible),Nos.,Length,Cost,LSB Nos.,Road Nos.,Road Length,Cost,Funds Released,Nos.,Length,Expenditure,1000+,999-500,499-250 (Eligible),Nos.,Length,Expenditure,Nos.,Length,Expenditure,Nos.,Length,Expenditure,1000+,999-500,499-250 (Eligible),Nos.,Length,Expenditure,LSB Nos.,Road Nos.,Road Length,Expenditure,Papum Pare,2006 - 2007,4,17.900,959.66,0,0,0,0,0,0.000,0.00,0,4,17.900,959.66,0.00,0,0.000,943.17,0,0,0,0,0,0.000,0.00,0,0.000,943.17,4,17.900,943.17,0,0,0,0,0,0.000,0.00,0,4,17.900,943.17,Total,80,702.500,"59,482.21",0,3,33,0,24,242.240,"30,459.13",44,104,944.740,"89,941.34",0.00,0,22.180,"25,897.20",0,0,0,0,0,4.000,127.27,0,26.180,"26,516.55",49,403.950,"27,161.36",0,2,21,0,0,8.800,220.74,8,49,412.750,"27,874.18",Grand Total,"1,387","14,515.167","11,73,314.32",49,126,466,0,276,"2,265.694","2,16,564.43",303,"1,663","16,780.861","13,89,878.75",0.00,3,178.791,"4,73,770.52",0,0,3,0,0,10.600,"6,077.44",3,189.391,"4,92,131.11",883,"8,265.337","4,89,536.36",49,119,331,0,9,90.615,"6,948.40",34,892,"8,355.952","5,09,288.08","Page 1 of 1     Generated on : 12/03/2025 19:29 PM     2014 NRRDA, All rights reserved"
Pradhan Mantri Gram Sadak Yojana,Monthly Report Format for Physical & Financial Progress under PMGSY,State: Arunachal Pradesh     District: All Districts     Block: All Blocks     Year: 2020     Month: January     Collaboration: All Collaborations     Agency:  Rural Works Department   Scheme: All Scheme,Note : All Costs and Expenditures in Lakhs and Length in Kms.,Clearance,Progress During Month,Cumulative Progress,New Connectivity,Upgradation,Total,New Connectivity,Upgradation,Total,New Connectivity,Upgradation,Total,Sr.No.,Sanction Year,Nos.,Length,Cost,1000+,999-500,499-250 (Eligible),Nos.,Length,Cost,LSB Nos.,Road Nos.,Road Length,Cost,Funds Released,Nos.,Length,Expenditure,1000+,999-500,499-250 (Eligible),Nos.,Length,Expenditure,Nos.,Length,Expenditure,Nos.,Length,Expenditure,1000+,999-500,499-250 (Eligible),Nos.,Length,Expenditure,LSB Nos.,Road Nos.,Road Length,Expenditure,Papum Pare,2007 - 2008,6,67.890,"4,945.36",0,0,5,0,0,0.000,0.00,0,6,67.890,"4,945.36",0.00,0,0.000,"4,932.18",0,0,0,0,0,0.000,0.00,0,0.000,"4,932.18",6,67.890,"4,932.18",0,0,5,0,0,0.000,0.00,0,6,67.890,"4,932.18",Total,80,702.500,"59,482.21",0,3,33,0,24,242.240,"30,459.13",44,104,944.740,"89,941.34",0.00,0,22.180,"25,897.20",0,0,0,0,0,4.000,127.27,0,26.180,"26,516.55",49,403.950,"27,161.36",0,2,21,0,0,8.800,220.74,8,49,412.750,"27,874.18",Grand Total,"1,387","14,515.167","11,73,314.32",49,126,466,0,276,"2,265.694","2,16,564.43",303,"1,663","16,780.861","13,89,878.75",0.00,3,178.791,"4,73,770.52",0,0,3,0,0,10.600,"6,077.44",3,189.391,"4,92,131.11",883,"8,265.337","4,89,536.36",49,119,331,0,9,90.615,"6,948.40",34,892,"8,355.952","5,09,288.08","Page 1 of 1     Generated on : 12/03/2025 19:29 PM     2014 NRRDA, All rights reserved"
Pradhan Mantri Gram Sadak Yojana,Monthly Report Format for Physical & Financial Progress under PMGSY,State: Arunachal Pradesh     District: All Districts     Block: All Blocks     Year: 2020     Month: January     Collaboration: All Collaborations     Agency:  Rural Works Department   Scheme: All Scheme,Note : All Costs and Expenditures in Lakhs and Length in Kms.,Clearance,Progress During Month,Cumulative Progress,New Connectivity,Upgradation,Total,New Connectivity,Upgradation,Total,New Connectivity,Upgradation,Total,Sr.No.,Sanction Year,Nos.,Length,Cost,1000+,999-500,499-250 (Eligible),Nos.,Length,Cost,LSB Nos.,Road Nos.,Road Length,Cost,Funds Released,Nos.,Length,Expenditure,1000+,999-500,499-250 (Eligible),Nos.,Length,Expenditure,Nos.,Length,Expenditure,Nos.,Length,Expenditure,1000+,999-500,499-250 (Eligible),Nos.,Length,Expenditure,LSB Nos.,Road Nos.,Road Length,Expenditure,Papum Pare,2009 - 2010,1,4.660,194.56,0,0,0,0,0,0.000,0.00,0,1,4.660,194.56,0.00,0,0.000,194.10,0,0,0,0,0,0.000,0.00,0,0.000,194.10,1,4.660,194.10,0,0,0,0,0,0.000,0.00,0,1,4.660,194.10,Total,80,702.500,"59,482.21",0,3,33,0,24,242.240,"30,459.13",44,104,944.740,"89,941.34",0.00,0,22.180,"25,897.20",0,0,0,0,0,4.000,127.27,0,26.180,"26,516.55",49,403.950,"27,161.36",0,2,21,0,0,8.800,220.74,8,49,412.750,"27,874.18",Grand Total,"1,387","14,515.167","11,73,314.32",49,126,466,0,276,"2,265.694","2,16,564.43",303,"1,663","16,780.861","13,89,878.75",0.00,3,178.791,"4,73,770.52",0,0,3,0,0,10.600,"6,077.44",3,189.391,"4,92,131.11",883,"8,265.337","4,89,536.36",49,119,331,0,9,90.615,"6,948.40",34,892,"8,355.952","5,09,288.08","Page 1 of 1     Generated on : 12/03/2025 19:29 PM     2014 NRRDA, All rights reserved"
Pradhan Mantri Gram Sadak Yojana,Monthly Report Format for Physical & Financial Progress under PMGSY,State: Arunachal Pradesh     District: All Districts     Block: All Blocks     Year: 2020     Month: January     Collaboration: All Collaborations     Agency:  Rural Works Department   Scheme: All Scheme,Note : All Costs and Expenditures in Lakhs and Length in Kms.,Clearance,Progress During Month,Cumulative Progress,New Connectivity,Upgradation,Total,New Connectivity,Upgradation,Total,New Connectivity,Upgradation,Total,Sr.No.,Sanction Year,Nos.,Length,Cost,1000+,999-500,499-250 (Eligible),Nos.,Length,Cost,LSB Nos.,Road Nos.,Road Length,Cost,Funds Released,Nos.,Length,Expenditure,1000+,999-500,499-250 (Eligible),Nos.,Length,Expenditure,Nos.,Length,Expenditure,Nos.,Length,Expenditure,1000+,999-500,499-250 (Eligible),Nos.,Length,Expenditure,LSB Nos.,Road Nos.,Road Length,Expenditure,Papum Pare,2012 - 2013,3,32.530,"1,897.03",0,0,0,0,0,0.000,0.00,0,3,32.530,"1,897.03",0.00,0,1.000,"1,855.77",0,0,0,0,0,0.000,0.00,0,1.000,"1,855.77",2,31.970,"1,855.77",0,0,0,0,0,0.000,0.00,0,2,31.970,"1,855.77",Total,80,702.500,"59,482.21",0,3,33,0,24,242.240,"30,459.13",44,104,944.740,"89,941.34",0.00,0,22.180,"25,897.20",0,0,0,0,0,4.000,127.27,0,26.180,"26,516.55",49,403.950,"27,161.36",0,2,21,0,0,8.800,220.74,8,49,412.750,"27,874.18",Grand Total,"1,387","14,515.167","11,73,314.32",49,126,466,0,276,"2,265.694","2,16,564.43",303,"1,663","16,780.861","13,89,878.75",0.00,3,178.791,"4,73,770.52",0,0,3,0,0,10.600,"6,077.44",3,189.391,"4,92,131.11",883,"8,265.337","4,89,536.36",49,119,331,0,9,90.615,"6,948.40",34,892,"8,355.952","5,09,288.08","Page 1 of 1     Generated on : 12/03/2025 19:29 PM     2014 NRRDA, All rights reserved"
Pradhan Mantri Gram Sadak Yojana,Monthly Report Format for Physical & Financial Progress under PMGSY,State: Arunachal Pradesh     District: All Districts     Block: All Blocks     Year: 2020     Month: January     Collaboration: All Collaborations     Agency:  Rural Works Department   Scheme: All Scheme,Note : All Costs and Expenditures in Lakhs and Length in Kms.,Clearance,Progress During Month,Cumulative Progress,New Connectivity,Upgradation,Total,New Connectivity,Upgradation,Total,New Connectivity,Upgradation,Total,Sr.No.,Sanction Year,Nos.,Length,Cost,1000+,999-500,499-250 (Eligible),Nos.,Length,Cost,LSB Nos.,Road Nos.,Road Length,Cost,Funds Released,Nos.,Length,Expenditure,1000+,999-500,499-250 (Eligible),Nos.,Length,Expenditure,Nos.,Length,Expenditure,Nos.,Length,Expenditure,1000+,999-500,499-250 (Eligible),Nos.,Length,Expenditure,LSB Nos.,Road Nos.,Road Length,Expenditure,Papum Pare,2013 - 2014,9,96.920,"9,271.99",0,0,10,0,0,0.000,0.00,10,9,96.920,"9,271.99",0.00,0,0.000,"8,675.93",0,0,0,0,0,0.000,0.00,0,0.000,"8,684.67",8,94.310,"8,675.93",0,0,9,0,0,0.000,0.00,7,8,94.310,"8,684.67",Total,80,702.500,"59,482.21",0,3,33,0,24,242.240,"30,459.13",44,104,944.740,"89,941.34",0.00,0,22.180,"25,897.20",0,0,0,0,0,4.000,127.27,0,26.180,"26,516.55",49,403.950,"27,161.36",0,2,21,0,0,8.800,220.74,8,49,412.750,"27,874.18",Grand Total,"1,387","14,515.167","11,73,314.32",49,126,466,0,276,"2,265.694","2,16,564.43",303,"1,663","16,780.861","13,89,878.75",0.00,3,178.791,"4,73,770.52",0,0,3,0,0,10.600,"6,077.44",3,189.391,"4,92,131.11",883,"8,265.337","4,89,536.36",49,119,331,0,9,90.615,"6,948.40",34,892,"8,355.952","5,09,288.08","Page 1 of 1     Generated on : 12/03/2025 19:29 PM     2014 NRRDA, All rights reserved"
Pradhan Mantri Gram Sadak Yojana,Monthly Report Format for Physical & Financial Progress under PMGSY,State: Arunachal Pradesh     District: All Districts     Block: All Blocks     Year: 2020     Month: January     Collaboration: All Collaborations     Agency:  Rural Works Department   Scheme: All Scheme,Note : All Costs and Expenditures in Lakhs and Length in Kms.,Clearance,Progress During Month,Cumulative Progress,New Connectivity,Upgradation,Total,New Connectivity,Upgradation,Total,New Connectivity,Upgradation,Total,Sr.No.,Sanction Year,Nos.,Length,Cost,1000+,999-500,499-250 (Eligible),Nos.,Length,Cost,LSB Nos.,Road Nos.,Road Length,Cost,Funds Released,Nos.,Length,Expenditure,1000+,999-500,499-250 (Eligible),Nos.,Length,Expenditure,Nos.,Length,Expenditure,Nos.,Length,Expenditure,1000+,999-500,499-250 (Eligible),Nos.,Length,Expenditure,LSB Nos.,Road Nos.,Road Length,Expenditure,Papum Pare,2016 - 2017,4,52.000,"4,388.29",0,0,3,0,0,0.000,0.00,6,4,52.000,"4,388.29",0.00,0,1.000,"2,170.24",0,0,0,0,0,0.000,0.00,0,1.000,"2,550.37",2,26.500,"2,222.65",0,0,2,0,0,0.000,0.00,1,2,26.500,"2,602.78",Total,80,702.500,"59,482.21",0,3,33,0,24,242.240,"30,459.13",44,104,944.740,"89,941.34",0.00,0,22.180,"25,897.20",0,0,0,0,0,4.000,127.27,0,26.180,"26,516.55",49,403.950,"27,161.36",0,2,21,0,0,8.800,220.74,8,49,412.750,"27,874.18",Grand Total,"1,387","14,515.167","11,73,314.32",49,126,466,0,276,"2,265.694","2,16,564.43",303,"1,663","16,780.861","13,89,878.75",0.00,3,178.791,"4,73,770.52",0,0,3,0,0,10.600,"6,077.44",3,189.391,"4,92,131.11",883,"8,265.337","4,89,536.36",49,119,331,0,9,90.615,"6,948.40",34,892,"8,355.952","5,09,288.08","Page 1 of 1     Generated on : 12/03/2025 19:29 PM     2014 NRRDA, All rights reserved"
Pradhan Mantri Gram Sadak Yojana,Monthly Report Format for Physical & Financial Progress under PMGSY,State: Arunachal Pradesh     District: All Districts     Block: All Blocks     Year: 2020     Month: January     Collaboration: All Collaborations     Agency:  Rural Works Department   Scheme: All Scheme,Note : All Costs and Expenditures in Lakhs and Length in Kms.,Clearance,Progress During Month,Cumulative Progress,New Connectivity,Upgradation,Total,New Connectivity,Upgradation,Total,New Connectivity,Upgradation,Total,Sr.No.,Sanction Year,Nos.,Length,Cost,1000+,999-500,499-250 (Eligible),Nos.,Length,Cost,LSB Nos.,Road Nos.,Road Length,Cost,Funds Released,Nos.,Length,Expenditure,1000+,999-500,499-250 (Eligible),Nos.,Length,Expenditure,Nos.,Length,Expenditure,Nos.,Length,Expenditure,1000+,999-500,499-250 (Eligible),Nos.,Length,Expenditure,LSB Nos.,Road Nos.,Road Length,Expenditure,Papum Pare,2017 - 2018,5,56.710,"6,362.74",0,1,3,0,0,0.000,0.00,2,5,56.710,"6,362.74",0.00,0,2.680,"2,672.90",0,0,0,0,0,0.000,0.00,0,2.680,"2,672.90",0,56.690,"2,672.90",0,0,0,0,0,0.000,0.00,0,0,56.690,"2,672.90",Total,80,702.500,"59,482.21",0,3,33,0,24,242.240,"30,459.13",44,104,944.740,"89,941.34",0.00,0,22.180,"25,897.20",0,0,0,0,0,4.000,127.27,0,26.180,"26,516.55",49,403.950,"27,161.36",0,2,21,0,0,8.800,220.74,8,49,412.750,"27,874.18",Grand Total,"1,387","14,515.167","11,73,314.32",49,126,466,0,276,"2,265.694","2,16,564.43",303,"1,663","16,780.861","13,89,878.75",0.00,3,178.791,"4,73,770.52",0,0,3,0,0,10.600,"6,077.44",3,189.391,"4,92,131.11",883,"8,265.337","4,89,536.36",49,119,331,0,9,90.615,"6,948.40",34,892,"8,355.952","5,09,288.08","Page 1 of 1     Generated on : 12/03/2025 19:29 PM     2014 NRRDA, All rights reserved"
Pradhan Mantri Gram Sadak Yojana,Monthly Report Format for Physical & Financial Progress under PMGSY,State: Arunachal Pradesh     District: All Districts     Block: All Blocks     Year: 2020     Month: January     Collaboration: All Collaborations     Agency:  Rural Works Department   Scheme: All Scheme,Note : All Costs and Expenditures in Lakhs and Length in Kms.,Clearance,Progress During Month,Cumulative Progress,New Connectivity,Upgradation,Total,New Connectivity,Upgradation,Total,New Connectivity,Upgradation,Total,Sr.No.,Sanction Year,Nos.,Length,Cost,1000+,999-500,499-250 (Eligible),Nos.,Length,Cost,LSB Nos.,Road Nos.,Road Length,Cost,Funds Released,Nos.,Length,Expenditure,1000+,999-500,499-250 (Eligible),Nos.,Length,Expenditure,Nos.,Length,Expenditure,Nos.,Length,Expenditure,1000+,999-500,499-250 (Eligible),Nos.,Length,Expenditure,LSB Nos.,Road Nos.,Road Length,Expenditure,Papum Pare,2018 - 2019,22,290.360,"29,868.29",0,0,8,0,6,59.490,"3,968.52",8,28,349.850,"33,836.81",0.00,0,17.500,"2,905.44",0,0,0,0,0,4.000,127.27,0,21.500,"3,135.92",0,20.500,"4,117.19",0,0,1,0,0,8.800,220.74,0,0,29.300,"4,441.14",Total,80,702.500,"59,482.21",0,3,33,0,24,242.240,"30,459.13",44,104,944.740,"89,941.34",0.00,0,22.180,"25,897.20",0,0,0,0,0,4.000,127.27,0,26.180,"26,516.55",49,403.950,"27,161.36",0,2,21,0,0,8.800,220.74,8,49,412.750,"27,874.18",Grand Total,"1,387","14,515.167","11,73,314.32",49,126,466,0,276,"2,265.694","2,16,564.43",303,"1,663","16,780.861","13,89,878.75",0.00,3,178.791,"4,73,770.52",0,0,3,0,0,10.600,"6,077.44",3,189.391,"4,92,131.11",883,"8,265.337","4,89,536.36",49,119,331,0,9,90.615,"6,948.40",34,892,"8,355.952","5,09,288.08","Page 1 of 1     Generated on : 12/03/2025 19:29 PM     2014 NRRDA, All rights reserved"
Pradhan Mantri Gram Sadak Yojana,Monthly Report Format for Physical & Financial Progress under PMGSY,State: Arunachal Pradesh     District: All Districts     Block: All Blocks     Year: 2020     Month: January     Collaboration: All Collaborations     Agency:  Rural Works Department   Scheme: All Scheme,Note : All Costs and Expenditures in Lakhs and Length in Kms.,Clearance,Progress During Month,Cumulative Progress,New Connectivity,Upgradation,Total,New Connectivity,Upgradation,Total,New Connectivity,Upgradation,Total,Sr.No.,Sanction Year,Nos.,Length,Cost,1000+,999-500,499-250 (Eligible),Nos.,Length,Cost,LSB Nos.,Road Nos.,Road Length,Cost,Funds Released,Nos.,Length,Expenditure,1000+,999-500,499-250 (Eligible),Nos.,Length,Expenditure,Nos.,Length,Expenditure,Nos.,Length,Expenditure,1000+,999-500,499-250 (Eligible),Nos.,Length,Expenditure,LSB Nos.,Road Nos.,Road Length,Expenditure,Papum Pare,2019 - 2020,0,0.000,0.00,0,0,0,0,6,73.130,"10,678.40",6,6,73.130,"10,678.40",0.00,0,0.000,0.00,0,0,0,0,0,0.000,0.00,0,0.000,0.00,0,0.000,,0,0,0,0,0,0.000,0.00,0,0,0.000,0.00,Total,80,702.500,"59,482.21",0,3,33,0,24,242.240,"30,459.13",44,104,944.740,"89,941.34",0.00,0,22.180,"25,897.20",0,0,0,0,0,4.000,127.27,0,26.180,"26,516.55",49,403.950,"27,161.36",0,2,21,0,0,8.800,220.74,8,49,412.750,"27,874.18",Grand Total,"1,387","14,515.167","11,73,314.32",49,126,466,0,276,"2,265.694","2,16,564.43",303,"1,663","16,780.861","13,89,878.75",0.00,3,178.791,"4,73,770.52",0,0,3,0,0,10.600,"6,077.44",3,189.391,"4,92,131.11",883,"8,265.337","4,89,536.36",49,119,331,0,9,90.615,"6,948.40",34,892,"8,355.952","5,09,288.08","Page 1 of 1     Generated on : 12/03/2025 19:29 PM     2014 NRRDA, All rights reserved"
Pradhan Mantri Gram Sadak Yojana,Monthly Report Format for Physical & Financial Progress under PMGSY,State: Arunachal Pradesh     District: All Districts     Block: All Blocks     Year: 2020     Month: January     Collaboration: All Collaborations     Agency:  Rural Works Department   Scheme: All Scheme,Note : All Costs and Expenditures in Lakhs and Length in Kms.,Clearance,Progress During Month,Cumulative Progress,New Connectivity,Upgradation,Total,New Connectivity,Upgradation,Total,New Connectivity,Upgradation,Total,Sr.No.,Sanction Year,Nos.,Length,Cost,1000+,999-500,499-250 (Eligible),Nos.,Length,Cost,LSB Nos.,Road Nos.,Road Length,Cost,Funds Released,Nos.,Length,Expenditure,1000+,999-500,499-250 (Eligible),Nos.,Length,Expenditure,Nos.,Length,Expenditure,Nos.,Length,Expenditure,1000+,999-500,499-250 (Eligible),Nos.,Length,Expenditure,LSB Nos.,Road Nos.,Road Length,Expenditure,Papum Pare,2023 - 2024,0,0.000,0.00,0,0,0,0,3,46.520,"7,807.95",6,3,46.520,"7,807.95",0.00,0,0.000,0.00,0,0,0,0,0,0.000,0.00,0,0.000,0.00,0,0.000,,0,0,0,0,0,0.000,0.00,0,0,0.000,0.00,Total,80,702.500,"59,482.21",0,3,33,0,24,242.240,"30,459.13",44,104,944.740,"89,941.34",0.00,0,22.180,"25,897.20",0,0,0,0,0,4.000,127.27,0,26.180,"26,516.55",49,403.950,"27,161.36",0,2,21,0,0,8.800,220.74,8,49,412.750,"27,874.18",Grand Total,"1,387","14,515.167","11,73,314.32",49,126,466,0,276,"2,265.694","2,16,564.43",303,"1,663","16,780.861","13,89,878.75",0.00,3,178.791,"4,73,770.52",0,0,3,0,0,10.600,"6,077.44",3,189.391,"4,92,131.11",883,"8,265.337","4,89,536.36",49,119,331,0,9,90.615,"6,948.40",34,892,"8,355.952","5,09,288.08","Page 1 of 1     Generated on : 12/03/2025 19:29 PM     2014 NRRDA, All rights reserved"
Pradhan Mantri Gram Sadak Yojana,Monthly Report Format for Physical & Financial Progress under PMGSY,State: Arunachal Pradesh     District: All Districts     Block: All Blocks     Year: 2020     Month: January     Collaboration: All Collaborations     Agency:  Rural Works Department   Scheme: All Scheme,Note : All Costs and Expenditures in Lakhs and Length in Kms.,Clearance,Progress During Month,Cumulative Progress,New Connectivity,Upgradation,Total,New Connectivity,Upgradation,Total,New Connectivity,Upgradation,Total,Sr.No.,Sanction Year,Nos.,Length,Cost,1000+,999-500,499-250 (Eligible),Nos.,Length,Cost,LSB Nos.,Road Nos.,Road Length,Cost,Funds Released,Nos.,Length,Expenditure,1000+,999-500,499-250 (Eligible),Nos.,Length,Expenditure,Nos.,Length,Expenditure,Nos.,Length,Expenditure,1000+,999-500,499-250 (Eligible),Nos.,Length,Expenditure,LSB Nos.,Road Nos.,Road Length,Expenditure,Papum Pare,2024 - 2025,0,0.000,0.00,0,0,0,0,9,63.100,"8,004.26",6,9,63.100,"8,004.26",0.00,0,0.000,0.00,0,0,0,0,0,0.000,0.00,0,0.000,0.00,0,0.000,,0,0,0,0,0,0.000,0.00,0,0,0.000,0.00,Total,80,702.500,"59,482.21",0,3,33,0,24,242.240,"30,459.13",44,104,944.740,"89,941.34",0.00,0,22.180,"25,897.20",0,0,0,0,0,4.000,127.27,0,26.180,"26,516.55",49,403.950,"27,161.36",0,2,21,0,0,8.800,220.74,8,49,412.750,"27,874.18",Grand Total,"1,387","14,515.167","11,73,314.32",49,126,466,0,276,"2,265.694","2,16,564.43",303,"1,663","16,780.861","13,89,878.75",0.00,3,178.791,"4,73,770.52",0,0,3,0,0,10.600,"6,077.44",3,189.391,"4,92,131.11",883,"8,265.337","4,89,536.36",49,119,331,0,9,90.615,"6,948.40",34,892,"8,355.952","5,09,288.08","Page 1 of 1     Generated on : 12/03/2025 19:29 PM     2014 NRRDA, All rights reserved"
Pradhan Mantri Gram Sadak Yojana,Monthly Report Format for Physical & Financial Progress under PMGSY,State: Arunachal Pradesh     District: All Districts     Block: All Blocks     Year: 2020     Month: January     Collaboration: All Collaborations     Agency:  Rural Works Department   Scheme: All Scheme,Note : All Costs and Expenditures in Lakhs and Length in Kms.,Clearance,Progress During Month,Cumulative Progress,New Connectivity,Upgradation,Total,New Connectivity,Upgradation,Total,New Connectivity,Upgradation,Total,Sr.No.,Sanction Year,Nos.,Length,Cost,1000+,999-500,499-250 (Eligible),Nos.,Length,Cost,LSB Nos.,Road Nos.,Road Length,Cost,Funds Released,Nos.,Length,Expenditure,1000+,999-500,499-250 (Eligible),Nos.,Length,Expenditure,Nos.,Length,Expenditure,Nos.,Length,Expenditure,1000+,999-500,499-250 (Eligible),Nos.,Length,Expenditure,LSB Nos.,Road Nos.,Road Length,Expenditure,Shi Yomi,2000 - 2001,3,2.550,23.87,0,0,0,0,0,0.000,0.00,0,3,2.550,23.87,0.00,0,0.000,23.87,0,0,0,0,0,0.000,0.00,0,0.000,23.87,3,2.550,23.87,0,0,0,0,0,0.000,0.00,0,3,2.550,23.87,Total,28,231.810,"23,478.21",0,1,9,0,1,7.180,371.64,2,29,238.990,"23,849.85",0.00,0,16.300,"6,481.29",0,0,0,0,0,0.000,0.00,0,16.300,"6,481.29",15,101.180,"6,481.29",0,1,8,0,0,0.000,0.00,0,15,101.180,"6,481.29",Grand Total,"1,387","14,515.167","11,73,314.32",49,126,466,0,276,"2,265.694","2,16,564.43",303,"1,663","16,780.861","13,89,878.75",0.00,3,178.791,"4,73,770.52",0,0,3,0,0,10.600,"6,077.44",3,189.391,"4,92,131.11",883,"8,265.337","4,89,536.36",49,119,331,0,9,90.615,"6,948.40",34,892,"8,355.952","5,09,288.08","Page 1 of 1     Generated on : 12/03/2025 19:29 PM     2014 NRRDA, All rights reserved"
Pradhan Mantri Gram Sadak Yojana,Monthly Report Format for Physical & Financial Progress under PMGSY,State: Arunachal Pradesh     District: All Districts     Block: All Blocks     Year: 2020     Month: January     Collaboration: All Collaborations     Agency:  Rural Works Department   Scheme: All Scheme,Note : All Costs and Expenditures in Lakhs and Length in Kms.,Clearance,Progress During Month,Cumulative Progress,New Connectivity,Upgradation,Total,New Connectivity,Upgradation,Total,New Connectivity,Upgradation,Total,Sr.No.,Sanction Year,Nos.,Length,Cost,1000+,999-500,499-250 (Eligible),Nos.,Length,Cost,LSB Nos.,Road Nos.,Road Length,Cost,Funds Released,Nos.,Length,Expenditure,1000+,999-500,499-250 (Eligible),Nos.,Length,Expenditure,Nos.,Length,Expenditure,Nos.,Length,Expenditure,1000+,999-500,499-250 (Eligible),Nos.,Length,Expenditure,LSB Nos.,Road Nos.,Road Length,Expenditure,Shi Yomi,2004 - 2005,1,3.000,66.08,0,0,1,0,0,0.000,0.00,0,1,3.000,66.08,0.00,0,0.000,60.73,0,0,0,0,0,0.000,0.00,0,0.000,60.73,1,3.000,60.73,0,0,1,0,0,0.000,0.00,0,1,3.000,60.73,Total,28,231.810,"23,478.21",0,1,9,0,1,7.180,371.64,2,29,238.990,"23,849.85",0.00,0,16.300,"6,481.29",0,0,0,0,0,0.000,0.00,0,16.300,"6,481.29",15,101.180,"6,481.29",0,1,8,0,0,0.000,0.00,0,15,101.180,"6,481.29",Grand Total,"1,387","14,515.167","11,73,314.32",49,126,466,0,276,"2,265.694","2,16,564.43",303,"1,663","16,780.861","13,89,878.75",0.00,3,178.791,"4,73,770.52",0,0,3,0,0,10.600,"6,077.44",3,189.391,"4,92,131.11",883,"8,265.337","4,89,536.36",49,119,331,0,9,90.615,"6,948.40",34,892,"8,355.952","5,09,288.08","Page 1 of 1     Generated on : 12/03/2025 19:29 PM     2014 NRRDA, All rights reserved"
Pradhan Mantri Gram Sadak Yojana,Monthly Report Format for Physical & Financial Progress under PMGSY,State: Arunachal Pradesh     District: All Districts     Block: All Blocks     Year: 2020     Month: January     Collaboration: All Collaborations     Agency:  Rural Works Department   Scheme: All Scheme,Note : All Costs and Expenditures in Lakhs and Length in Kms.,Clearance,Progress During Month,Cumulative Progress,New Connectivity,Upgradation,Total,New Connectivity,Upgradation,Total,New Connectivity,Upgradation,Total,Sr.No.,Sanction Year,Nos.,Length,Cost,1000+,999-500,499-250 (Eligible),Nos.,Length,Cost,LSB Nos.,Road Nos.,Road Length,Cost,Funds Released,Nos.,Length,Expenditure,1000+,999-500,499-250 (Eligible),Nos.,Length,Expenditure,Nos.,Length,Expenditure,Nos.,Length,Expenditure,1000+,999-500,499-250 (Eligible),Nos.,Length,Expenditure,LSB Nos.,Road Nos.,Road Length,Expenditure,Shi Yomi,2005 - 2006,2,7.200,280.31,0,0,1,0,0,0.000,0.00,0,2,7.200,280.31,0.00,0,0.000,266.15,0,0,0,0,0,0.000,0.00,0,0.000,266.15,2,7.200,266.15,0,0,1,0,0,0.000,0.00,0,2,7.200,266.15,Total,28,231.810,"23,478.21",0,1,9,0,1,7.180,371.64,2,29,238.990,"23,849.85",0.00,0,16.300,"6,481.29",0,0,0,0,0,0.000,0.00,0,16.300,"6,481.29",15,101.180,"6,481.29",0,1,8,0,0,0.000,0.00,0,15,101.180,"6,481.29",Grand Total,"1,387","14,515.167","11,73,314.32",49,126,466,0,276,"2,265.694","2,16,564.43",303,"1,663","16,780.861","13,89,878.75",0.00,3,178.791,"4,73,770.52",0,0,3,0,0,10.600,"6,077.44",3,189.391,"4,92,131.11",883,"8,265.337","4,89,536.36",49,119,331,0,9,90.615,"6,948.40",34,892,"8,355.952","5,09,288.08","Page 1 of 1     Generated on : 12/03/2025 19:29 PM     2014 NRRDA, All rights reserved"
Pradhan Mantri Gram Sadak Yojana,Monthly Report Format for Physical & Financial Progress under PMGSY,State: Arunachal Pradesh     District: All Districts     Block: All Blocks     Year: 2020     Month: January     Collaboration: All Collaborations     Agency:  Rural Works Department   Scheme: All Scheme,Note : All Costs and Expenditures in Lakhs and Length in Kms.,Clearance,Progress During Month,Cumulative Progress,New Connectivity,Upgradation,Total,New Connectivity,Upgradation,Total,New Connectivity,Upgradation,Total,Sr.No.,Sanction Year,Nos.,Length,Cost,1000+,999-500,499-250 (Eligible),Nos.,Length,Cost,LSB Nos.,Road Nos.,Road Length,Cost,Funds Released,Nos.,Length,Expenditure,1000+,999-500,499-250 (Eligible),Nos.,Length,Expenditure,Nos.,Length,Expenditure,Nos.,Length,Expenditure,1000+,999-500,499-250 (Eligible),Nos.,Length,Expenditure,LSB Nos.,Road Nos.,Road Length,Expenditure,Shi Yomi,2007 - 2008,1,18.010,"1,612.31",0,0,1,0,0,0.000,0.00,0,1,18.010,"1,612.31",0.00,0,0.000,"1,532.41",0,0,0,0,0,0.000,0.00,0,0.000,"1,532.41",1,18.010,"1,532.41",0,0,1,0,0,0.000,0.00,0,1,18.010,"1,532.41",Total,28,231.810,"23,478.21",0,1,9,0,1,7.180,371.64,2,29,238.990,"23,849.85",0.00,0,16.300,"6,481.29",0,0,0,0,0,0.000,0.00,0,16.300,"6,481.29",15,101.180,"6,481.29",0,1,8,0,0,0.000,0.00,0,15,101.180,"6,481.29",Grand Total,"1,387","14,515.167","11,73,314.32",49,126,466,0,276,"2,265.694","2,16,564.43",303,"1,663","16,780.861","13,89,878.75",0.00,3,178.791,"4,73,770.52",0,0,3,0,0,10.600,"6,077.44",3,189.391,"4,92,131.11",883,"8,265.337","4,89,536.36",49,119,331,0,9,90.615,"6,948.40",34,892,"8,355.952","5,09,288.08","Page 1 of 1     Generated on : 12/03/2025 19:29 PM     2014 NRRDA, All rights reserved"
Pradhan Mantri Gram Sadak Yojana,Monthly Report Format for Physical & Financial Progress under PMGSY,State: Arunachal Pradesh     District: All Districts     Block: All Blocks     Year: 2020     Month: January     Collaboration: All Collaborations     Agency:  Rural Works Department   Scheme: All Scheme,Note : All Costs and Expenditures in Lakhs and Length in Kms.,Clearance,Progress During Month,Cumulative Progress,New Connectivity,Upgradation,Total,New Connectivity,Upgradation,Total,New Connectivity,Upgradation,Total,Sr.No.,Sanction Year,Nos.,Length,Cost,1000+,999-500,499-250 (Eligible),Nos.,Length,Cost,LSB Nos.,Road Nos.,Road Length,Cost,Funds Released,Nos.,Length,Expenditure,1000+,999-500,499-250 (Eligible),Nos.,Length,Expenditure,Nos.,Length,Expenditure,Nos.,Length,Expenditure,1000+,999-500,499-250 (Eligible),Nos.,Length,Expenditure,LSB Nos.,Road Nos.,Road Length,Expenditure,Shi Yomi,2009 - 2010,3,16.520,"1,147.47",0,1,0,0,0,0.000,0.00,0,3,16.520,"1,147.47",0.00,0,0.000,"1,092.09",0,0,0,0,0,0.000,0.00,0,0.000,"1,092.09",3,16.520,"1,092.09",0,1,0,0,0,0.000,0.00,0,3,16.520,"1,092.09",Total,28,231.810,"23,478.21",0,1,9,0,1,7.180,371.64,2,29,238.990,"23,849.85",0.00,0,16.300,"6,481.29",0,0,0,0,0,0.000,0.00,0,16.300,"6,481.29",15,101.180,"6,481.29",0,1,8,0,0,0.000,0.00,0,15,101.180,"6,481.29",Grand Total,"1,387","14,515.167","11,73,314.32",49,126,466,0,276,"2,265.694","2,16,564.43",303,"1,663","16,780.861","13,89,878.75",0.00,3,178.791,"4,73,770.52",0,0,3,0,0,10.600,"6,077.44",3,189.391,"4,92,131.11",883,"8,265.337","4,89,536.36",49,119,331,0,9,90.615,"6,948.40",34,892,"8,355.952","5,09,288.08","Page 1 of 1     Generated on : 12/03/2025 19:29 PM     2014 NRRDA, All rights reserved"
Pradhan Mantri Gram Sadak Yojana,Monthly Report Format for Physical & Financial Progress under PMGSY,State: Arunachal Pradesh     District: All Districts     Block: All Blocks     Year: 2020     Month: January     Collaboration: All Collaborations     Agency:  Rural Works Department   Scheme: All Scheme,Note : All Costs and Expenditures in Lakhs and Length in Kms.,Clearance,Progress During Month,Cumulative Progress,New Connectivity,Upgradation,Total,New Connectivity,Upgradation,Total,New Connectivity,Upgradation,Total,Sr.No.,Sanction Year,Nos.,Length,Cost,1000+,999-500,499-250 (Eligible),Nos.,Length,Cost,LSB Nos.,Road Nos.,Road Length,Cost,Funds Released,Nos.,Length,Expenditure,1000+,999-500,499-250 (Eligible),Nos.,Length,Expenditure,Nos.,Length,Expenditure,Nos.,Length,Expenditure,1000+,999-500,499-250 (Eligible),Nos.,Length,Expenditure,LSB Nos.,Road Nos.,Road Length,Expenditure,Shi Yomi,2013 - 2014,4,22.800,"2,212.03",0,0,4,0,0,0.000,0.00,0,4,22.800,"2,212.03",0.00,0,0.000,"2,101.94",0,0,0,0,0,0.000,0.00,0,0.000,"2,101.94",4,22.800,"2,101.94",0,0,4,0,0,0.000,0.00,0,4,22.800,"2,101.94",Total,28,231.810,"23,478.21",0,1,9,0,1,7.180,371.64,2,29,238.990,"23,849.85",0.00,0,16.300,"6,481.29",0,0,0,0,0,0.000,0.00,0,16.300,"6,481.29",15,101.180,"6,481.29",0,1,8,0,0,0.000,0.00,0,15,101.180,"6,481.29",Grand Total,"1,387","14,515.167","11,73,314.32",49,126,466,0,276,"2,265.694","2,16,564.43",303,"1,663","16,780.861","13,89,878.75",0.00,3,178.791,"4,73,770.52",0,0,3,0,0,10.600,"6,077.44",3,189.391,"4,92,131.11",883,"8,265.337","4,89,536.36",49,119,331,0,9,90.615,"6,948.40",34,892,"8,355.952","5,09,288.08","Page 1 of 1     Generated on : 12/03/2025 19:29 PM     2014 NRRDA, All rights reserved"
Pradhan Mantri Gram Sadak Yojana,Monthly Report Format for Physical & Financial Progress under PMGSY,State: Arunachal Pradesh     District: All Districts     Block: All Blocks     Year: 2020     Month: January     Collaboration: All Collaborations     Agency:  Rural Works Department   Scheme: All Scheme,Note : All Costs and Expenditures in Lakhs and Length in Kms.,Clearance,Progress During Month,Cumulative Progress,New Connectivity,Upgradation,Total,New Connectivity,Upgradation,Total,New Connectivity,Upgradation,Total,Sr.No.,Sanction Year,Nos.,Length,Cost,1000+,999-500,499-250 (Eligible),Nos.,Length,Cost,LSB Nos.,Road Nos.,Road Length,Cost,Funds Released,Nos.,Length,Expenditure,1000+,999-500,499-250 (Eligible),Nos.,Length,Expenditure,Nos.,Length,Expenditure,Nos.,Length,Expenditure,1000+,999-500,499-250 (Eligible),Nos.,Length,Expenditure,LSB Nos.,Road Nos.,Road Length,Expenditure,Shi Yomi,2014 - 2015,1,12.800,"1,435.97",0,0,1,0,0,0.000,0.00,0,1,12.800,"1,435.97",0.00,0,0.000,"1,371.69",0,0,0,0,0,0.000,0.00,0,0.000,"1,371.69",1,12.800,"1,371.69",0,0,1,0,0,0.000,0.00,0,1,12.800,"1,371.69",Total,28,231.810,"23,478.21",0,1,9,0,1,7.180,371.64,2,29,238.990,"23,849.85",0.00,0,16.300,"6,481.29",0,0,0,0,0,0.000,0.00,0,16.300,"6,481.29",15,101.180,"6,481.29",0,1,8,0,0,0.000,0.00,0,15,101.180,"6,481.29",Grand Total,"1,387","14,515.167","11,73,314.32",49,126,466,0,276,"2,265.694","2,16,564.43",303,"1,663","16,780.861","13,89,878.75",0.00,3,178.791,"4,73,770.52",0,0,3,0,0,10.600,"6,077.44",3,189.391,"4,92,131.11",883,"8,265.337","4,89,536.36",49,119,331,0,9,90.615,"6,948.40",34,892,"8,355.952","5,09,288.08","Page 1 of 1     Generated on : 12/03/2025 19:29 PM     2014 NRRDA, All rights reserved"
Pradhan Mantri Gram Sadak Yojana,Monthly Report Format for Physical & Financial Progress under PMGSY,State: Arunachal Pradesh     District: All Districts     Block: All Blocks     Year: 2020     Month: January     Collaboration: All Collaborations     Agency:  Rural Works Department   Scheme: All Scheme,Note : All Costs and Expenditures in Lakhs and Length in Kms.,Clearance,Progress During Month,Cumulative Progress,New Connectivity,Upgradation,Total,New Connectivity,Upgradation,Total,New Connectivity,Upgradation,Total,Sr.No.,Sanction Year,Nos.,Length,Cost,1000+,999-500,499-250 (Eligible),Nos.,Length,Cost,LSB Nos.,Road Nos.,Road Length,Cost,Funds Released,Nos.,Length,Expenditure,1000+,999-500,499-250 (Eligible),Nos.,Length,Expenditure,Nos.,Length,Expenditure,Nos.,Length,Expenditure,1000+,999-500,499-250 (Eligible),Nos.,Length,Expenditure,LSB Nos.,Road Nos.,Road Length,Expenditure,Shi Yomi,2018 - 2019,9,135.830,"12,755.30",0,0,1,0,0,0.000,0.00,2,9,135.830,"12,755.30",0.00,0,16.300,32.41,0,0,0,0,0,0.000,0.00,0,16.300,32.41,0,18.300,32.41,0,0,0,0,0,0.000,0.00,0,0,18.300,32.41,Total,28,231.810,"23,478.21",0,1,9,0,1,7.180,371.64,2,29,238.990,"23,849.85",0.00,0,16.300,"6,481.29",0,0,0,0,0,0.000,0.00,0,16.300,"6,481.29",15,101.180,"6,481.29",0,1,8,0,0,0.000,0.00,0,15,101.180,"6,481.29",Grand Total,"1,387","14,515.167","11,73,314.32",49,126,466,0,276,"2,265.694","2,16,564.43",303,"1,663","16,780.861","13,89,878.75",0.00,3,178.791,"4,73,770.52",0,0,3,0,0,10.600,"6,077.44",3,189.391,"4,92,131.11",883,"8,265.337","4,89,536.36",49,119,331,0,9,90.615,"6,948.40",34,892,"8,355.952","5,09,288.08","Page 1 of 1     Generated on : 12/03/2025 19:29 PM     2014 NRRDA, All rights reserved"
Pradhan Mantri Gram Sadak Yojana,Monthly Report Format for Physical & Financial Progress under PMGSY,State: Arunachal Pradesh     District: All Districts     Block: All Blocks     Year: 2020     Month: January     Collaboration: All Collaborations     Agency:  Rural Works Department   Scheme: All Scheme,Note : All Costs and Expenditures in Lakhs and Length in Kms.,Clearance,Progress During Month,Cumulative Progress,New Connectivity,Upgradation,Total,New Connectivity,Upgradation,Total,New Connectivity,Upgradation,Total,Sr.No.,Sanction Year,Nos.,Length,Cost,1000+,999-500,499-250 (Eligible),Nos.,Length,Cost,LSB Nos.,Road Nos.,Road Length,Cost,Funds Released,Nos.,Length,Expenditure,1000+,999-500,499-250 (Eligible),Nos.,Length,Expenditure,Nos.,Length,Expenditure,Nos.,Length,Expenditure,1000+,999-500,499-250 (Eligible),Nos.,Length,Expenditure,LSB Nos.,Road Nos.,Road Length,Expenditure,Shi Yomi,2019 - 2020,0,0.000,0.00,0,0,0,0,1,7.180,371.64,0,1,7.180,371.64,0.00,0,0.000,0.00,0,0,0,0,0,0.000,0.00,0,0.000,0.00,0,0.000,,0,0,0,0,0,0.000,0.00,0,0,0.000,0.00,Total,28,231.810,"23,478.21",0,1,9,0,1,7.180,371.64,2,29,238.990,"23,849.85",0.00,0,16.300,"6,481.29",0,0,0,0,0,0.000,0.00,0,16.300,"6,481.29",15,101.180,"6,481.29",0,1,8,0,0,0.000,0.00,0,15,101.180,"6,481.29",Grand Total,"1,387","14,515.167","11,73,314.32",49,126,466,0,276,"2,265.694","2,16,564.43",303,"1,663","16,780.861","13,89,878.75",0.00,3,178.791,"4,73,770.52",0,0,3,0,0,10.600,"6,077.44",3,189.391,"4,92,131.11",883,"8,265.337","4,89,536.36",49,119,331,0,9,90.615,"6,948.40",34,892,"8,355.952","5,09,288.08","Page 1 of 1     Generated on : 12/03/2025 19:29 PM     2014 NRRDA, All rights reserved"
Pradhan Mantri Gram Sadak Yojana,Monthly Report Format for Physical & Financial Progress under PMGSY,State: Arunachal Pradesh     District: All Districts     Block: All Blocks     Year: 2020     Month: January     Collaboration: All Collaborations     Agency:  Rural Works Department   Scheme: All Scheme,Note : All Costs and Expenditures in Lakhs and Length in Kms.,Clearance,Progress During Month,Cumulative Progress,New Connectivity,Upgradation,Total,New Connectivity,Upgradation,Total,New Connectivity,Upgradation,Total,Sr.No.,Sanction Year,Nos.,Length,Cost,1000+,999-500,499-250 (Eligible),Nos.,Length,Cost,LSB Nos.,Road Nos.,Road Length,Cost,Funds Released,Nos.,Length,Expenditure,1000+,999-500,499-250 (Eligible),Nos.,Length,Expenditure,Nos.,Length,Expenditure,Nos.,Length,Expenditure,1000+,999-500,499-250 (Eligible),Nos.,Length,Expenditure,LSB Nos.,Road Nos.,Road Length,Expenditure,Shi Yomi,2023 - 2024,4,13.100,"3,944.87",0,0,0,0,0,0.000,0.00,0,4,13.100,"3,944.87",0.00,0,0.000,0.00,0,0,0,0,0,0.000,0.00,0,0.000,0.00,0,0.000,,0,0,0,0,0,0.000,0.00,0,0,0.000,0.00,Total,28,231.810,"23,478.21",0,1,9,0,1,7.180,371.64,2,29,238.990,"23,849.85",0.00,0,16.300,"6,481.29",0,0,0,0,0,0.000,0.00,0,16.300,"6,481.29",15,101.180,"6,481.29",0,1,8,0,0,0.000,0.00,0,15,101.180,"6,481.29",Grand Total,"1,387","14,515.167","11,73,314.32",49,126,466,0,276,"2,265.694","2,16,564.43",303,"1,663","16,780.861","13,89,878.75",0.00,3,178.791,"4,73,770.52",0,0,3,0,0,10.600,"6,077.44",3,189.391,"4,92,131.11",883,"8,265.337","4,89,536.36",49,119,331,0,9,90.615,"6,948.40",34,892,"8,355.952","5,09,288.08","Page 1 of 1     Generated on : 12/03/2025 19:29 PM     2014 NRRDA, All rights reserved"
Pradhan Mantri Gram Sadak Yojana,Monthly Report Format for Physical & Financial Progress under PMGSY,State: Arunachal Pradesh     District: All Districts     Block: All Blocks     Year: 2020     Month: January     Collaboration: All Collaborations     Agency:  Rural Works Department   Scheme: All Scheme,Note : All Costs and Expenditures in Lakhs and Length in Kms.,Clearance,Progress During Month,Cumulative Progress,New Connectivity,Upgradation,Total,New Connectivity,Upgradation,Total,New Connectivity,Upgradation,Total,Sr.No.,Sanction Year,Nos.,Length,Cost,1000+,999-500,499-250 (Eligible),Nos.,Length,Cost,LSB Nos.,Road Nos.,Road Length,Cost,Funds Released,Nos.,Length,Expenditure,1000+,999-500,499-250 (Eligible),Nos.,Length,Expenditure,Nos.,Length,Expenditure,Nos.,Length,Expenditure,1000+,999-500,499-250 (Eligible),Nos.,Length,Expenditure,LSB Nos.,Road Nos.,Road Length,Expenditure,Siang,2000 - 2001,12,8.160,98.56,0,0,0,0,1,2.000,20.00,0,13,10.160,118.56,0.00,0,0.000,98.56,0,0,0,0,0,0.000,20.00,0,0.000,118.56,12,8.160,98.56,0,0,0,0,1,2.000,20.00,0,13,10.160,118.56,Total,55,447.500,"29,645.89",0,6,20,0,10,93.940,"6,622.81",2,65,541.440,"36,268.70",0.00,0,0.060,"20,254.85",0,0,0,0,0,0.000,20.00,0,0.060,"20,274.85",43,318.540,"20,254.85",0,6,17,0,1,2.000,140.30,0,44,320.540,"20,395.15",Grand Total,"1,387","14,515.167","11,73,314.32",49,126,466,0,276,"2,265.694","2,16,564.43",303,"1,663","16,780.861","13,89,878.75",0.00,3,178.791,"4,73,770.52",0,0,3,0,0,10.600,"6,077.44",3,189.391,"4,92,131.11",883,"8,265.337","4,89,536.36",49,119,331,0,9,90.615,"6,948.40",34,892,"8,355.952","5,09,288.08","Page 1 of 1     Generated on : 12/03/2025 19:29 PM     2014 NRRDA, All rights reserved"
Pradhan Mantri Gram Sadak Yojana,Monthly Report Format for Physical & Financial Progress under PMGSY,State: Arunachal Pradesh     District: All Districts     Block: All Blocks     Year: 2020     Month: January     Collaboration: All Collaborations     Agency:  Rural Works Department   Scheme: All Scheme,Note : All Costs and Expenditures in Lakhs and Length in Kms.,Clearance,Progress During Month,Cumulative Progress,New Connectivity,Upgradation,Total,New Connectivity,Upgradation,Total,New Connectivity,Upgradation,Total,Sr.No.,Sanction Year,Nos.,Length,Cost,1000+,999-500,499-250 (Eligible),Nos.,Length,Cost,LSB Nos.,Road Nos.,Road Length,Cost,Funds Released,Nos.,Length,Expenditure,1000+,999-500,499-250 (Eligible),Nos.,Length,Expenditure,Nos.,Length,Expenditure,Nos.,Length,Expenditure,1000+,999-500,499-250 (Eligible),Nos.,Length,Expenditure,LSB Nos.,Road Nos.,Road Length,Expenditure,Siang,2001 - 2002,5,21.310,270.04,0,1,1,0,0,0.000,0.00,0,5,21.310,270.04,0.00,0,0.000,270.04,0,0,0,0,0,0.000,0.00,0,0.000,270.04,5,21.310,270.04,0,1,1,0,0,0.000,0.00,0,5,21.310,270.04,Total,55,447.500,"29,645.89",0,6,20,0,10,93.940,"6,622.81",2,65,541.440,"36,268.70",0.00,0,0.060,"20,254.85",0,0,0,0,0,0.000,20.00,0,0.060,"20,274.85",43,318.540,"20,254.85",0,6,17,0,1,2.000,140.30,0,44,320.540,"20,395.15",Grand Total,"1,387","14,515.167","11,73,314.32",49,126,466,0,276,"2,265.694","2,16,564.43",303,"1,663","16,780.861","13,89,878.75",0.00,3,178.791,"4,73,770.52",0,0,3,0,0,10.600,"6,077.44",3,189.391,"4,92,131.11",883,"8,265.337","4,89,536.36",49,119,331,0,9,90.615,"6,948.40",34,892,"8,355.952","5,09,288.08","Page 1 of 1     Generated on : 12/03/2025 19:29 PM     2014 NRRDA, All rights reserved"
Pradhan Mantri Gram Sadak Yojana,Monthly Report Format for Physical & Financial Progress under PMGSY,State: Arunachal Pradesh     District: All Districts     Block: All Blocks     Year: 2020     Month: January     Collaboration: All Collaborations     Agency:  Rural Works Department   Scheme: All Scheme,Note : All Costs and Expenditures in Lakhs and Length in Kms.,Clearance,Progress During Month,Cumulative Progress,New Connectivity,Upgradation,Total,New Connectivity,Upgradation,Total,New Connectivity,Upgradation,Total,Sr.No.,Sanction Year,Nos.,Length,Cost,1000+,999-500,499-250 (Eligible),Nos.,Length,Cost,LSB Nos.,Road Nos.,Road Length,Cost,Funds Released,Nos.,Length,Expenditure,1000+,999-500,499-250 (Eligible),Nos.,Length,Expenditure,Nos.,Length,Expenditure,Nos.,Length,Expenditure,1000+,999-500,499-250 (Eligible),Nos.,Length,Expenditure,LSB Nos.,Road Nos.,Road Length,Expenditure,Siang,2004 - 2005,4,14.890,541.69,0,1,3,0,0,0.000,0.00,0,4,14.890,541.69,0.00,0,0.000,491.89,0,0,0,0,0,0.000,0.00,0,0.000,491.89,4,14.890,491.89,0,1,3,0,0,0.000,0.00,0,4,14.890,491.89,Total,55,447.500,"29,645.89",0,6,20,0,10,93.940,"6,622.81",2,65,541.440,"36,268.70",0.00,0,0.060,"20,254.85",0,0,0,0,0,0.000,20.00,0,0.060,"20,274.85",43,318.540,"20,254.85",0,6,17,0,1,2.000,140.30,0,44,320.540,"20,395.15",Grand Total,"1,387","14,515.167","11,73,314.32",49,126,466,0,276,"2,265.694","2,16,564.43",303,"1,663","16,780.861","13,89,878.75",0.00,3,178.791,"4,73,770.52",0,0,3,0,0,10.600,"6,077.44",3,189.391,"4,92,131.11",883,"8,265.337","4,89,536.36",49,119,331,0,9,90.615,"6,948.40",34,892,"8,355.952","5,09,288.08","Page 1 of 1     Generated on : 12/03/2025 19:29 PM     2014 NRRDA, All rights reserved"
Pradhan Mantri Gram Sadak Yojana,Monthly Report Format for Physical & Financial Progress under PMGSY,State: Arunachal Pradesh     District: All Districts     Block: All Blocks     Year: 2020     Month: January     Collaboration: All Collaborations     Agency:  Rural Works Department   Scheme: All Scheme,Note : All Costs and Expenditures in Lakhs and Length in Kms.,Clearance,Progress During Month,Cumulative Progress,New Connectivity,Upgradation,Total,New Connectivity,Upgradation,Total,New Connectivity,Upgradation,Total,Sr.No.,Sanction Year,Nos.,Length,Cost,1000+,999-500,499-250 (Eligible),Nos.,Length,Cost,LSB Nos.,Road Nos.,Road Length,Cost,Funds Released,Nos.,Length,Expenditure,1000+,999-500,499-250 (Eligible),Nos.,Length,Expenditure,Nos.,Length,Expenditure,Nos.,Length,Expenditure,1000+,999-500,499-250 (Eligible),Nos.,Length,Expenditure,LSB Nos.,Road Nos.,Road Length,Expenditure,Siang,2005 - 2006,4,43.030,"2,694.71",0,3,1,0,0,0.000,0.00,0,4,43.030,"2,694.71",0.00,0,0.000,"2,635.19",0,0,0,0,0,0.000,0.00,0,0.000,"2,635.19",4,43.030,"2,635.19",0,3,1,0,0,0.000,0.00,0,4,43.030,"2,635.19",Total,55,447.500,"29,645.89",0,6,20,0,10,93.940,"6,622.81",2,65,541.440,"36,268.70",0.00,0,0.060,"20,254.85",0,0,0,0,0,0.000,20.00,0,0.060,"20,274.85",43,318.540,"20,254.85",0,6,17,0,1,2.000,140.30,0,44,320.540,"20,395.15",Grand Total,"1,387","14,515.167","11,73,314.32",49,126,466,0,276,"2,265.694","2,16,564.43",303,"1,663","16,780.861","13,89,878.75",0.00,3,178.791,"4,73,770.52",0,0,3,0,0,10.600,"6,077.44",3,189.391,"4,92,131.11",883,"8,265.337","4,89,536.36",49,119,331,0,9,90.615,"6,948.40",34,892,"8,355.952","5,09,288.08","Page 1 of 1     Generated on : 12/03/2025 19:29 PM     2014 NRRDA, All rights reserved"
Pradhan Mantri Gram Sadak Yojana,Monthly Report Format for Physical & Financial Progress under PMGSY,State: Arunachal Pradesh     District: All Districts     Block: All Blocks     Year: 2020     Month: January     Collaboration: All Collaborations     Agency:  Rural Works Department   Scheme: All Scheme,Note : All Costs and Expenditures in Lakhs and Length in Kms.,Clearance,Progress During Month,Cumulative Progress,New Connectivity,Upgradation,Total,New Connectivity,Upgradation,Total,New Connectivity,Upgradation,Total,Sr.No.,Sanction Year,Nos.,Length,Cost,1000+,999-500,499-250 (Eligible),Nos.,Length,Cost,LSB Nos.,Road Nos.,Road Length,Cost,Funds Released,Nos.,Length,Expenditure,1000+,999-500,499-250 (Eligible),Nos.,Length,Expenditure,Nos.,Length,Expenditure,Nos.,Length,Expenditure,1000+,999-500,499-250 (Eligible),Nos.,Length,Expenditure,LSB Nos.,Road Nos.,Road Length,Expenditure,Siang,2006 - 2007,3,12.490,516.33,0,0,1,0,0,0.000,0.00,0,3,12.490,516.33,0.00,0,0.000,505.69,0,0,0,0,0,0.000,0.00,0,0.000,505.69,3,12.490,505.69,0,0,1,0,0,0.000,0.00,0,3,12.490,505.69,Total,55,447.500,"29,645.89",0,6,20,0,10,93.940,"6,622.81",2,65,541.440,"36,268.70",0.00,0,0.060,"20,254.85",0,0,0,0,0,0.000,20.00,0,0.060,"20,274.85",43,318.540,"20,254.85",0,6,17,0,1,2.000,140.30,0,44,320.540,"20,395.15",Grand Total,"1,387","14,515.167","11,73,314.32",49,126,466,0,276,"2,265.694","2,16,564.43",303,"1,663","16,780.861","13,89,878.75",0.00,3,178.791,"4,73,770.52",0,0,3,0,0,10.600,"6,077.44",3,189.391,"4,92,131.11",883,"8,265.337","4,89,536.36",49,119,331,0,9,90.615,"6,948.40",34,892,"8,355.952","5,09,288.08","Page 1 of 1     Generated on : 12/03/2025 19:29 PM     2014 NRRDA, All rights reserved"
Pradhan Mantri Gram Sadak Yojana,Monthly Report Format for Physical & Financial Progress under PMGSY,State: Arunachal Pradesh     District: All Districts     Block: All Blocks     Year: 2020     Month: January     Collaboration: All Collaborations     Agency:  Rural Works Department   Scheme: All Scheme,Note : All Costs and Expenditures in Lakhs and Length in Kms.,Clearance,Progress During Month,Cumulative Progress,New Connectivity,Upgradation,Total,New Connectivity,Upgradation,Total,New Connectivity,Upgradation,Total,Sr.No.,Sanction Year,Nos.,Length,Cost,1000+,999-500,499-250 (Eligible),Nos.,Length,Cost,LSB Nos.,Road Nos.,Road Length,Cost,Funds Released,Nos.,Length,Expenditure,1000+,999-500,499-250 (Eligible),Nos.,Length,Expenditure,Nos.,Length,Expenditure,Nos.,Length,Expenditure,1000+,999-500,499-250 (Eligible),Nos.,Length,Expenditure,LSB Nos.,Road Nos.,Road Length,Expenditure,Siang,2007 - 2008,7,50.410,"3,740.77",0,0,6,0,0,0.000,0.00,0,7,50.410,"3,740.77",0.00,0,0.000,"3,645.50",0,0,0,0,0,0.000,0.00,0,0.000,"3,645.50",7,50.410,"3,645.50",0,0,6,0,0,0.000,0.00,0,7,50.410,"3,645.50",Total,55,447.500,"29,645.89",0,6,20,0,10,93.940,"6,622.81",2,65,541.440,"36,268.70",0.00,0,0.060,"20,254.85",0,0,0,0,0,0.000,20.00,0,0.060,"20,274.85",43,318.540,"20,254.85",0,6,17,0,1,2.000,140.30,0,44,320.540,"20,395.15",Grand Total,"1,387","14,515.167","11,73,314.32",49,126,466,0,276,"2,265.694","2,16,564.43",303,"1,663","16,780.861","13,89,878.75",0.00,3,178.791,"4,73,770.52",0,0,3,0,0,10.600,"6,077.44",3,189.391,"4,92,131.11",883,"8,265.337","4,89,536.36",49,119,331,0,9,90.615,"6,948.40",34,892,"8,355.952","5,09,288.08","Page 1 of 1     Generated on : 12/03/2025 19:29 PM     2014 NRRDA, All rights reserved"
Pradhan Mantri Gram Sadak Yojana,Monthly Report Format for Physical & Financial Progress under PMGSY,State: Arunachal Pradesh     District: All Districts     Block: All Blocks     Year: 2020     Month: January     Collaboration: All Collaborations     Agency:  Rural Works Department   Scheme: All Scheme,Note : All Costs and Expenditures in Lakhs and Length in Kms.,Clearance,Progress During Month,Cumulative Progress,New Connectivity,Upgradation,Total,New Connectivity,Upgradation,Total,New Connectivity,Upgradation,Total,Sr.No.,Sanction Year,Nos.,Length,Cost,1000+,999-500,499-250 (Eligible),Nos.,Length,Cost,LSB Nos.,Road Nos.,Road Length,Cost,Funds Released,Nos.,Length,Expenditure,1000+,999-500,499-250 (Eligible),Nos.,Length,Expenditure,Nos.,Length,Expenditure,Nos.,Length,Expenditure,1000+,999-500,499-250 (Eligible),Nos.,Length,Expenditure,LSB Nos.,Road Nos.,Road Length,Expenditure,Siang,2009 - 2010,1,1.620,145.22,0,1,0,0,0,0.000,0.00,0,1,1.620,145.22,0.00,0,0.000,137.96,0,0,0,0,0,0.000,0.00,0,0.000,137.96,1,1.590,137.96,0,1,0,0,0,0.000,0.00,0,1,1.590,137.96,Total,55,447.500,"29,645.89",0,6,20,0,10,93.940,"6,622.81",2,65,541.440,"36,268.70",0.00,0,0.060,"20,254.85",0,0,0,0,0,0.000,20.00,0,0.060,"20,274.85",43,318.540,"20,254.85",0,6,17,0,1,2.000,140.30,0,44,320.540,"20,395.15",Grand Total,"1,387","14,515.167","11,73,314.32",49,126,466,0,276,"2,265.694","2,16,564.43",303,"1,663","16,780.861","13,89,878.75",0.00,3,178.791,"4,73,770.52",0,0,3,0,0,10.600,"6,077.44",3,189.391,"4,92,131.11",883,"8,265.337","4,89,536.36",49,119,331,0,9,90.615,"6,948.40",34,892,"8,355.952","5,09,288.08","Page 1 of 1     Generated on : 12/03/2025 19:29 PM     2014 NRRDA, All rights reserved"
Pradhan Mantri Gram Sadak Yojana,Monthly Report Format for Physical & Financial Progress under PMGSY,State: Arunachal Pradesh     District: All Districts     Block: All Blocks     Year: 2020     Month: January     Collaboration: All Collaborations     Agency:  Rural Works Department   Scheme: All Scheme,Note : All Costs and Expenditures in Lakhs and Length in Kms.,Clearance,Progress During Month,Cumulative Progress,New Connectivity,Upgradation,Total,New Connectivity,Upgradation,Total,New Connectivity,Upgradation,Total,Sr.No.,Sanction Year,Nos.,Length,Cost,1000+,999-500,499-250 (Eligible),Nos.,Length,Cost,LSB Nos.,Road Nos.,Road Length,Cost,Funds Released,Nos.,Length,Expenditure,1000+,999-500,499-250 (Eligible),Nos.,Length,Expenditure,Nos.,Length,Expenditure,Nos.,Length,Expenditure,1000+,999-500,499-250 (Eligible),Nos.,Length,Expenditure,LSB Nos.,Road Nos.,Road Length,Expenditure,Siang,2012 - 2013,2,49.850,"3,204.91",0,0,0,0,0,0.000,0.00,0,2,49.850,"3,204.91",0.00,0,0.000,"3,091.08",0,0,0,0,0,0.000,0.00,0,0.000,"3,091.08",2,49.850,"3,091.08",0,0,0,0,0,0.000,0.00,0,2,49.850,"3,091.08",Total,55,447.500,"29,645.89",0,6,20,0,10,93.940,"6,622.81",2,65,541.440,"36,268.70",0.00,0,0.060,"20,254.85",0,0,0,0,0,0.000,20.00,0,0.060,"20,274.85",43,318.540,"20,254.85",0,6,17,0,1,2.000,140.30,0,44,320.540,"20,395.15",Grand Total,"1,387","14,515.167","11,73,314.32",49,126,466,0,276,"2,265.694","2,16,564.43",303,"1,663","16,780.861","13,89,878.75",0.00,3,178.791,"4,73,770.52",0,0,3,0,0,10.600,"6,077.44",3,189.391,"4,92,131.11",883,"8,265.337","4,89,536.36",49,119,331,0,9,90.615,"6,948.40",34,892,"8,355.952","5,09,288.08","Page 1 of 1     Generated on : 12/03/2025 19:29 PM     2014 NRRDA, All rights reserved"
Pradhan Mantri Gram Sadak Yojana,Monthly Report Format for Physical & Financial Progress under PMGSY,State: Arunachal Pradesh     District: All Districts     Block: All Blocks     Year: 2020     Month: January     Collaboration: All Collaborations     Agency:  Rural Works Department   Scheme: All Scheme,Note : All Costs and Expenditures in Lakhs and Length in Kms.,Clearance,Progress During Month,Cumulative Progress,New Connectivity,Upgradation,Total,New Connectivity,Upgradation,Total,New Connectivity,Upgradation,Total,Sr.No.,Sanction Year,Nos.,Length,Cost,1000+,999-500,499-250 (Eligible),Nos.,Length,Cost,LSB Nos.,Road Nos.,Road Length,Cost,Funds Released,Nos.,Length,Expenditure,1000+,999-500,499-250 (Eligible),Nos.,Length,Expenditure,Nos.,Length,Expenditure,Nos.,Length,Expenditure,1000+,999-500,499-250 (Eligible),Nos.,Length,Expenditure,LSB Nos.,Road Nos.,Road Length,Expenditure,Siang,2013 - 2014,6,61.980,"5,671.15",0,0,6,0,0,0.000,0.00,0,6,61.980,"5,671.15",0.00,0,0.000,"5,492.93",0,0,0,0,0,0.000,0.00,0,0.000,"5,492.93",5,61.980,"5,492.93",0,0,5,0,0,0.000,0.00,0,5,61.980,"5,492.93",Total,55,447.500,"29,645.89",0,6,20,0,10,93.940,"6,622.81",2,65,541.440,"36,268.70",0.00,0,0.060,"20,254.85",0,0,0,0,0,0.000,20.00,0,0.060,"20,274.85",43,318.540,"20,254.85",0,6,17,0,1,2.000,140.30,0,44,320.540,"20,395.15",Grand Total,"1,387","14,515.167","11,73,314.32",49,126,466,0,276,"2,265.694","2,16,564.43",303,"1,663","16,780.861","13,89,878.75",0.00,3,178.791,"4,73,770.52",0,0,3,0,0,10.600,"6,077.44",3,189.391,"4,92,131.11",883,"8,265.337","4,89,536.36",49,119,331,0,9,90.615,"6,948.40",34,892,"8,355.952","5,09,288.08","Page 1 of 1     Generated on : 12/03/2025 19:29 PM     2014 NRRDA, All rights reserved"
Pradhan Mantri Gram Sadak Yojana,Monthly Report Format for Physical & Financial Progress under PMGSY,State: Arunachal Pradesh     District: All Districts     Block: All Blocks     Year: 2020     Month: January     Collaboration: All Collaborations     Agency:  Rural Works Department   Scheme: All Scheme,Note : All Costs and Expenditures in Lakhs and Length in Kms.,Clearance,Progress During Month,Cumulative Progress,New Connectivity,Upgradation,Total,New Connectivity,Upgradation,Total,New Connectivity,Upgradation,Total,Sr.No.,Sanction Year,Nos.,Length,Cost,1000+,999-500,499-250 (Eligible),Nos.,Length,Cost,LSB Nos.,Road Nos.,Road Length,Cost,Funds Released,Nos.,Length,Expenditure,1000+,999-500,499-250 (Eligible),Nos.,Length,Expenditure,Nos.,Length,Expenditure,Nos.,Length,Expenditure,1000+,999-500,499-250 (Eligible),Nos.,Length,Expenditure,LSB Nos.,Road Nos.,Road Length,Expenditure,Siang,2016 - 2017,2,53.550,"4,861.53",0,0,0,0,0,0.000,0.00,1,2,53.550,"4,861.53",0.00,0,0.060,"3,340.20",0,0,0,0,0,0.000,0.00,0,0.060,"3,340.20",0,49.010,"3,340.20",0,0,0,0,0,0.000,0.00,0,0,49.010,"3,340.20",Total,55,447.500,"29,645.89",0,6,20,0,10,93.940,"6,622.81",2,65,541.440,"36,268.70",0.00,0,0.060,"20,254.85",0,0,0,0,0,0.000,20.00,0,0.060,"20,274.85",43,318.540,"20,254.85",0,6,17,0,1,2.000,140.30,0,44,320.540,"20,395.15",Grand Total,"1,387","14,515.167","11,73,314.32",49,126,466,0,276,"2,265.694","2,16,564.43",303,"1,663","16,780.861","13,89,878.75",0.00,3,178.791,"4,73,770.52",0,0,3,0,0,10.600,"6,077.44",3,189.391,"4,92,131.11",883,"8,265.337","4,89,536.36",49,119,331,0,9,90.615,"6,948.40",34,892,"8,355.952","5,09,288.08","Page 1 of 1     Generated on : 12/03/2025 19:29 PM     2014 NRRDA, All rights reserved"
Pradhan Mantri Gram Sadak Yojana,Monthly Report Format for Physical & Financial Progress under PMGSY,State: Arunachal Pradesh     District: All Districts     Block: All Blocks     Year: 2020     Month: January     Collaboration: All Collaborations     Agency:  Rural Works Department   Scheme: All Scheme,Note : All Costs and Expenditures in Lakhs and Length in Kms.,Clearance,Progress During Month,Cumulative Progress,New Connectivity,Upgradation,Total,New Connectivity,Upgradation,Total,New Connectivity,Upgradation,Total,Sr.No.,Sanction Year,Nos.,Length,Cost,1000+,999-500,499-250 (Eligible),Nos.,Length,Cost,LSB Nos.,Road Nos.,Road Length,Cost,Funds Released,Nos.,Length,Expenditure,1000+,999-500,499-250 (Eligible),Nos.,Length,Expenditure,Nos.,Length,Expenditure,Nos.,Length,Expenditure,1000+,999-500,499-250 (Eligible),Nos.,Length,Expenditure,LSB Nos.,Road Nos.,Road Length,Expenditure,Siang,2017 - 2018,1,3.920,419.24,0,0,1,0,0,0.000,0.00,0,1,3.920,419.24,0.00,0,0.000,151.95,0,0,0,0,0,0.000,0.00,0,0.000,151.95,0,3.920,151.95,0,0,0,0,0,0.000,0.00,0,0,3.920,151.95,Total,55,447.500,"29,645.89",0,6,20,0,10,93.940,"6,622.81",2,65,541.440,"36,268.70",0.00,0,0.060,"20,254.85",0,0,0,0,0,0.000,20.00,0,0.060,"20,274.85",43,318.540,"20,254.85",0,6,17,0,1,2.000,140.30,0,44,320.540,"20,395.15",Grand Total,"1,387","14,515.167","11,73,314.32",49,126,466,0,276,"2,265.694","2,16,564.43",303,"1,663","16,780.861","13,89,878.75",0.00,3,178.791,"4,73,770.52",0,0,3,0,0,10.600,"6,077.44",3,189.391,"4,92,131.11",883,"8,265.337","4,89,536.36",49,119,331,0,9,90.615,"6,948.40",34,892,"8,355.952","5,09,288.08","Page 1 of 1     Generated on : 12/03/2025 19:29 PM     2014 NRRDA, All rights reserved"
Pradhan Mantri Gram Sadak Yojana,Monthly Report Format for Physical & Financial Progress under PMGSY,State: Arunachal Pradesh     District: All Districts     Block: All Blocks     Year: 2020     Month: January     Collaboration: All Collaborations     Agency:  Rural Works Department   Scheme: All Scheme,Note : All Costs and Expenditures in Lakhs and Length in Kms.,Clearance,Progress During Month,Cumulative Progress,New Connectivity,Upgradation,Total,New Connectivity,Upgradation,Total,New Connectivity,Upgradation,Total,Sr.No.,Sanction Year,Nos.,Length,Cost,1000+,999-500,499-250 (Eligible),Nos.,Length,Cost,LSB Nos.,Road Nos.,Road Length,Cost,Funds Released,Nos.,Length,Expenditure,1000+,999-500,499-250 (Eligible),Nos.,Length,Expenditure,Nos.,Length,Expenditure,Nos.,Length,Expenditure,1000+,999-500,499-250 (Eligible),Nos.,Length,Expenditure,LSB Nos.,Road Nos.,Road Length,Expenditure,Siang,2018 - 2019,8,126.290,"7,481.74",0,0,1,0,1,18.000,848.43,0,9,144.290,"8,330.17",0.00,0,0.000,393.86,0,0,0,0,0,0.000,0.00,0,0.000,393.86,0,1.900,393.86,0,0,0,0,0,0.000,120.30,0,0,1.900,514.16,Total,55,447.500,"29,645.89",0,6,20,0,10,93.940,"6,622.81",2,65,541.440,"36,268.70",0.00,0,0.060,"20,254.85",0,0,0,0,0,0.000,20.00,0,0.060,"20,274.85",43,318.540,"20,254.85",0,6,17,0,1,2.000,140.30,0,44,320.540,"20,395.15",Grand Total,"1,387","14,515.167","11,73,314.32",49,126,466,0,276,"2,265.694","2,16,564.43",303,"1,663","16,780.861","13,89,878.75",0.00,3,178.791,"4,73,770.52",0,0,3,0,0,10.600,"6,077.44",3,189.391,"4,92,131.11",883,"8,265.337","4,89,536.36",49,119,331,0,9,90.615,"6,948.40",34,892,"8,355.952","5,09,288.08","Page 1 of 1     Generated on : 12/03/2025 19:29 PM     2014 NRRDA, All rights reserved"
Pradhan Mantri Gram Sadak Yojana,Monthly Report Format for Physical & Financial Progress under PMGSY,State: Arunachal Pradesh     District: All Districts     Block: All Blocks     Year: 2020     Month: January     Collaboration: All Collaborations     Agency:  Rural Works Department   Scheme: All Scheme,Note : All Costs and Expenditures in Lakhs and Length in Kms.,Clearance,Progress During Month,Cumulative Progress,New Connectivity,Upgradation,Total,New Connectivity,Upgradation,Total,New Connectivity,Upgradation,Total,Sr.No.,Sanction Year,Nos.,Length,Cost,1000+,999-500,499-250 (Eligible),Nos.,Length,Cost,LSB Nos.,Road Nos.,Road Length,Cost,Funds Released,Nos.,Length,Expenditure,1000+,999-500,499-250 (Eligible),Nos.,Length,Expenditure,Nos.,Length,Expenditure,Nos.,Length,Expenditure,1000+,999-500,499-250 (Eligible),Nos.,Length,Expenditure,LSB Nos.,Road Nos.,Road Length,Expenditure,Siang,2019 - 2020,0,0.000,0.00,0,0,0,0,2,28.220,"2,288.33",0,2,28.220,"2,288.33",0.00,0,0.000,0.00,0,0,0,0,0,0.000,0.00,0,0.000,0.00,0,0.000,,0,0,0,0,0,0.000,0.00,0,0,0.000,0.00,Total,55,447.500,"29,645.89",0,6,20,0,10,93.940,"6,622.81",2,65,541.440,"36,268.70",0.00,0,0.060,"20,254.85",0,0,0,0,0,0.000,20.00,0,0.060,"20,274.85",43,318.540,"20,254.85",0,6,17,0,1,2.000,140.30,0,44,320.540,"20,395.15",Grand Total,"1,387","14,515.167","11,73,314.32",49,126,466,0,276,"2,265.694","2,16,564.43",303,"1,663","16,780.861","13,89,878.75",0.00,3,178.791,"4,73,770.52",0,0,3,0,0,10.600,"6,077.44",3,189.391,"4,92,131.11",883,"8,265.337","4,89,536.36",49,119,331,0,9,90.615,"6,948.40",34,892,"8,355.952","5,09,288.08","Page 1 of 1     Generated on : 12/03/2025 19:29 PM     2014 NRRDA, All rights reserved"
Pradhan Mantri Gram Sadak Yojana,Monthly Report Format for Physical & Financial Progress under PMGSY,State: Arunachal Pradesh     District: All Districts     Block: All Blocks     Year: 2020     Month: January     Collaboration: All Collaborations     Agency:  Rural Works Department   Scheme: All Scheme,Note : All Costs and Expenditures in Lakhs and Length in Kms.,Clearance,Progress During Month,Cumulative Progress,New Connectivity,Upgradation,Total,New Connectivity,Upgradation,Total,New Connectivity,Upgradation,Total,Sr.No.,Sanction Year,Nos.,Length,Cost,1000+,999-500,499-250 (Eligible),Nos.,Length,Cost,LSB Nos.,Road Nos.,Road Length,Cost,Funds Released,Nos.,Length,Expenditure,1000+,999-500,499-250 (Eligible),Nos.,Length,Expenditure,Nos.,Length,Expenditure,Nos.,Length,Expenditure,1000+,999-500,499-250 (Eligible),Nos.,Length,Expenditure,LSB Nos.,Road Nos.,Road Length,Expenditure,Siang,2023 - 2024,0,0.000,0.00,0,0,0,0,1,4.300,412.58,0,1,4.300,412.58,0.00,0,0.000,0.00,0,0,0,0,0,0.000,0.00,0,0.000,0.00,0,0.000,,0,0,0,0,0,0.000,0.00,0,0,0.000,0.00,Total,55,447.500,"29,645.89",0,6,20,0,10,93.940,"6,622.81",2,65,541.440,"36,268.70",0.00,0,0.060,"20,254.85",0,0,0,0,0,0.000,20.00,0,0.060,"20,274.85",43,318.540,"20,254.85",0,6,17,0,1,2.000,140.30,0,44,320.540,"20,395.15",Grand Total,"1,387","14,515.167","11,73,314.32",49,126,466,0,276,"2,265.694","2,16,564.43",303,"1,663","16,780.861","13,89,878.75",0.00,3,178.791,"4,73,770.52",0,0,3,0,0,10.600,"6,077.44",3,189.391,"4,92,131.11",883,"8,265.337","4,89,536.36",49,119,331,0,9,90.615,"6,948.40",34,892,"8,355.952","5,09,288.08","Page 1 of 1     Generated on : 12/03/2025 19:29 PM     2014 NRRDA, All rights reserved"
Pradhan Mantri Gram Sadak Yojana,Monthly Report Format for Physical & Financial Progress under PMGSY,State: Arunachal Pradesh     District: All Districts     Block: All Blocks     Year: 2020     Month: January     Collaboration: All Collaborations     Agency:  Rural Works Department   Scheme: All Scheme,Note : All Costs and Expenditures in Lakhs and Length in Kms.,Clearance,Progress During Month,Cumulative Progress,New Connectivity,Upgradation,Total,New Connectivity,Upgradation,Total,New Connectivity,Upgradation,Total,Sr.No.,Sanction Year,Nos.,Length,Cost,1000+,999-500,499-250 (Eligible),Nos.,Length,Cost,LSB Nos.,Road Nos.,Road Length,Cost,Funds Released,Nos.,Length,Expenditure,1000+,999-500,499-250 (Eligible),Nos.,Length,Expenditure,Nos.,Length,Expenditure,Nos.,Length,Expenditure,1000+,999-500,499-250 (Eligible),Nos.,Length,Expenditure,LSB Nos.,Road Nos.,Road Length,Expenditure,Siang,2024 - 2025,0,0.000,0.00,0,0,0,0,5,41.420,"3,053.47",1,5,41.420,"3,053.47",0.00,0,0.000,0.00,0,0,0,0,0,0.000,0.00,0,0.000,0.00,0,0.000,,0,0,0,0,0,0.000,0.00,0,0,0.000,0.00,Total,55,447.500,"29,645.89",0,6,20,0,10,93.940,"6,622.81",2,65,541.440,"36,268.70",0.00,0,0.060,"20,254.85",0,0,0,0,0,0.000,20.00,0,0.060,"20,274.85",43,318.540,"20,254.85",0,6,17,0,1,2.000,140.30,0,44,320.540,"20,395.15",Grand Total,"1,387","14,515.167","11,73,314.32",49,126,466,0,276,"2,265.694","2,16,564.43",303,"1,663","16,780.861","13,89,878.75",0.00,3,178.791,"4,73,770.52",0,0,3,0,0,10.600,"6,077.44",3,189.391,"4,92,131.11",883,"8,265.337","4,89,536.36",49,119,331,0,9,90.615,"6,948.40",34,892,"8,355.952","5,09,288.08","Page 1 of 1     Generated on : 12/03/2025 19:29 PM     2014 NRRDA, All rights reserved"
Pradhan Mantri Gram Sadak Yojana,Monthly Report Format for Physical & Financial Progress under PMGSY,State: Arunachal Pradesh     District: All Districts     Block: All Blocks     Year: 2020     Month: January     Collaboration: All Collaborations     Agency:  Rural Works Department   Scheme: All Scheme,Note : All Costs and Expenditures in Lakhs and Length in Kms.,Clearance,Progress During Month,Cumulative Progress,New Connectivity,Upgradation,Total,New Connectivity,Upgradation,Total,New Connectivity,Upgradation,Total,Sr.No.,Sanction Year,Nos.,Length,Cost,1000+,999-500,499-250 (Eligible),Nos.,Length,Cost,LSB Nos.,Road Nos.,Road Length,Cost,Funds Released,Nos.,Length,Expenditure,1000+,999-500,499-250 (Eligible),Nos.,Length,Expenditure,Nos.,Length,Expenditure,Nos.,Length,Expenditure,1000+,999-500,499-250 (Eligible),Nos.,Length,Expenditure,LSB Nos.,Road Nos.,Road Length,Expenditure,Tawang,2000 - 2001,4,14.400,160.50,0,1,0,0,0,0.000,0.00,0,4,14.400,160.50,0.00,0,0.000,160.50,0,0,0,0,0,0.000,0.00,0,0.000,160.50,4,14.400,160.50,0,1,0,0,0,0.000,0.00,0,4,14.400,160.50,Total,71,700.784,"65,428.76",0,9,13,0,13,74.510,"6,042.49",5,84,775.294,"71,471.25",0.00,0,10.500,"31,115.01",0,0,0,0,0,0.000,0.00,0,10.500,"31,452.70",44,469.322,"31,550.19",0,8,11,0,0,0.000,0.00,1,44,469.322,"31,887.88",Grand Total,"1,387","14,515.167","11,73,314.32",49,126,466,0,276,"2,265.694","2,16,564.43",303,"1,663","16,780.861","13,89,878.75",0.00,3,178.791,"4,73,770.52",0,0,3,0,0,10.600,"6,077.44",3,189.391,"4,92,131.11",883,"8,265.337","4,89,536.36",49,119,331,0,9,90.615,"6,948.40",34,892,"8,355.952","5,09,288.08","Page 1 of 1     Generated on : 12/03/2025 19:29 PM     2014 NRRDA, All rights reserved"
Pradhan Mantri Gram Sadak Yojana,Monthly Report Format for Physical & Financial Progress under PMGSY,State: Arunachal Pradesh     District: All Districts     Block: All Blocks     Year: 2020     Month: January     Collaboration: All Collaborations     Agency:  Rural Works Department   Scheme: All Scheme,Note : All Costs and Expenditures in Lakhs and Length in Kms.,Clearance,Progress During Month,Cumulative Progress,New Connectivity,Upgradation,Total,New Connectivity,Upgradation,Total,New Connectivity,Upgradation,Total,Sr.No.,Sanction Year,Nos.,Length,Cost,1000+,999-500,499-250 (Eligible),Nos.,Length,Cost,LSB Nos.,Road Nos.,Road Length,Cost,Funds Released,Nos.,Length,Expenditure,1000+,999-500,499-250 (Eligible),Nos.,Length,Expenditure,Nos.,Length,Expenditure,Nos.,Length,Expenditure,1000+,999-500,499-250 (Eligible),Nos.,Length,Expenditure,LSB Nos.,Road Nos.,Road Length,Expenditure,Tawang,2001 - 2002,7,53.510,854.14,0,0,3,0,0,0.000,0.00,0,7,53.510,854.14,0.00,0,0.000,854.14,0,0,0,0,0,0.000,0.00,0,0.000,854.14,7,53.510,854.14,0,0,3,0,0,0.000,0.00,0,7,53.510,854.14,Total,71,700.784,"65,428.76",0,9,13,0,13,74.510,"6,042.49",5,84,775.294,"71,471.25",0.00,0,10.500,"31,115.01",0,0,0,0,0,0.000,0.00,0,10.500,"31,452.70",44,469.322,"31,550.19",0,8,11,0,0,0.000,0.00,1,44,469.322,"31,887.88",Grand Total,"1,387","14,515.167","11,73,314.32",49,126,466,0,276,"2,265.694","2,16,564.43",303,"1,663","16,780.861","13,89,878.75",0.00,3,178.791,"4,73,770.52",0,0,3,0,0,10.600,"6,077.44",3,189.391,"4,92,131.11",883,"8,265.337","4,89,536.36",49,119,331,0,9,90.615,"6,948.40",34,892,"8,355.952","5,09,288.08","Page 1 of 1     Generated on : 12/03/2025 19:29 PM     2014 NRRDA, All rights reserved"
Pradhan Mantri Gram Sadak Yojana,Monthly Report Format for Physical & Financial Progress under PMGSY,State: Arunachal Pradesh     District: All Districts     Block: All Blocks     Year: 2020     Month: January     Collaboration: All Collaborations     Agency:  Rural Works Department   Scheme: All Scheme,Note : All Costs and Expenditures in Lakhs and Length in Kms.,Clearance,Progress During Month,Cumulative Progress,New Connectivity,Upgradation,Total,New Connectivity,Upgradation,Total,New Connectivity,Upgradation,Total,Sr.No.,Sanction Year,Nos.,Length,Cost,1000+,999-500,499-250 (Eligible),Nos.,Length,Cost,LSB Nos.,Road Nos.,Road Length,Cost,Funds Released,Nos.,Length,Expenditure,1000+,999-500,499-250 (Eligible),Nos.,Length,Expenditure,Nos.,Length,Expenditure,Nos.,Length,Expenditure,1000+,999-500,499-250 (Eligible),Nos.,Length,Expenditure,LSB Nos.,Road Nos.,Road Length,Expenditure,Tawang,2004 - 2005,2,8.200,247.75,0,1,1,0,0,0.000,0.00,0,2,8.200,247.75,0.00,0,0.000,233.61,0,0,0,0,0,0.000,0.00,0,0.000,233.61,2,8.200,233.61,0,1,1,0,0,0.000,0.00,0,2,8.200,233.61,Total,71,700.784,"65,428.76",0,9,13,0,13,74.510,"6,042.49",5,84,775.294,"71,471.25",0.00,0,10.500,"31,115.01",0,0,0,0,0,0.000,0.00,0,10.500,"31,452.70",44,469.322,"31,550.19",0,8,11,0,0,0.000,0.00,1,44,469.322,"31,887.88",Grand Total,"1,387","14,515.167","11,73,314.32",49,126,466,0,276,"2,265.694","2,16,564.43",303,"1,663","16,780.861","13,89,878.75",0.00,3,178.791,"4,73,770.52",0,0,3,0,0,10.600,"6,077.44",3,189.391,"4,92,131.11",883,"8,265.337","4,89,536.36",49,119,331,0,9,90.615,"6,948.40",34,892,"8,355.952","5,09,288.08","Page 1 of 1     Generated on : 12/03/2025 19:29 PM     2014 NRRDA, All rights reserved"
Pradhan Mantri Gram Sadak Yojana,Monthly Report Format for Physical & Financial Progress under PMGSY,State: Arunachal Pradesh     District: All Districts     Block: All Blocks     Year: 2020     Month: January     Collaboration: All Collaborations     Agency:  Rural Works Department   Scheme: All Scheme,Note : All Costs and Expenditures in Lakhs and Length in Kms.,Clearance,Progress During Month,Cumulative Progress,New Connectivity,Upgradation,Total,New Connectivity,Upgradation,Total,New Connectivity,Upgradation,Total,Sr.No.,Sanction Year,Nos.,Length,Cost,1000+,999-500,499-250 (Eligible),Nos.,Length,Cost,LSB Nos.,Road Nos.,Road Length,Cost,Funds Released,Nos.,Length,Expenditure,1000+,999-500,499-250 (Eligible),Nos.,Length,Expenditure,Nos.,Length,Expenditure,Nos.,Length,Expenditure,1000+,999-500,499-250 (Eligible),Nos.,Length,Expenditure,LSB Nos.,Road Nos.,Road Length,Expenditure,Tawang,2005 - 2006,5,57.900,"3,801.06",0,5,0,0,0,0.000,0.00,0,5,57.900,"3,801.06",0.00,0,0.000,"3,764.37",0,0,0,0,0,0.000,0.00,0,0.000,"3,764.37",5,57.900,"3,764.37",0,5,0,0,0,0.000,0.00,0,5,57.900,"3,764.37",Total,71,700.784,"65,428.76",0,9,13,0,13,74.510,"6,042.49",5,84,775.294,"71,471.25",0.00,0,10.500,"31,115.01",0,0,0,0,0,0.000,0.00,0,10.500,"31,452.70",44,469.322,"31,550.19",0,8,11,0,0,0.000,0.00,1,44,469.322,"31,887.88",Grand Total,"1,387","14,515.167","11,73,314.32",49,126,466,0,276,"2,265.694","2,16,564.43",303,"1,663","16,780.861","13,89,878.75",0.00,3,178.791,"4,73,770.52",0,0,3,0,0,10.600,"6,077.44",3,189.391,"4,92,131.11",883,"8,265.337","4,89,536.36",49,119,331,0,9,90.615,"6,948.40",34,892,"8,355.952","5,09,288.08","Page 1 of 1     Generated on : 12/03/2025 19:29 PM     2014 NRRDA, All rights reserved"
Pradhan Mantri Gram Sadak Yojana,Monthly Report Format for Physical & Financial Progress under PMGSY,State: Arunachal Pradesh     District: All Districts     Block: All Blocks     Year: 2020     Month: January     Collaboration: All Collaborations     Agency:  Rural Works Department   Scheme: All Scheme,Note : All Costs and Expenditures in Lakhs and Length in Kms.,Clearance,Progress During Month,Cumulative Progress,New Connectivity,Upgradation,Total,New Connectivity,Upgradation,Total,New Connectivity,Upgradation,Total,Sr.No.,Sanction Year,Nos.,Length,Cost,1000+,999-500,499-250 (Eligible),Nos.,Length,Cost,LSB Nos.,Road Nos.,Road Length,Cost,Funds Released,Nos.,Length,Expenditure,1000+,999-500,499-250 (Eligible),Nos.,Length,Expenditure,Nos.,Length,Expenditure,Nos.,Length,Expenditure,1000+,999-500,499-250 (Eligible),Nos.,Length,Expenditure,LSB Nos.,Road Nos.,Road Length,Expenditure,Tawang,2006 - 2007,6,46.990,"2,208.50",0,0,0,0,0,0.000,0.00,0,6,46.990,"2,208.50",0.00,0,0.000,"2,135.34",0,0,0,0,0,0.000,0.00,0,0.000,"2,135.34",6,46.990,"2,135.34",0,0,0,0,0,0.000,0.00,0,6,46.990,"2,135.34",Total,71,700.784,"65,428.76",0,9,13,0,13,74.510,"6,042.49",5,84,775.294,"71,471.25",0.00,0,10.500,"31,115.01",0,0,0,0,0,0.000,0.00,0,10.500,"31,452.70",44,469.322,"31,550.19",0,8,11,0,0,0.000,0.00,1,44,469.322,"31,887.88",Grand Total,"1,387","14,515.167","11,73,314.32",49,126,466,0,276,"2,265.694","2,16,564.43",303,"1,663","16,780.861","13,89,878.75",0.00,3,178.791,"4,73,770.52",0,0,3,0,0,10.600,"6,077.44",3,189.391,"4,92,131.11",883,"8,265.337","4,89,536.36",49,119,331,0,9,90.615,"6,948.40",34,892,"8,355.952","5,09,288.08","Page 1 of 1     Generated on : 12/03/2025 19:29 PM     2014 NRRDA, All rights reserved"
Pradhan Mantri Gram Sadak Yojana,Monthly Report Format for Physical & Financial Progress under PMGSY,State: Arunachal Pradesh     District: All Districts     Block: All Blocks     Year: 2020     Month: January     Collaboration: All Collaborations     Agency:  Rural Works Department   Scheme: All Scheme,Note : All Costs and Expenditures in Lakhs and Length in Kms.,Clearance,Progress During Month,Cumulative Progress,New Connectivity,Upgradation,Total,New Connectivity,Upgradation,Total,New Connectivity,Upgradation,Total,Sr.No.,Sanction Year,Nos.,Length,Cost,1000+,999-500,499-250 (Eligible),Nos.,Length,Cost,LSB Nos.,Road Nos.,Road Length,Cost,Funds Released,Nos.,Length,Expenditure,1000+,999-500,499-250 (Eligible),Nos.,Length,Expenditure,Nos.,Length,Expenditure,Nos.,Length,Expenditure,1000+,999-500,499-250 (Eligible),Nos.,Length,Expenditure,LSB Nos.,Road Nos.,Road Length,Expenditure,Tawang,2007 - 2008,5,76.000,"8,749.34",0,0,4,0,0,0.000,0.00,0,5,76.000,"8,749.34",0.00,0,0.000,"8,756.05",0,0,0,0,0,0.000,0.00,0,0.000,"8,756.05",5,76.000,"8,756.05",0,0,4,0,0,0.000,0.00,0,5,76.000,"8,756.05",Total,71,700.784,"65,428.76",0,9,13,0,13,74.510,"6,042.49",5,84,775.294,"71,471.25",0.00,0,10.500,"31,115.01",0,0,0,0,0,0.000,0.00,0,10.500,"31,452.70",44,469.322,"31,550.19",0,8,11,0,0,0.000,0.00,1,44,469.322,"31,887.88",Grand Total,"1,387","14,515.167","11,73,314.32",49,126,466,0,276,"2,265.694","2,16,564.43",303,"1,663","16,780.861","13,89,878.75",0.00,3,178.791,"4,73,770.52",0,0,3,0,0,10.600,"6,077.44",3,189.391,"4,92,131.11",883,"8,265.337","4,89,536.36",49,119,331,0,9,90.615,"6,948.40",34,892,"8,355.952","5,09,288.08","Page 1 of 1     Generated on : 12/03/2025 19:29 PM     2014 NRRDA, All rights reserved"
Pradhan Mantri Gram Sadak Yojana,Monthly Report Format for Physical & Financial Progress under PMGSY,State: Arunachal Pradesh     District: All Districts     Block: All Blocks     Year: 2020     Month: January     Collaboration: All Collaborations     Agency:  Rural Works Department   Scheme: All Scheme,Note : All Costs and Expenditures in Lakhs and Length in Kms.,Clearance,Progress During Month,Cumulative Progress,New Connectivity,Upgradation,Total,New Connectivity,Upgradation,Total,New Connectivity,Upgradation,Total,Sr.No.,Sanction Year,Nos.,Length,Cost,1000+,999-500,499-250 (Eligible),Nos.,Length,Cost,LSB Nos.,Road Nos.,Road Length,Cost,Funds Released,Nos.,Length,Expenditure,1000+,999-500,499-250 (Eligible),Nos.,Length,Expenditure,Nos.,Length,Expenditure,Nos.,Length,Expenditure,1000+,999-500,499-250 (Eligible),Nos.,Length,Expenditure,LSB Nos.,Road Nos.,Road Length,Expenditure,Tawang,2008 - 2009,11,103.722,"9,403.69",0,1,3,0,0,0.000,0.00,0,11,103.722,"9,403.69",0.00,0,0.000,"9,115.78",0,0,0,0,0,0.000,0.00,0,0.000,"9,115.78",11,103.722,"9,115.78",0,1,3,0,0,0.000,0.00,0,11,103.722,"9,115.78",Total,71,700.784,"65,428.76",0,9,13,0,13,74.510,"6,042.49",5,84,775.294,"71,471.25",0.00,0,10.500,"31,115.01",0,0,0,0,0,0.000,0.00,0,10.500,"31,452.70",44,469.322,"31,550.19",0,8,11,0,0,0.000,0.00,1,44,469.322,"31,887.88",Grand Total,"1,387","14,515.167","11,73,314.32",49,126,466,0,276,"2,265.694","2,16,564.43",303,"1,663","16,780.861","13,89,878.75",0.00,3,178.791,"4,73,770.52",0,0,3,0,0,10.600,"6,077.44",3,189.391,"4,92,131.11",883,"8,265.337","4,89,536.36",49,119,331,0,9,90.615,"6,948.40",34,892,"8,355.952","5,09,288.08","Page 1 of 1     Generated on : 12/03/2025 19:29 PM     2014 NRRDA, All rights reserved"
Pradhan Mantri Gram Sadak Yojana,Monthly Report Format for Physical & Financial Progress under PMGSY,State: Arunachal Pradesh     District: All Districts     Block: All Blocks     Year: 2020     Month: January     Collaboration: All Collaborations     Agency:  Rural Works Department   Scheme: All Scheme,Note : All Costs and Expenditures in Lakhs and Length in Kms.,Clearance,Progress During Month,Cumulative Progress,New Connectivity,Upgradation,Total,New Connectivity,Upgradation,Total,New Connectivity,Upgradation,Total,Sr.No.,Sanction Year,Nos.,Length,Cost,1000+,999-500,499-250 (Eligible),Nos.,Length,Cost,LSB Nos.,Road Nos.,Road Length,Cost,Funds Released,Nos.,Length,Expenditure,1000+,999-500,499-250 (Eligible),Nos.,Length,Expenditure,Nos.,Length,Expenditure,Nos.,Length,Expenditure,1000+,999-500,499-250 (Eligible),Nos.,Length,Expenditure,LSB Nos.,Road Nos.,Road Length,Expenditure,Tawang,2009 - 2010,2,19.640,"2,411.45",0,1,0,0,0,0.000,0.00,1,2,19.640,"2,411.45",0.00,0,0.000,"1,397.47",0,0,0,0,0,0.000,0.00,0,0.000,"1,611.64",1,15.400,"1,397.47",0,0,0,0,0,0.000,0.00,1,1,15.400,"1,611.64",Total,71,700.784,"65,428.76",0,9,13,0,13,74.510,"6,042.49",5,84,775.294,"71,471.25",0.00,0,10.500,"31,115.01",0,0,0,0,0,0.000,0.00,0,10.500,"31,452.70",44,469.322,"31,550.19",0,8,11,0,0,0.000,0.00,1,44,469.322,"31,887.88",Grand Total,"1,387","14,515.167","11,73,314.32",49,126,466,0,276,"2,265.694","2,16,564.43",303,"1,663","16,780.861","13,89,878.75",0.00,3,178.791,"4,73,770.52",0,0,3,0,0,10.600,"6,077.44",3,189.391,"4,92,131.11",883,"8,265.337","4,89,536.36",49,119,331,0,9,90.615,"6,948.40",34,892,"8,355.952","5,09,288.08","Page 1 of 1     Generated on : 12/03/2025 19:29 PM     2014 NRRDA, All rights reserved"
Pradhan Mantri Gram Sadak Yojana,Monthly Report Format for Physical & Financial Progress under PMGSY,State: Arunachal Pradesh     District: All Districts     Block: All Blocks     Year: 2020     Month: January     Collaboration: All Collaborations     Agency:  Rural Works Department   Scheme: All Scheme,Note : All Costs and Expenditures in Lakhs and Length in Kms.,Clearance,Progress During Month,Cumulative Progress,New Connectivity,Upgradation,Total,New Connectivity,Upgradation,Total,New Connectivity,Upgradation,Total,Sr.No.,Sanction Year,Nos.,Length,Cost,1000+,999-500,499-250 (Eligible),Nos.,Length,Cost,LSB Nos.,Road Nos.,Road Length,Cost,Funds Released,Nos.,Length,Expenditure,1000+,999-500,499-250 (Eligible),Nos.,Length,Expenditure,Nos.,Length,Expenditure,Nos.,Length,Expenditure,1000+,999-500,499-250 (Eligible),Nos.,Length,Expenditure,LSB Nos.,Road Nos.,Road Length,Expenditure,Tawang,2012 - 2013,3,42.700,"3,039.88",0,0,0,0,0,0.000,0.00,1,3,42.700,"3,039.88",0.00,0,0.000,"2,904.60",0,0,0,0,0,0.000,0.00,0,0.000,"3,028.12",3,42.700,"2,904.60",0,0,0,0,0,0.000,0.00,0,3,42.700,"3,028.12",Total,71,700.784,"65,428.76",0,9,13,0,13,74.510,"6,042.49",5,84,775.294,"71,471.25",0.00,0,10.500,"31,115.01",0,0,0,0,0,0.000,0.00,0,10.500,"31,452.70",44,469.322,"31,550.19",0,8,11,0,0,0.000,0.00,1,44,469.322,"31,887.88",Grand Total,"1,387","14,515.167","11,73,314.32",49,126,466,0,276,"2,265.694","2,16,564.43",303,"1,663","16,780.861","13,89,878.75",0.00,3,178.791,"4,73,770.52",0,0,3,0,0,10.600,"6,077.44",3,189.391,"4,92,131.11",883,"8,265.337","4,89,536.36",49,119,331,0,9,90.615,"6,948.40",34,892,"8,355.952","5,09,288.08","Page 1 of 1     Generated on : 12/03/2025 19:29 PM     2014 NRRDA, All rights reserved"
Pradhan Mantri Gram Sadak Yojana,Monthly Report Format for Physical & Financial Progress under PMGSY,State: Arunachal Pradesh     District: All Districts     Block: All Blocks     Year: 2020     Month: January     Collaboration: All Collaborations     Agency:  Rural Works Department   Scheme: All Scheme,Note : All Costs and Expenditures in Lakhs and Length in Kms.,Clearance,Progress During Month,Cumulative Progress,New Connectivity,Upgradation,Total,New Connectivity,Upgradation,Total,New Connectivity,Upgradation,Total,Sr.No.,Sanction Year,Nos.,Length,Cost,1000+,999-500,499-250 (Eligible),Nos.,Length,Cost,LSB Nos.,Road Nos.,Road Length,Cost,Funds Released,Nos.,Length,Expenditure,1000+,999-500,499-250 (Eligible),Nos.,Length,Expenditure,Nos.,Length,Expenditure,Nos.,Length,Expenditure,1000+,999-500,499-250 (Eligible),Nos.,Length,Expenditure,LSB Nos.,Road Nos.,Road Length,Expenditure,Tawang,2016 - 2017,1,5.490,537.72,0,0,1,0,0,0.000,0.00,0,1,5.490,537.72,0.00,0,0.500,210.22,0,0,0,0,0,0.000,0.00,0,0.500,210.22,0,3.500,210.22,0,0,0,0,0,0.000,0.00,0,0,3.500,210.22,Total,71,700.784,"65,428.76",0,9,13,0,13,74.510,"6,042.49",5,84,775.294,"71,471.25",0.00,0,10.500,"31,115.01",0,0,0,0,0,0.000,0.00,0,10.500,"31,452.70",44,469.322,"31,550.19",0,8,11,0,0,0.000,0.00,1,44,469.322,"31,887.88",Grand Total,"1,387","14,515.167","11,73,314.32",49,126,466,0,276,"2,265.694","2,16,564.43",303,"1,663","16,780.861","13,89,878.75",0.00,3,178.791,"4,73,770.52",0,0,3,0,0,10.600,"6,077.44",3,189.391,"4,92,131.11",883,"8,265.337","4,89,536.36",49,119,331,0,9,90.615,"6,948.40",34,892,"8,355.952","5,09,288.08","Page 1 of 1     Generated on : 12/03/2025 19:29 PM     2014 NRRDA, All rights reserved"
Pradhan Mantri Gram Sadak Yojana,Monthly Report Format for Physical & Financial Progress under PMGSY,State: Arunachal Pradesh     District: All Districts     Block: All Blocks     Year: 2020     Month: January     Collaboration: All Collaborations     Agency:  Rural Works Department   Scheme: All Scheme,Note : All Costs and Expenditures in Lakhs and Length in Kms.,Clearance,Progress During Month,Cumulative Progress,New Connectivity,Upgradation,Total,New Connectivity,Upgradation,Total,New Connectivity,Upgradation,Total,Sr.No.,Sanction Year,Nos.,Length,Cost,1000+,999-500,499-250 (Eligible),Nos.,Length,Cost,LSB Nos.,Road Nos.,Road Length,Cost,Funds Released,Nos.,Length,Expenditure,1000+,999-500,499-250 (Eligible),Nos.,Length,Expenditure,Nos.,Length,Expenditure,Nos.,Length,Expenditure,1000+,999-500,499-250 (Eligible),Nos.,Length,Expenditure,LSB Nos.,Road Nos.,Road Length,Expenditure,Tawang,2017 - 2018,10,119.012,"11,038.78",0,0,1,0,0,0.000,0.00,3,10,119.012,"11,038.78",0.00,0,8.000,"1,582.93",0,0,0,0,0,0.000,0.00,0,8.000,"1,582.93",0,45.000,"2,018.11",0,0,0,0,0,0.000,0.00,0,0,45.000,"2,018.11",Total,71,700.784,"65,428.76",0,9,13,0,13,74.510,"6,042.49",5,84,775.294,"71,471.25",0.00,0,10.500,"31,115.01",0,0,0,0,0,0.000,0.00,0,10.500,"31,452.70",44,469.322,"31,550.19",0,8,11,0,0,0.000,0.00,1,44,469.322,"31,887.88",Grand Total,"1,387","14,515.167","11,73,314.32",49,126,466,0,276,"2,265.694","2,16,564.43",303,"1,663","16,780.861","13,89,878.75",0.00,3,178.791,"4,73,770.52",0,0,3,0,0,10.600,"6,077.44",3,189.391,"4,92,131.11",883,"8,265.337","4,89,536.36",49,119,331,0,9,90.615,"6,948.40",34,892,"8,355.952","5,09,288.08","Page 1 of 1     Generated on : 12/03/2025 19:29 PM     2014 NRRDA, All rights reserved"
Pradhan Mantri Gram Sadak Yojana,Monthly Report Format for Physical & Financial Progress under PMGSY,State: Arunachal Pradesh     District: All Districts     Block: All Blocks     Year: 2020     Month: January     Collaboration: All Collaborations     Agency:  Rural Works Department   Scheme: All Scheme,Note : All Costs and Expenditures in Lakhs and Length in Kms.,Clearance,Progress During Month,Cumulative Progress,New Connectivity,Upgradation,Total,New Connectivity,Upgradation,Total,New Connectivity,Upgradation,Total,Sr.No.,Sanction Year,Nos.,Length,Cost,1000+,999-500,499-250 (Eligible),Nos.,Length,Cost,LSB Nos.,Road Nos.,Road Length,Cost,Funds Released,Nos.,Length,Expenditure,1000+,999-500,499-250 (Eligible),Nos.,Length,Expenditure,Nos.,Length,Expenditure,Nos.,Length,Expenditure,1000+,999-500,499-250 (Eligible),Nos.,Length,Expenditure,LSB Nos.,Road Nos.,Road Length,Expenditure,Tawang,2018 - 2019,3,60.810,"2,953.23",0,0,0,0,0,0.000,0.00,0,3,60.810,"2,953.23",0.00,0,2.000,0.00,0,0,0,0,0,0.000,0.00,0,2.000,0.00,0,2.000,,0,0,0,0,0,0.000,0.00,0,0,2.000,0.00,Total,71,700.784,"65,428.76",0,9,13,0,13,74.510,"6,042.49",5,84,775.294,"71,471.25",0.00,0,10.500,"31,115.01",0,0,0,0,0,0.000,0.00,0,10.500,"31,452.70",44,469.322,"31,550.19",0,8,11,0,0,0.000,0.00,1,44,469.322,"31,887.88",Grand Total,"1,387","14,515.167","11,73,314.32",49,126,466,0,276,"2,265.694","2,16,564.43",303,"1,663","16,780.861","13,89,878.75",0.00,3,178.791,"4,73,770.52",0,0,3,0,0,10.600,"6,077.44",3,189.391,"4,92,131.11",883,"8,265.337","4,89,536.36",49,119,331,0,9,90.615,"6,948.40",34,892,"8,355.952","5,09,288.08","Page 1 of 1     Generated on : 12/03/2025 19:29 PM     2014 NRRDA, All rights reserved"
Pradhan Mantri Gram Sadak Yojana,Monthly Report Format for Physical & Financial Progress under PMGSY,State: Arunachal Pradesh     District: All Districts     Block: All Blocks     Year: 2020     Month: January     Collaboration: All Collaborations     Agency:  Rural Works Department   Scheme: All Scheme,Note : All Costs and Expenditures in Lakhs and Length in Kms.,Clearance,Progress During Month,Cumulative Progress,New Connectivity,Upgradation,Total,New Connectivity,Upgradation,Total,New Connectivity,Upgradation,Total,Sr.No.,Sanction Year,Nos.,Length,Cost,1000+,999-500,499-250 (Eligible),Nos.,Length,Cost,LSB Nos.,Road Nos.,Road Length,Cost,Funds Released,Nos.,Length,Expenditure,1000+,999-500,499-250 (Eligible),Nos.,Length,Expenditure,Nos.,Length,Expenditure,Nos.,Length,Expenditure,1000+,999-500,499-250 (Eligible),Nos.,Length,Expenditure,LSB Nos.,Road Nos.,Road Length,Expenditure,Tawang,2019 - 2020,0,0.000,0.00,0,0,0,0,7,36.890,"2,247.46",0,7,36.890,"2,247.46",0.00,0,0.000,0.00,0,0,0,0,0,0.000,0.00,0,0.000,0.00,0,0.000,,0,0,0,0,0,0.000,0.00,0,0,0.000,0.00,Total,71,700.784,"65,428.76",0,9,13,0,13,74.510,"6,042.49",5,84,775.294,"71,471.25",0.00,0,10.500,"31,115.01",0,0,0,0,0,0.000,0.00,0,10.500,"31,452.70",44,469.322,"31,550.19",0,8,11,0,0,0.000,0.00,1,44,469.322,"31,887.88",Grand Total,"1,387","14,515.167","11,73,314.32",49,126,466,0,276,"2,265.694","2,16,564.43",303,"1,663","16,780.861","13,89,878.75",0.00,3,178.791,"4,73,770.52",0,0,3,0,0,10.600,"6,077.44",3,189.391,"4,92,131.11",883,"8,265.337","4,89,536.36",49,119,331,0,9,90.615,"6,948.40",34,892,"8,355.952","5,09,288.08","Page 1 of 1     Generated on : 12/03/2025 19:29 PM     2014 NRRDA, All rights reserved"
Pradhan Mantri Gram Sadak Yojana,Monthly Report Format for Physical & Financial Progress under PMGSY,State: Arunachal Pradesh     District: All Districts     Block: All Blocks     Year: 2020     Month: January     Collaboration: All Collaborations     Agency:  Rural Works Department   Scheme: All Scheme,Note : All Costs and Expenditures in Lakhs and Length in Kms.,Clearance,Progress During Month,Cumulative Progress,New Connectivity,Upgradation,Total,New Connectivity,Upgradation,Total,New Connectivity,Upgradation,Total,Sr.No.,Sanction Year,Nos.,Length,Cost,1000+,999-500,499-250 (Eligible),Nos.,Length,Cost,LSB Nos.,Road Nos.,Road Length,Cost,Funds Released,Nos.,Length,Expenditure,1000+,999-500,499-250 (Eligible),Nos.,Length,Expenditure,Nos.,Length,Expenditure,Nos.,Length,Expenditure,1000+,999-500,499-250 (Eligible),Nos.,Length,Expenditure,LSB Nos.,Road Nos.,Road Length,Expenditure,Tawang,2023 - 2024,12,92.410,"20,022.72",0,0,0,0,5,29.120,"3,059.56",0,17,121.530,"23,082.28",0.00,0,0.000,0.00,0,0,0,0,0,0.000,0.00,0,0.000,0.00,0,0.000,,0,0,0,0,0,0.000,0.00,0,0,0.000,0.00,Total,71,700.784,"65,428.76",0,9,13,0,13,74.510,"6,042.49",5,84,775.294,"71,471.25",0.00,0,10.500,"31,115.01",0,0,0,0,0,0.000,0.00,0,10.500,"31,452.70",44,469.322,"31,550.19",0,8,11,0,0,0.000,0.00,1,44,469.322,"31,887.88",Grand Total,"1,387","14,515.167","11,73,314.32",49,126,466,0,276,"2,265.694","2,16,564.43",303,"1,663","16,780.861","13,89,878.75",0.00,3,178.791,"4,73,770.52",0,0,3,0,0,10.600,"6,077.44",3,189.391,"4,92,131.11",883,"8,265.337","4,89,536.36",49,119,331,0,9,90.615,"6,948.40",34,892,"8,355.952","5,09,288.08","Page 1 of 1     Generated on : 12/03/2025 19:29 PM     2014 NRRDA, All rights reserved"
Pradhan Mantri Gram Sadak Yojana,Monthly Report Format for Physical & Financial Progress under PMGSY,State: Arunachal Pradesh     District: All Districts     Block: All Blocks     Year: 2020     Month: January     Collaboration: All Collaborations     Agency:  Rural Works Department   Scheme: All Scheme,Note : All Costs and Expenditures in Lakhs and Length in Kms.,Clearance,Progress During Month,Cumulative Progress,New Connectivity,Upgradation,Total,New Connectivity,Upgradation,Total,New Connectivity,Upgradation,Total,Sr.No.,Sanction Year,Nos.,Length,Cost,1000+,999-500,499-250 (Eligible),Nos.,Length,Cost,LSB Nos.,Road Nos.,Road Length,Cost,Funds Released,Nos.,Length,Expenditure,1000+,999-500,499-250 (Eligible),Nos.,Length,Expenditure,Nos.,Length,Expenditure,Nos.,Length,Expenditure,1000+,999-500,499-250 (Eligible),Nos.,Length,Expenditure,LSB Nos.,Road Nos.,Road Length,Expenditure,Tawang,2024 - 2025,0,0.000,0.00,0,0,0,0,1,8.500,735.47,0,1,8.500,735.47,0.00,0,0.000,0.00,0,0,0,0,0,0.000,0.00,0,0.000,0.00,0,0.000,,0,0,0,0,0,0.000,0.00,0,0,0.000,0.00,Total,71,700.784,"65,428.76",0,9,13,0,13,74.510,"6,042.49",5,84,775.294,"71,471.25",0.00,0,10.500,"31,115.01",0,0,0,0,0,0.000,0.00,0,10.500,"31,452.70",44,469.322,"31,550.19",0,8,11,0,0,0.000,0.00,1,44,469.322,"31,887.88",Grand Total,"1,387","14,515.167","11,73,314.32",49,126,466,0,276,"2,265.694","2,16,564.43",303,"1,663","16,780.861","13,89,878.75",0.00,3,178.791,"4,73,770.52",0,0,3,0,0,10.600,"6,077.44",3,189.391,"4,92,131.11",883,"8,265.337","4,89,536.36",49,119,331,0,9,90.615,"6,948.40",34,892,"8,355.952","5,09,288.08","Page 1 of 1     Generated on : 12/03/2025 19:29 PM     2014 NRRDA, All rights reserved"
Pradhan Mantri Gram Sadak Yojana,Monthly Report Format for Physical & Financial Progress under PMGSY,State: Arunachal Pradesh     District: All Districts     Block: All Blocks     Year: 2020     Month: January     Collaboration: All Collaborations     Agency:  Rural Works Department   Scheme: All Scheme,Note : All Costs and Expenditures in Lakhs and Length in Kms.,Clearance,Progress During Month,Cumulative Progress,New Connectivity,Upgradation,Total,New Connectivity,Upgradation,Total,New Connectivity,Upgradation,Total,Sr.No.,Sanction Year,Nos.,Length,Cost,1000+,999-500,499-250 (Eligible),Nos.,Length,Cost,LSB Nos.,Road Nos.,Road Length,Cost,Funds Released,Nos.,Length,Expenditure,1000+,999-500,499-250 (Eligible),Nos.,Length,Expenditure,Nos.,Length,Expenditure,Nos.,Length,Expenditure,1000+,999-500,499-250 (Eligible),Nos.,Length,Expenditure,LSB Nos.,Road Nos.,Road Length,Expenditure,Tirap,2000 - 2001,15,25.010,245.93,0,0,3,0,0,0.000,0.00,0,15,25.010,245.93,0.00,0,0.000,245.93,0,0,0,0,0,0.000,0.00,0,0.000,245.93,15,25.010,245.93,0,0,3,0,0,0.000,0.00,0,15,25.010,245.93,Total,90,552.610,"29,311.27",4,8,28,0,8,88.420,"5,899.64",5,98,641.030,"35,210.91",0.00,0,14.800,"19,380.73",0,0,0,0,0,2.500,253.59,0,17.300,"19,984.80",70,456.480,"19,380.73",4,8,25,0,0,2.500,253.59,0,70,458.980,"19,984.80",Grand Total,"1,387","14,515.167","11,73,314.32",49,126,466,0,276,"2,265.694","2,16,564.43",303,"1,663","16,780.861","13,89,878.75",0.00,3,178.791,"4,73,770.52",0,0,3,0,0,10.600,"6,077.44",3,189.391,"4,92,131.11",883,"8,265.337","4,89,536.36",49,119,331,0,9,90.615,"6,948.40",34,892,"8,355.952","5,09,288.08","Page 1 of 1     Generated on : 12/03/2025 19:29 PM     2014 NRRDA, All rights reserved"
Pradhan Mantri Gram Sadak Yojana,Monthly Report Format for Physical & Financial Progress under PMGSY,State: Arunachal Pradesh     District: All Districts     Block: All Blocks     Year: 2020     Month: January     Collaboration: All Collaborations     Agency:  Rural Works Department   Scheme: All Scheme,Note : All Costs and Expenditures in Lakhs and Length in Kms.,Clearance,Progress During Month,Cumulative Progress,New Connectivity,Upgradation,Total,New Connectivity,Upgradation,Total,New Connectivity,Upgradation,Total,Sr.No.,Sanction Year,Nos.,Length,Cost,1000+,999-500,499-250 (Eligible),Nos.,Length,Cost,LSB Nos.,Road Nos.,Road Length,Cost,Funds Released,Nos.,Length,Expenditure,1000+,999-500,499-250 (Eligible),Nos.,Length,Expenditure,Nos.,Length,Expenditure,Nos.,Length,Expenditure,1000+,999-500,499-250 (Eligible),Nos.,Length,Expenditure,LSB Nos.,Road Nos.,Road Length,Expenditure,Tirap,2001 - 2002,10,58.000,661.91,1,2,5,0,0,0.000,0.00,0,10,58.000,661.91,0.00,0,0.000,661.91,0,0,0,0,0,0.000,0.00,0,0.000,661.91,10,58.000,661.91,1,2,5,0,0,0.000,0.00,0,10,58.000,661.91,Total,90,552.610,"29,311.27",4,8,28,0,8,88.420,"5,899.64",5,98,641.030,"35,210.91",0.00,0,14.800,"19,380.73",0,0,0,0,0,2.500,253.59,0,17.300,"19,984.80",70,456.480,"19,380.73",4,8,25,0,0,2.500,253.59,0,70,458.980,"19,984.80",Grand Total,"1,387","14,515.167","11,73,314.32",49,126,466,0,276,"2,265.694","2,16,564.43",303,"1,663","16,780.861","13,89,878.75",0.00,3,178.791,"4,73,770.52",0,0,3,0,0,10.600,"6,077.44",3,189.391,"4,92,131.11",883,"8,265.337","4,89,536.36",49,119,331,0,9,90.615,"6,948.40",34,892,"8,355.952","5,09,288.08","Page 1 of 1     Generated on : 12/03/2025 19:29 PM     2014 NRRDA, All rights reserved"
Pradhan Mantri Gram Sadak Yojana,Monthly Report Format for Physical & Financial Progress under PMGSY,State: Arunachal Pradesh     District: All Districts     Block: All Blocks     Year: 2020     Month: January     Collaboration: All Collaborations     Agency:  Rural Works Department   Scheme: All Scheme,Note : All Costs and Expenditures in Lakhs and Length in Kms.,Clearance,Progress During Month,Cumulative Progress,New Connectivity,Upgradation,Total,New Connectivity,Upgradation,Total,New Connectivity,Upgradation,Total,Sr.No.,Sanction Year,Nos.,Length,Cost,1000+,999-500,499-250 (Eligible),Nos.,Length,Cost,LSB Nos.,Road Nos.,Road Length,Cost,Funds Released,Nos.,Length,Expenditure,1000+,999-500,499-250 (Eligible),Nos.,Length,Expenditure,Nos.,Length,Expenditure,Nos.,Length,Expenditure,1000+,999-500,499-250 (Eligible),Nos.,Length,Expenditure,LSB Nos.,Road Nos.,Road Length,Expenditure,Tirap,2004 - 2005,7,42.500,"1,094.78",2,2,3,0,0,0.000,0.00,0,7,42.500,"1,094.78",0.00,0,0.000,"1,086.63",0,0,0,0,0,0.000,0.00,0,0.000,"1,086.63",7,42.500,"1,086.63",2,2,3,0,0,0.000,0.00,0,7,42.500,"1,086.63",Total,90,552.610,"29,311.27",4,8,28,0,8,88.420,"5,899.64",5,98,641.030,"35,210.91",0.00,0,14.800,"19,380.73",0,0,0,0,0,2.500,253.59,0,17.300,"19,984.80",70,456.480,"19,380.73",4,8,25,0,0,2.500,253.59,0,70,458.980,"19,984.80",Grand Total,"1,387","14,515.167","11,73,314.32",49,126,466,0,276,"2,265.694","2,16,564.43",303,"1,663","16,780.861","13,89,878.75",0.00,3,178.791,"4,73,770.52",0,0,3,0,0,10.600,"6,077.44",3,189.391,"4,92,131.11",883,"8,265.337","4,89,536.36",49,119,331,0,9,90.615,"6,948.40",34,892,"8,355.952","5,09,288.08","Page 1 of 1     Generated on : 12/03/2025 19:29 PM     2014 NRRDA, All rights reserved"
Pradhan Mantri Gram Sadak Yojana,Monthly Report Format for Physical & Financial Progress under PMGSY,State: Arunachal Pradesh     District: All Districts     Block: All Blocks     Year: 2020     Month: January     Collaboration: All Collaborations     Agency:  Rural Works Department   Scheme: All Scheme,Note : All Costs and Expenditures in Lakhs and Length in Kms.,Clearance,Progress During Month,Cumulative Progress,New Connectivity,Upgradation,Total,New Connectivity,Upgradation,Total,New Connectivity,Upgradation,Total,Sr.No.,Sanction Year,Nos.,Length,Cost,1000+,999-500,499-250 (Eligible),Nos.,Length,Cost,LSB Nos.,Road Nos.,Road Length,Cost,Funds Released,Nos.,Length,Expenditure,1000+,999-500,499-250 (Eligible),Nos.,Length,Expenditure,Nos.,Length,Expenditure,Nos.,Length,Expenditure,1000+,999-500,499-250 (Eligible),Nos.,Length,Expenditure,LSB Nos.,Road Nos.,Road Length,Expenditure,Tirap,2005 - 2006,5,28.850,938.78,1,4,0,0,0,0.000,0.00,0,5,28.850,938.78,0.00,0,0.000,"1,004.31",0,0,0,0,0,0.000,0.00,0,0.000,"1,004.31",5,28.850,"1,004.31",1,4,0,0,0,0.000,0.00,0,5,28.850,"1,004.31",Total,90,552.610,"29,311.27",4,8,28,0,8,88.420,"5,899.64",5,98,641.030,"35,210.91",0.00,0,14.800,"19,380.73",0,0,0,0,0,2.500,253.59,0,17.300,"19,984.80",70,456.480,"19,380.73",4,8,25,0,0,2.500,253.59,0,70,458.980,"19,984.80",Grand Total,"1,387","14,515.167","11,73,314.32",49,126,466,0,276,"2,265.694","2,16,564.43",303,"1,663","16,780.861","13,89,878.75",0.00,3,178.791,"4,73,770.52",0,0,3,0,0,10.600,"6,077.44",3,189.391,"4,92,131.11",883,"8,265.337","4,89,536.36",49,119,331,0,9,90.615,"6,948.40",34,892,"8,355.952","5,09,288.08","Page 1 of 1     Generated on : 12/03/2025 19:29 PM     2014 NRRDA, All rights reserved"
Pradhan Mantri Gram Sadak Yojana,Monthly Report Format for Physical & Financial Progress under PMGSY,State: Arunachal Pradesh     District: All Districts     Block: All Blocks     Year: 2020     Month: January     Collaboration: All Collaborations     Agency:  Rural Works Department   Scheme: All Scheme,Note : All Costs and Expenditures in Lakhs and Length in Kms.,Clearance,Progress During Month,Cumulative Progress,New Connectivity,Upgradation,Total,New Connectivity,Upgradation,Total,New Connectivity,Upgradation,Total,Sr.No.,Sanction Year,Nos.,Length,Cost,1000+,999-500,499-250 (Eligible),Nos.,Length,Cost,LSB Nos.,Road Nos.,Road Length,Cost,Funds Released,Nos.,Length,Expenditure,1000+,999-500,499-250 (Eligible),Nos.,Length,Expenditure,Nos.,Length,Expenditure,Nos.,Length,Expenditure,1000+,999-500,499-250 (Eligible),Nos.,Length,Expenditure,LSB Nos.,Road Nos.,Road Length,Expenditure,Tirap,2007 - 2008,18,122.420,"6,360.00",0,0,9,0,0,0.000,0.00,0,18,122.420,"6,360.00",0.00,0,0.000,"6,282.90",0,0,0,0,0,0.000,0.00,0,0.000,"6,282.90",18,122.450,"6,282.90",0,0,9,0,0,0.000,0.00,0,18,122.450,"6,282.90",Total,90,552.610,"29,311.27",4,8,28,0,8,88.420,"5,899.64",5,98,641.030,"35,210.91",0.00,0,14.800,"19,380.73",0,0,0,0,0,2.500,253.59,0,17.300,"19,984.80",70,456.480,"19,380.73",4,8,25,0,0,2.500,253.59,0,70,458.980,"19,984.80",Grand Total,"1,387","14,515.167","11,73,314.32",49,126,466,0,276,"2,265.694","2,16,564.43",303,"1,663","16,780.861","13,89,878.75",0.00,3,178.791,"4,73,770.52",0,0,3,0,0,10.600,"6,077.44",3,189.391,"4,92,131.11",883,"8,265.337","4,89,536.36",49,119,331,0,9,90.615,"6,948.40",34,892,"8,355.952","5,09,288.08","Page 1 of 1     Generated on : 12/03/2025 19:29 PM     2014 NRRDA, All rights reserved"
Pradhan Mantri Gram Sadak Yojana,Monthly Report Format for Physical & Financial Progress under PMGSY,State: Arunachal Pradesh     District: All Districts     Block: All Blocks     Year: 2020     Month: January     Collaboration: All Collaborations     Agency:  Rural Works Department   Scheme: All Scheme,Note : All Costs and Expenditures in Lakhs and Length in Kms.,Clearance,Progress During Month,Cumulative Progress,New Connectivity,Upgradation,Total,New Connectivity,Upgradation,Total,New Connectivity,Upgradation,Total,Sr.No.,Sanction Year,Nos.,Length,Cost,1000+,999-500,499-250 (Eligible),Nos.,Length,Cost,LSB Nos.,Road Nos.,Road Length,Cost,Funds Released,Nos.,Length,Expenditure,1000+,999-500,499-250 (Eligible),Nos.,Length,Expenditure,Nos.,Length,Expenditure,Nos.,Length,Expenditure,1000+,999-500,499-250 (Eligible),Nos.,Length,Expenditure,LSB Nos.,Road Nos.,Road Length,Expenditure,Tirap,2008 - 2009,4,35.490,"2,095.78",0,0,4,0,0,0.000,0.00,0,4,35.490,"2,095.78",0.00,0,0.000,"2,028.00",0,0,0,0,0,0.000,0.00,0,0.000,"2,028.00",4,35.490,"2,028.00",0,0,4,0,0,0.000,0.00,0,4,35.490,"2,028.00",Total,90,552.610,"29,311.27",4,8,28,0,8,88.420,"5,899.64",5,98,641.030,"35,210.91",0.00,0,14.800,"19,380.73",0,0,0,0,0,2.500,253.59,0,17.300,"19,984.80",70,456.480,"19,380.73",4,8,25,0,0,2.500,253.59,0,70,458.980,"19,984.80",Grand Total,"1,387","14,515.167","11,73,314.32",49,126,466,0,276,"2,265.694","2,16,564.43",303,"1,663","16,780.861","13,89,878.75",0.00,3,178.791,"4,73,770.52",0,0,3,0,0,10.600,"6,077.44",3,189.391,"4,92,131.11",883,"8,265.337","4,89,536.36",49,119,331,0,9,90.615,"6,948.40",34,892,"8,355.952","5,09,288.08","Page 1 of 1     Generated on : 12/03/2025 19:29 PM     2014 NRRDA, All rights reserved"
Pradhan Mantri Gram Sadak Yojana,Monthly Report Format for Physical & Financial Progress under PMGSY,State: Arunachal Pradesh     District: All Districts     Block: All Blocks     Year: 2020     Month: January     Collaboration: All Collaborations     Agency:  Rural Works Department   Scheme: All Scheme,Note : All Costs and Expenditures in Lakhs and Length in Kms.,Clearance,Progress During Month,Cumulative Progress,New Connectivity,Upgradation,Total,New Connectivity,Upgradation,Total,New Connectivity,Upgradation,Total,Sr.No.,Sanction Year,Nos.,Length,Cost,1000+,999-500,499-250 (Eligible),Nos.,Length,Cost,LSB Nos.,Road Nos.,Road Length,Cost,Funds Released,Nos.,Length,Expenditure,1000+,999-500,499-250 (Eligible),Nos.,Length,Expenditure,Nos.,Length,Expenditure,Nos.,Length,Expenditure,1000+,999-500,499-250 (Eligible),Nos.,Length,Expenditure,LSB Nos.,Road Nos.,Road Length,Expenditure,Tirap,2012 - 2013,11,64.360,"3,799.79",0,0,0,0,0,0.000,0.00,1,11,64.360,"3,799.79",0.00,0,0.000,"2,890.68",0,0,0,0,0,0.000,0.00,0,0.000,"3,241.16",7,59.390,"2,890.68",0,0,0,0,0,0.000,0.00,0,7,59.390,"3,241.16",Total,90,552.610,"29,311.27",4,8,28,0,8,88.420,"5,899.64",5,98,641.030,"35,210.91",0.00,0,14.800,"19,380.73",0,0,0,0,0,2.500,253.59,0,17.300,"19,984.80",70,456.480,"19,380.73",4,8,25,0,0,2.500,253.59,0,70,458.980,"19,984.80",Grand Total,"1,387","14,515.167","11,73,314.32",49,126,466,0,276,"2,265.694","2,16,564.43",303,"1,663","16,780.861","13,89,878.75",0.00,3,178.791,"4,73,770.52",0,0,3,0,0,10.600,"6,077.44",3,189.391,"4,92,131.11",883,"8,265.337","4,89,536.36",49,119,331,0,9,90.615,"6,948.40",34,892,"8,355.952","5,09,288.08","Page 1 of 1     Generated on : 12/03/2025 19:29 PM     2014 NRRDA, All rights reserved"
Pradhan Mantri Gram Sadak Yojana,Monthly Report Format for Physical & Financial Progress under PMGSY,State: Arunachal Pradesh     District: All Districts     Block: All Blocks     Year: 2020     Month: January     Collaboration: All Collaborations     Agency:  Rural Works Department   Scheme: All Scheme,Note : All Costs and Expenditures in Lakhs and Length in Kms.,Clearance,Progress During Month,Cumulative Progress,New Connectivity,Upgradation,Total,New Connectivity,Upgradation,Total,New Connectivity,Upgradation,Total,Sr.No.,Sanction Year,Nos.,Length,Cost,1000+,999-500,499-250 (Eligible),Nos.,Length,Cost,LSB Nos.,Road Nos.,Road Length,Cost,Funds Released,Nos.,Length,Expenditure,1000+,999-500,499-250 (Eligible),Nos.,Length,Expenditure,Nos.,Length,Expenditure,Nos.,Length,Expenditure,1000+,999-500,499-250 (Eligible),Nos.,Length,Expenditure,LSB Nos.,Road Nos.,Road Length,Expenditure,Tirap,2013 - 2014,1,6.930,585.73,0,0,1,0,0,0.000,0.00,0,1,6.930,585.73,0.00,0,0.000,556.44,0,0,0,0,0,0.000,0.00,0,0.000,556.44,1,6.930,556.44,0,0,1,0,0,0.000,0.00,0,1,6.930,556.44,Total,90,552.610,"29,311.27",4,8,28,0,8,88.420,"5,899.64",5,98,641.030,"35,210.91",0.00,0,14.800,"19,380.73",0,0,0,0,0,2.500,253.59,0,17.300,"19,984.80",70,456.480,"19,380.73",4,8,25,0,0,2.500,253.59,0,70,458.980,"19,984.80",Grand Total,"1,387","14,515.167","11,73,314.32",49,126,466,0,276,"2,265.694","2,16,564.43",303,"1,663","16,780.861","13,89,878.75",0.00,3,178.791,"4,73,770.52",0,0,3,0,0,10.600,"6,077.44",3,189.391,"4,92,131.11",883,"8,265.337","4,89,536.36",49,119,331,0,9,90.615,"6,948.40",34,892,"8,355.952","5,09,288.08","Page 1 of 1     Generated on : 12/03/2025 19:29 PM     2014 NRRDA, All rights reserved"
Pradhan Mantri Gram Sadak Yojana,Monthly Report Format for Physical & Financial Progress under PMGSY,State: Arunachal Pradesh     District: All Districts     Block: All Blocks     Year: 2020     Month: January     Collaboration: All Collaborations     Agency:  Rural Works Department   Scheme: All Scheme,Note : All Costs and Expenditures in Lakhs and Length in Kms.,Clearance,Progress During Month,Cumulative Progress,New Connectivity,Upgradation,Total,New Connectivity,Upgradation,Total,New Connectivity,Upgradation,Total,Sr.No.,Sanction Year,Nos.,Length,Cost,1000+,999-500,499-250 (Eligible),Nos.,Length,Cost,LSB Nos.,Road Nos.,Road Length,Cost,Funds Released,Nos.,Length,Expenditure,1000+,999-500,499-250 (Eligible),Nos.,Length,Expenditure,Nos.,Length,Expenditure,Nos.,Length,Expenditure,1000+,999-500,499-250 (Eligible),Nos.,Length,Expenditure,LSB Nos.,Road Nos.,Road Length,Expenditure,Tirap,2016 - 2017,13,82.300,"5,709.32",0,0,1,0,0,0.000,0.00,0,13,82.300,"5,709.32",0.00,0,7.800,"3,765.63",0,0,0,0,0,0.000,0.00,0,7.800,"3,765.63",3,69.860,"3,765.63",0,0,0,0,0,0.000,0.00,0,3,69.860,"3,765.63",Total,90,552.610,"29,311.27",4,8,28,0,8,88.420,"5,899.64",5,98,641.030,"35,210.91",0.00,0,14.800,"19,380.73",0,0,0,0,0,2.500,253.59,0,17.300,"19,984.80",70,456.480,"19,380.73",4,8,25,0,0,2.500,253.59,0,70,458.980,"19,984.80",Grand Total,"1,387","14,515.167","11,73,314.32",49,126,466,0,276,"2,265.694","2,16,564.43",303,"1,663","16,780.861","13,89,878.75",0.00,3,178.791,"4,73,770.52",0,0,3,0,0,10.600,"6,077.44",3,189.391,"4,92,131.11",883,"8,265.337","4,89,536.36",49,119,331,0,9,90.615,"6,948.40",34,892,"8,355.952","5,09,288.08","Page 1 of 1     Generated on : 12/03/2025 19:29 PM     2014 NRRDA, All rights reserved"
Pradhan Mantri Gram Sadak Yojana,Monthly Report Format for Physical & Financial Progress under PMGSY,State: Arunachal Pradesh     District: All Districts     Block: All Blocks     Year: 2020     Month: January     Collaboration: All Collaborations     Agency:  Rural Works Department   Scheme: All Scheme,Note : All Costs and Expenditures in Lakhs and Length in Kms.,Clearance,Progress During Month,Cumulative Progress,New Connectivity,Upgradation,Total,New Connectivity,Upgradation,Total,New Connectivity,Upgradation,Total,Sr.No.,Sanction Year,Nos.,Length,Cost,1000+,999-500,499-250 (Eligible),Nos.,Length,Cost,LSB Nos.,Road Nos.,Road Length,Cost,Funds Released,Nos.,Length,Expenditure,1000+,999-500,499-250 (Eligible),Nos.,Length,Expenditure,Nos.,Length,Expenditure,Nos.,Length,Expenditure,1000+,999-500,499-250 (Eligible),Nos.,Length,Expenditure,LSB Nos.,Road Nos.,Road Length,Expenditure,Tirap,2018 - 2019,6,86.750,"7,819.25",0,0,2,0,1,25.000,"1,009.56",4,7,111.750,"8,828.81",0.00,0,7.000,858.30,0,0,0,0,0,2.500,253.59,0,9.500,"1,111.89",0,8.000,858.30,0,0,0,0,0,2.500,253.59,0,0,10.500,"1,111.89",Total,90,552.610,"29,311.27",4,8,28,0,8,88.420,"5,899.64",5,98,641.030,"35,210.91",0.00,0,14.800,"19,380.73",0,0,0,0,0,2.500,253.59,0,17.300,"19,984.80",70,456.480,"19,380.73",4,8,25,0,0,2.500,253.59,0,70,458.980,"19,984.80",Grand Total,"1,387","14,515.167","11,73,314.32",49,126,466,0,276,"2,265.694","2,16,564.43",303,"1,663","16,780.861","13,89,878.75",0.00,3,178.791,"4,73,770.52",0,0,3,0,0,10.600,"6,077.44",3,189.391,"4,92,131.11",883,"8,265.337","4,89,536.36",49,119,331,0,9,90.615,"6,948.40",34,892,"8,355.952","5,09,288.08","Page 1 of 1     Generated on : 12/03/2025 19:29 PM     2014 NRRDA, All rights reserved"
Pradhan Mantri Gram Sadak Yojana,Monthly Report Format for Physical & Financial Progress under PMGSY,State: Arunachal Pradesh     District: All Districts     Block: All Blocks     Year: 2020     Month: January     Collaboration: All Collaborations     Agency:  Rural Works Department   Scheme: All Scheme,Note : All Costs and Expenditures in Lakhs and Length in Kms.,Clearance,Progress During Month,Cumulative Progress,New Connectivity,Upgradation,Total,New Connectivity,Upgradation,Total,New Connectivity,Upgradation,Total,Sr.No.,Sanction Year,Nos.,Length,Cost,1000+,999-500,499-250 (Eligible),Nos.,Length,Cost,LSB Nos.,Road Nos.,Road Length,Cost,Funds Released,Nos.,Length,Expenditure,1000+,999-500,499-250 (Eligible),Nos.,Length,Expenditure,Nos.,Length,Expenditure,Nos.,Length,Expenditure,1000+,999-500,499-250 (Eligible),Nos.,Length,Expenditure,LSB Nos.,Road Nos.,Road Length,Expenditure,Tirap,2019 - 2020,0,0.000,0.00,0,0,0,0,2,11.000,824.16,0,2,11.000,824.16,0.00,0,0.000,0.00,0,0,0,0,0,0.000,0.00,0,0.000,0.00,0,0.000,,0,0,0,0,0,0.000,0.00,0,0,0.000,0.00,Total,90,552.610,"29,311.27",4,8,28,0,8,88.420,"5,899.64",5,98,641.030,"35,210.91",0.00,0,14.800,"19,380.73",0,0,0,0,0,2.500,253.59,0,17.300,"19,984.80",70,456.480,"19,380.73",4,8,25,0,0,2.500,253.59,0,70,458.980,"19,984.80",Grand Total,"1,387","14,515.167","11,73,314.32",49,126,466,0,276,"2,265.694","2,16,564.43",303,"1,663","16,780.861","13,89,878.75",0.00,3,178.791,"4,73,770.52",0,0,3,0,0,10.600,"6,077.44",3,189.391,"4,92,131.11",883,"8,265.337","4,89,536.36",49,119,331,0,9,90.615,"6,948.40",34,892,"8,355.952","5,09,288.08","Page 1 of 1     Generated on : 12/03/2025 19:29 PM     2014 NRRDA, All rights reserved"
Pradhan Mantri Gram Sadak Yojana,Monthly Report Format for Physical & Financial Progress under PMGSY,State: Arunachal Pradesh     District: All Districts     Block: All Blocks     Year: 2020     Month: January     Collaboration: All Collaborations     Agency:  Rural Works Department   Scheme: All Scheme,Note : All Costs and Expenditures in Lakhs and Length in Kms.,Clearance,Progress During Month,Cumulative Progress,New Connectivity,Upgradation,Total,New Connectivity,Upgradation,Total,New Connectivity,Upgradation,Total,Sr.No.,Sanction Year,Nos.,Length,Cost,1000+,999-500,499-250 (Eligible),Nos.,Length,Cost,LSB Nos.,Road Nos.,Road Length,Cost,Funds Released,Nos.,Length,Expenditure,1000+,999-500,499-250 (Eligible),Nos.,Length,Expenditure,Nos.,Length,Expenditure,Nos.,Length,Expenditure,1000+,999-500,499-250 (Eligible),Nos.,Length,Expenditure,LSB Nos.,Road Nos.,Road Length,Expenditure,Tirap,2023 - 2024,0,0.000,0.00,0,0,0,0,4,39.910,"3,261.22",0,4,39.910,"3,261.22",0.00,0,0.000,0.00,0,0,0,0,0,0.000,0.00,0,0.000,0.00,0,0.000,,0,0,0,0,0,0.000,0.00,0,0,0.000,0.00,Total,90,552.610,"29,311.27",4,8,28,0,8,88.420,"5,899.64",5,98,641.030,"35,210.91",0.00,0,14.800,"19,380.73",0,0,0,0,0,2.500,253.59,0,17.300,"19,984.80",70,456.480,"19,380.73",4,8,25,0,0,2.500,253.59,0,70,458.980,"19,984.80",Grand Total,"1,387","14,515.167","11,73,314.32",49,126,466,0,276,"2,265.694","2,16,564.43",303,"1,663","16,780.861","13,89,878.75",0.00,3,178.791,"4,73,770.52",0,0,3,0,0,10.600,"6,077.44",3,189.391,"4,92,131.11",883,"8,265.337","4,89,536.36",49,119,331,0,9,90.615,"6,948.40",34,892,"8,355.952","5,09,288.08","Page 1 of 1     Generated on : 12/03/2025 19:29 PM     2014 NRRDA, All rights reserved"
Pradhan Mantri Gram Sadak Yojana,Monthly Report Format for Physical & Financial Progress under PMGSY,State: Arunachal Pradesh     District: All Districts     Block: All Blocks     Year: 2020     Month: January     Collaboration: All Collaborations     Agency:  Rural Works Department   Scheme: All Scheme,Note : All Costs and Expenditures in Lakhs and Length in Kms.,Clearance,Progress During Month,Cumulative Progress,New Connectivity,Upgradation,Total,New Connectivity,Upgradation,Total,New Connectivity,Upgradation,Total,Sr.No.,Sanction Year,Nos.,Length,Cost,1000+,999-500,499-250 (Eligible),Nos.,Length,Cost,LSB Nos.,Road Nos.,Road Length,Cost,Funds Released,Nos.,Length,Expenditure,1000+,999-500,499-250 (Eligible),Nos.,Length,Expenditure,Nos.,Length,Expenditure,Nos.,Length,Expenditure,1000+,999-500,499-250 (Eligible),Nos.,Length,Expenditure,LSB Nos.,Road Nos.,Road Length,Expenditure,Tirap,2024 - 2025,0,0.000,0.00,0,0,0,0,1,12.510,804.70,0,1,12.510,804.70,0.00,0,0.000,0.00,0,0,0,0,0,0.000,0.00,0,0.000,0.00,0,0.000,,0,0,0,0,0,0.000,0.00,0,0,0.000,0.00,Total,90,552.610,"29,311.27",4,8,28,0,8,88.420,"5,899.64",5,98,641.030,"35,210.91",0.00,0,14.800,"19,380.73",0,0,0,0,0,2.500,253.59,0,17.300,"19,984.80",70,456.480,"19,380.73",4,8,25,0,0,2.500,253.59,0,70,458.980,"19,984.80",Grand Total,"1,387","14,515.167","11,73,314.32",49,126,466,0,276,"2,265.694","2,16,564.43",303,"1,663","16,780.861","13,89,878.75",0.00,3,178.791,"4,73,770.52",0,0,3,0,0,10.600,"6,077.44",3,189.391,"4,92,131.11",883,"8,265.337","4,89,536.36",49,119,331,0,9,90.615,"6,948.40",34,892,"8,355.952","5,09,288.08","Page 1 of 1     Generated on : 12/03/2025 19:29 PM     2014 NRRDA, All rights reserved"
Pradhan Mantri Gram Sadak Yojana,Monthly Report Format for Physical & Financial Progress under PMGSY,State: Arunachal Pradesh     District: All Districts     Block: All Blocks     Year: 2020     Month: January     Collaboration: All Collaborations     Agency:  Rural Works Department   Scheme: All Scheme,Note : All Costs and Expenditures in Lakhs and Length in Kms.,Clearance,Progress During Month,Cumulative Progress,New Connectivity,Upgradation,Total,New Connectivity,Upgradation,Total,New Connectivity,Upgradation,Total,Sr.No.,Sanction Year,Nos.,Length,Cost,1000+,999-500,499-250 (Eligible),Nos.,Length,Cost,LSB Nos.,Road Nos.,Road Length,Cost,Funds Released,Nos.,Length,Expenditure,1000+,999-500,499-250 (Eligible),Nos.,Length,Expenditure,Nos.,Length,Expenditure,Nos.,Length,Expenditure,1000+,999-500,499-250 (Eligible),Nos.,Length,Expenditure,LSB Nos.,Road Nos.,Road Length,Expenditure,Upper Siang,2000 - 2001,5,9.940,138.50,0,0,3,0,0,0.000,0.00,0,5,9.940,138.50,0.00,0,0.000,138.50,0,0,0,0,0,0.000,0.00,0,0.000,138.50,5,9.940,138.50,0,0,3,0,0,0.000,0.00,0,5,9.940,138.50,Total,54,674.340,"69,694.03",0,7,27,0,6,38.120,"2,853.17",17,60,712.460,"72,547.19",0.00,0,0.500,"13,060.73",0,0,0,0,0,0.000,0.00,0,0.500,"13,674.74",33,298.825,"14,583.49",0,7,22,0,0,0.000,0.00,5,33,298.825,"15,197.50",Grand Total,"1,387","14,515.167","11,73,314.32",49,126,466,0,276,"2,265.694","2,16,564.43",303,"1,663","16,780.861","13,89,878.75",0.00,3,178.791,"4,73,770.52",0,0,3,0,0,10.600,"6,077.44",3,189.391,"4,92,131.11",883,"8,265.337","4,89,536.36",49,119,331,0,9,90.615,"6,948.40",34,892,"8,355.952","5,09,288.08","Page 1 of 1     Generated on : 12/03/2025 19:29 PM     2014 NRRDA, All rights reserved"
Pradhan Mantri Gram Sadak Yojana,Monthly Report Format for Physical & Financial Progress under PMGSY,State: Arunachal Pradesh     District: All Districts     Block: All Blocks     Year: 2020     Month: January     Collaboration: All Collaborations     Agency:  Rural Works Department   Scheme: All Scheme,Note : All Costs and Expenditures in Lakhs and Length in Kms.,Clearance,Progress During Month,Cumulative Progress,New Connectivity,Upgradation,Total,New Connectivity,Upgradation,Total,New Connectivity,Upgradation,Total,Sr.No.,Sanction Year,Nos.,Length,Cost,1000+,999-500,499-250 (Eligible),Nos.,Length,Cost,LSB Nos.,Road Nos.,Road Length,Cost,Funds Released,Nos.,Length,Expenditure,1000+,999-500,499-250 (Eligible),Nos.,Length,Expenditure,Nos.,Length,Expenditure,Nos.,Length,Expenditure,1000+,999-500,499-250 (Eligible),Nos.,Length,Expenditure,LSB Nos.,Road Nos.,Road Length,Expenditure,Upper Siang,2001 - 2002,6,32.320,420.72,0,2,5,0,0,0.000,0.00,0,6,32.320,420.72,0.00,0,0.000,420.70,0,0,0,0,0,0.000,0.00,0,0.000,420.70,6,32.320,420.70,0,2,5,0,0,0.000,0.00,0,6,32.320,420.70,Total,54,674.340,"69,694.03",0,7,27,0,6,38.120,"2,853.17",17,60,712.460,"72,547.19",0.00,0,0.500,"13,060.73",0,0,0,0,0,0.000,0.00,0,0.500,"13,674.74",33,298.825,"14,583.49",0,7,22,0,0,0.000,0.00,5,33,298.825,"15,197.50",Grand Total,"1,387","14,515.167","11,73,314.32",49,126,466,0,276,"2,265.694","2,16,564.43",303,"1,663","16,780.861","13,89,878.75",0.00,3,178.791,"4,73,770.52",0,0,3,0,0,10.600,"6,077.44",3,189.391,"4,92,131.11",883,"8,265.337","4,89,536.36",49,119,331,0,9,90.615,"6,948.40",34,892,"8,355.952","5,09,288.08","Page 1 of 1     Generated on : 12/03/2025 19:29 PM     2014 NRRDA, All rights reserved"
Pradhan Mantri Gram Sadak Yojana,Monthly Report Format for Physical & Financial Progress under PMGSY,State: Arunachal Pradesh     District: All Districts     Block: All Blocks     Year: 2020     Month: January     Collaboration: All Collaborations     Agency:  Rural Works Department   Scheme: All Scheme,Note : All Costs and Expenditures in Lakhs and Length in Kms.,Clearance,Progress During Month,Cumulative Progress,New Connectivity,Upgradation,Total,New Connectivity,Upgradation,Total,New Connectivity,Upgradation,Total,Sr.No.,Sanction Year,Nos.,Length,Cost,1000+,999-500,499-250 (Eligible),Nos.,Length,Cost,LSB Nos.,Road Nos.,Road Length,Cost,Funds Released,Nos.,Length,Expenditure,1000+,999-500,499-250 (Eligible),Nos.,Length,Expenditure,Nos.,Length,Expenditure,Nos.,Length,Expenditure,1000+,999-500,499-250 (Eligible),Nos.,Length,Expenditure,LSB Nos.,Road Nos.,Road Length,Expenditure,Upper Siang,2004 - 2005,7,26.400,757.71,0,3,7,0,0,0.000,0.00,0,7,26.400,757.71,0.00,0,0.000,709.26,0,0,0,0,0,0.000,0.00,0,0.000,709.26,7,26.395,709.26,0,3,7,0,0,0.000,0.00,0,7,26.395,709.26,Total,54,674.340,"69,694.03",0,7,27,0,6,38.120,"2,853.17",17,60,712.460,"72,547.19",0.00,0,0.500,"13,060.73",0,0,0,0,0,0.000,0.00,0,0.500,"13,674.74",33,298.825,"14,583.49",0,7,22,0,0,0.000,0.00,5,33,298.825,"15,197.50",Grand Total,"1,387","14,515.167","11,73,314.32",49,126,466,0,276,"2,265.694","2,16,564.43",303,"1,663","16,780.861","13,89,878.75",0.00,3,178.791,"4,73,770.52",0,0,3,0,0,10.600,"6,077.44",3,189.391,"4,92,131.11",883,"8,265.337","4,89,536.36",49,119,331,0,9,90.615,"6,948.40",34,892,"8,355.952","5,09,288.08","Page 1 of 1     Generated on : 12/03/2025 19:29 PM     2014 NRRDA, All rights reserved"
Pradhan Mantri Gram Sadak Yojana,Monthly Report Format for Physical & Financial Progress under PMGSY,State: Arunachal Pradesh     District: All Districts     Block: All Blocks     Year: 2020     Month: January     Collaboration: All Collaborations     Agency:  Rural Works Department   Scheme: All Scheme,Note : All Costs and Expenditures in Lakhs and Length in Kms.,Clearance,Progress During Month,Cumulative Progress,New Connectivity,Upgradation,Total,New Connectivity,Upgradation,Total,New Connectivity,Upgradation,Total,Sr.No.,Sanction Year,Nos.,Length,Cost,1000+,999-500,499-250 (Eligible),Nos.,Length,Cost,LSB Nos.,Road Nos.,Road Length,Cost,Funds Released,Nos.,Length,Expenditure,1000+,999-500,499-250 (Eligible),Nos.,Length,Expenditure,Nos.,Length,Expenditure,Nos.,Length,Expenditure,1000+,999-500,499-250 (Eligible),Nos.,Length,Expenditure,LSB Nos.,Road Nos.,Road Length,Expenditure,Upper Siang,2005 - 2006,1,41.000,"1,251.00",0,1,2,0,0,0.000,0.00,0,1,41.000,"1,251.00",0.00,0,0.000,"1,189.46",0,0,0,0,0,0.000,0.00,0,0.000,"1,189.46",1,41.000,"1,189.46",0,1,2,0,0,0.000,0.00,0,1,41.000,"1,189.46",Total,54,674.340,"69,694.03",0,7,27,0,6,38.120,"2,853.17",17,60,712.460,"72,547.19",0.00,0,0.500,"13,060.73",0,0,0,0,0,0.000,0.00,0,0.500,"13,674.74",33,298.825,"14,583.49",0,7,22,0,0,0.000,0.00,5,33,298.825,"15,197.50",Grand Total,"1,387","14,515.167","11,73,314.32",49,126,466,0,276,"2,265.694","2,16,564.43",303,"1,663","16,780.861","13,89,878.75",0.00,3,178.791,"4,73,770.52",0,0,3,0,0,10.600,"6,077.44",3,189.391,"4,92,131.11",883,"8,265.337","4,89,536.36",49,119,331,0,9,90.615,"6,948.40",34,892,"8,355.952","5,09,288.08","Page 1 of 1     Generated on : 12/03/2025 19:29 PM     2014 NRRDA, All rights reserved"
Pradhan Mantri Gram Sadak Yojana,Monthly Report Format for Physical & Financial Progress under PMGSY,State: Arunachal Pradesh     District: All Districts     Block: All Blocks     Year: 2020     Month: January     Collaboration: All Collaborations     Agency:  Rural Works Department   Scheme: All Scheme,Note : All Costs and Expenditures in Lakhs and Length in Kms.,Clearance,Progress During Month,Cumulative Progress,New Connectivity,Upgradation,Total,New Connectivity,Upgradation,Total,New Connectivity,Upgradation,Total,Sr.No.,Sanction Year,Nos.,Length,Cost,1000+,999-500,499-250 (Eligible),Nos.,Length,Cost,LSB Nos.,Road Nos.,Road Length,Cost,Funds Released,Nos.,Length,Expenditure,1000+,999-500,499-250 (Eligible),Nos.,Length,Expenditure,Nos.,Length,Expenditure,Nos.,Length,Expenditure,1000+,999-500,499-250 (Eligible),Nos.,Length,Expenditure,LSB Nos.,Road Nos.,Road Length,Expenditure,Upper Siang,2006 - 2007,2,11.020,355.03,0,0,0,0,0,0.000,0.00,0,2,11.020,355.03,0.00,0,0.000,333.54,0,0,0,0,0,0.000,0.00,0,0.000,333.54,2,11.020,333.54,0,0,0,0,0,0.000,0.00,0,2,11.020,333.54,Total,54,674.340,"69,694.03",0,7,27,0,6,38.120,"2,853.17",17,60,712.460,"72,547.19",0.00,0,0.500,"13,060.73",0,0,0,0,0,0.000,0.00,0,0.500,"13,674.74",33,298.825,"14,583.49",0,7,22,0,0,0.000,0.00,5,33,298.825,"15,197.50",Grand Total,"1,387","14,515.167","11,73,314.32",49,126,466,0,276,"2,265.694","2,16,564.43",303,"1,663","16,780.861","13,89,878.75",0.00,3,178.791,"4,73,770.52",0,0,3,0,0,10.600,"6,077.44",3,189.391,"4,92,131.11",883,"8,265.337","4,89,536.36",49,119,331,0,9,90.615,"6,948.40",34,892,"8,355.952","5,09,288.08","Page 1 of 1     Generated on : 12/03/2025 19:29 PM     2014 NRRDA, All rights reserved"
Pradhan Mantri Gram Sadak Yojana,Monthly Report Format for Physical & Financial Progress under PMGSY,State: Arunachal Pradesh     District: All Districts     Block: All Blocks     Year: 2020     Month: January     Collaboration: All Collaborations     Agency:  Rural Works Department   Scheme: All Scheme,Note : All Costs and Expenditures in Lakhs and Length in Kms.,Clearance,Progress During Month,Cumulative Progress,New Connectivity,Upgradation,Total,New Connectivity,Upgradation,Total,New Connectivity,Upgradation,Total,Sr.No.,Sanction Year,Nos.,Length,Cost,1000+,999-500,499-250 (Eligible),Nos.,Length,Cost,LSB Nos.,Road Nos.,Road Length,Cost,Funds Released,Nos.,Length,Expenditure,1000+,999-500,499-250 (Eligible),Nos.,Length,Expenditure,Nos.,Length,Expenditure,Nos.,Length,Expenditure,1000+,999-500,499-250 (Eligible),Nos.,Length,Expenditure,LSB Nos.,Road Nos.,Road Length,Expenditure,Upper Siang,2007 - 2008,1,11.500,531.81,0,1,1,0,0,0.000,0.00,0,1,11.500,531.81,0.00,0,0.000,499.53,0,0,0,0,0,0.000,0.00,0,0.000,499.53,1,11.500,499.53,0,1,1,0,0,0.000,0.00,0,1,11.500,499.53,Total,54,674.340,"69,694.03",0,7,27,0,6,38.120,"2,853.17",17,60,712.460,"72,547.19",0.00,0,0.500,"13,060.73",0,0,0,0,0,0.000,0.00,0,0.500,"13,674.74",33,298.825,"14,583.49",0,7,22,0,0,0.000,0.00,5,33,298.825,"15,197.50",Grand Total,"1,387","14,515.167","11,73,314.32",49,126,466,0,276,"2,265.694","2,16,564.43",303,"1,663","16,780.861","13,89,878.75",0.00,3,178.791,"4,73,770.52",0,0,3,0,0,10.600,"6,077.44",3,189.391,"4,92,131.11",883,"8,265.337","4,89,536.36",49,119,331,0,9,90.615,"6,948.40",34,892,"8,355.952","5,09,288.08","Page 1 of 1     Generated on : 12/03/2025 19:29 PM     2014 NRRDA, All rights reserved"
Pradhan Mantri Gram Sadak Yojana,Monthly Report Format for Physical & Financial Progress under PMGSY,State: Arunachal Pradesh     District: All Districts     Block: All Blocks     Year: 2020     Month: January     Collaboration: All Collaborations     Agency:  Rural Works Department   Scheme: All Scheme,Note : All Costs and Expenditures in Lakhs and Length in Kms.,Clearance,Progress During Month,Cumulative Progress,New Connectivity,Upgradation,Total,New Connectivity,Upgradation,Total,New Connectivity,Upgradation,Total,Sr.No.,Sanction Year,Nos.,Length,Cost,1000+,999-500,499-250 (Eligible),Nos.,Length,Cost,LSB Nos.,Road Nos.,Road Length,Cost,Funds Released,Nos.,Length,Expenditure,1000+,999-500,499-250 (Eligible),Nos.,Length,Expenditure,Nos.,Length,Expenditure,Nos.,Length,Expenditure,1000+,999-500,499-250 (Eligible),Nos.,Length,Expenditure,LSB Nos.,Road Nos.,Road Length,Expenditure,Upper Siang,2009 - 2010,7,30.530,"1,508.28",0,0,2,0,0,0.000,0.00,0,7,30.530,"1,508.28",0.00,0,0.000,"1,457.84",0,0,0,0,0,0.000,0.00,0,0.000,"1,457.84",7,30.530,"1,457.84",0,0,2,0,0,0.000,0.00,0,7,30.530,"1,457.84",Total,54,674.340,"69,694.03",0,7,27,0,6,38.120,"2,853.17",17,60,712.460,"72,547.19",0.00,0,0.500,"13,060.73",0,0,0,0,0,0.000,0.00,0,0.500,"13,674.74",33,298.825,"14,583.49",0,7,22,0,0,0.000,0.00,5,33,298.825,"15,197.50",Grand Total,"1,387","14,515.167","11,73,314.32",49,126,466,0,276,"2,265.694","2,16,564.43",303,"1,663","16,780.861","13,89,878.75",0.00,3,178.791,"4,73,770.52",0,0,3,0,0,10.600,"6,077.44",3,189.391,"4,92,131.11",883,"8,265.337","4,89,536.36",49,119,331,0,9,90.615,"6,948.40",34,892,"8,355.952","5,09,288.08","Page 1 of 1     Generated on : 12/03/2025 19:29 PM     2014 NRRDA, All rights reserved"
Pradhan Mantri Gram Sadak Yojana,Monthly Report Format for Physical & Financial Progress under PMGSY,State: Arunachal Pradesh     District: All Districts     Block: All Blocks     Year: 2020     Month: January     Collaboration: All Collaborations     Agency:  Rural Works Department   Scheme: All Scheme,Note : All Costs and Expenditures in Lakhs and Length in Kms.,Clearance,Progress During Month,Cumulative Progress,New Connectivity,Upgradation,Total,New Connectivity,Upgradation,Total,New Connectivity,Upgradation,Total,Sr.No.,Sanction Year,Nos.,Length,Cost,1000+,999-500,499-250 (Eligible),Nos.,Length,Cost,LSB Nos.,Road Nos.,Road Length,Cost,Funds Released,Nos.,Length,Expenditure,1000+,999-500,499-250 (Eligible),Nos.,Length,Expenditure,Nos.,Length,Expenditure,Nos.,Length,Expenditure,1000+,999-500,499-250 (Eligible),Nos.,Length,Expenditure,LSB Nos.,Road Nos.,Road Length,Expenditure,Upper Siang,2012 - 2013,1,67.050,"5,632.33",0,0,0,0,0,0.000,0.00,5,1,67.050,"5,632.33",0.00,0,0.000,"5,071.53",0,0,0,0,0,0.000,0.00,0,0.000,"5,685.54",1,64.030,"5,071.53",0,0,0,0,0,0.000,0.00,5,1,64.030,"5,685.54",Total,54,674.340,"69,694.03",0,7,27,0,6,38.120,"2,853.17",17,60,712.460,"72,547.19",0.00,0,0.500,"13,060.73",0,0,0,0,0,0.000,0.00,0,0.500,"13,674.74",33,298.825,"14,583.49",0,7,22,0,0,0.000,0.00,5,33,298.825,"15,197.50",Grand Total,"1,387","14,515.167","11,73,314.32",49,126,466,0,276,"2,265.694","2,16,564.43",303,"1,663","16,780.861","13,89,878.75",0.00,3,178.791,"4,73,770.52",0,0,3,0,0,10.600,"6,077.44",3,189.391,"4,92,131.11",883,"8,265.337","4,89,536.36",49,119,331,0,9,90.615,"6,948.40",34,892,"8,355.952","5,09,288.08","Page 1 of 1     Generated on : 12/03/2025 19:29 PM     2014 NRRDA, All rights reserved"
Pradhan Mantri Gram Sadak Yojana,Monthly Report Format for Physical & Financial Progress under PMGSY,State: Arunachal Pradesh     District: All Districts     Block: All Blocks     Year: 2020     Month: January     Collaboration: All Collaborations     Agency:  Rural Works Department   Scheme: All Scheme,Note : All Costs and Expenditures in Lakhs and Length in Kms.,Clearance,Progress During Month,Cumulative Progress,New Connectivity,Upgradation,Total,New Connectivity,Upgradation,Total,New Connectivity,Upgradation,Total,Sr.No.,Sanction Year,Nos.,Length,Cost,1000+,999-500,499-250 (Eligible),Nos.,Length,Cost,LSB Nos.,Road Nos.,Road Length,Cost,Funds Released,Nos.,Length,Expenditure,1000+,999-500,499-250 (Eligible),Nos.,Length,Expenditure,Nos.,Length,Expenditure,Nos.,Length,Expenditure,1000+,999-500,499-250 (Eligible),Nos.,Length,Expenditure,LSB Nos.,Road Nos.,Road Length,Expenditure,Upper Siang,2013 - 2014,1,8.000,660.89,0,0,1,0,0,0.000,0.00,0,1,8.000,660.89,0.00,0,0.000,627.64,0,0,0,0,0,0.000,0.00,0,0.000,627.64,1,8.000,627.64,0,0,1,0,0,0.000,0.00,0,1,8.000,627.64,Total,54,674.340,"69,694.03",0,7,27,0,6,38.120,"2,853.17",17,60,712.460,"72,547.19",0.00,0,0.500,"13,060.73",0,0,0,0,0,0.000,0.00,0,0.500,"13,674.74",33,298.825,"14,583.49",0,7,22,0,0,0.000,0.00,5,33,298.825,"15,197.50",Grand Total,"1,387","14,515.167","11,73,314.32",49,126,466,0,276,"2,265.694","2,16,564.43",303,"1,663","16,780.861","13,89,878.75",0.00,3,178.791,"4,73,770.52",0,0,3,0,0,10.600,"6,077.44",3,189.391,"4,92,131.11",883,"8,265.337","4,89,536.36",49,119,331,0,9,90.615,"6,948.40",34,892,"8,355.952","5,09,288.08","Page 1 of 1     Generated on : 12/03/2025 19:29 PM     2014 NRRDA, All rights reserved"
Pradhan Mantri Gram Sadak Yojana,Monthly Report Format for Physical & Financial Progress under PMGSY,State: Arunachal Pradesh     District: All Districts     Block: All Blocks     Year: 2020     Month: January     Collaboration: All Collaborations     Agency:  Rural Works Department   Scheme: All Scheme,Note : All Costs and Expenditures in Lakhs and Length in Kms.,Clearance,Progress During Month,Cumulative Progress,New Connectivity,Upgradation,Total,New Connectivity,Upgradation,Total,New Connectivity,Upgradation,Total,Sr.No.,Sanction Year,Nos.,Length,Cost,1000+,999-500,499-250 (Eligible),Nos.,Length,Cost,LSB Nos.,Road Nos.,Road Length,Cost,Funds Released,Nos.,Length,Expenditure,1000+,999-500,499-250 (Eligible),Nos.,Length,Expenditure,Nos.,Length,Expenditure,Nos.,Length,Expenditure,1000+,999-500,499-250 (Eligible),Nos.,Length,Expenditure,LSB Nos.,Road Nos.,Road Length,Expenditure,Upper Siang,2014 - 2015,1,10.000,581.94,0,0,1,0,0,0.000,0.00,0,1,10.000,581.94,0.00,0,0.000,550.38,0,0,0,0,0,0.000,0.00,0,0.000,550.38,1,10.000,550.38,0,0,1,0,0,0.000,0.00,0,1,10.000,550.38,Total,54,674.340,"69,694.03",0,7,27,0,6,38.120,"2,853.17",17,60,712.460,"72,547.19",0.00,0,0.500,"13,060.73",0,0,0,0,0,0.000,0.00,0,0.500,"13,674.74",33,298.825,"14,583.49",0,7,22,0,0,0.000,0.00,5,33,298.825,"15,197.50",Grand Total,"1,387","14,515.167","11,73,314.32",49,126,466,0,276,"2,265.694","2,16,564.43",303,"1,663","16,780.861","13,89,878.75",0.00,3,178.791,"4,73,770.52",0,0,3,0,0,10.600,"6,077.44",3,189.391,"4,92,131.11",883,"8,265.337","4,89,536.36",49,119,331,0,9,90.615,"6,948.40",34,892,"8,355.952","5,09,288.08","Page 1 of 1     Generated on : 12/03/2025 19:29 PM     2014 NRRDA, All rights reserved"
Pradhan Mantri Gram Sadak Yojana,Monthly Report Format for Physical & Financial Progress under PMGSY,State: Arunachal Pradesh     District: All Districts     Block: All Blocks     Year: 2020     Month: January     Collaboration: All Collaborations     Agency:  Rural Works Department   Scheme: All Scheme,Note : All Costs and Expenditures in Lakhs and Length in Kms.,Clearance,Progress During Month,Cumulative Progress,New Connectivity,Upgradation,Total,New Connectivity,Upgradation,Total,New Connectivity,Upgradation,Total,Sr.No.,Sanction Year,Nos.,Length,Cost,1000+,999-500,499-250 (Eligible),Nos.,Length,Cost,LSB Nos.,Road Nos.,Road Length,Cost,Funds Released,Nos.,Length,Expenditure,1000+,999-500,499-250 (Eligible),Nos.,Length,Expenditure,Nos.,Length,Expenditure,Nos.,Length,Expenditure,1000+,999-500,499-250 (Eligible),Nos.,Length,Expenditure,LSB Nos.,Road Nos.,Road Length,Expenditure,Upper Siang,2016 - 2017,2,49.590,"3,491.83",0,0,0,0,0,0.000,0.00,1,2,49.590,"3,491.83",0.00,0,0.000,943.79,0,0,0,0,0,0.000,0.00,0,0.000,943.79,1,15.590,"1,009.93",0,0,0,0,0,0.000,0.00,0,1,15.590,"1,009.93",Total,54,674.340,"69,694.03",0,7,27,0,6,38.120,"2,853.17",17,60,712.460,"72,547.19",0.00,0,0.500,"13,060.73",0,0,0,0,0,0.000,0.00,0,0.500,"13,674.74",33,298.825,"14,583.49",0,7,22,0,0,0.000,0.00,5,33,298.825,"15,197.50",Grand Total,"1,387","14,515.167","11,73,314.32",49,126,466,0,276,"2,265.694","2,16,564.43",303,"1,663","16,780.861","13,89,878.75",0.00,3,178.791,"4,73,770.52",0,0,3,0,0,10.600,"6,077.44",3,189.391,"4,92,131.11",883,"8,265.337","4,89,536.36",49,119,331,0,9,90.615,"6,948.40",34,892,"8,355.952","5,09,288.08","Page 1 of 1     Generated on : 12/03/2025 19:29 PM     2014 NRRDA, All rights reserved"
Pradhan Mantri Gram Sadak Yojana,Monthly Report Format for Physical & Financial Progress under PMGSY,State: Arunachal Pradesh     District: All Districts     Block: All Blocks     Year: 2020     Month: January     Collaboration: All Collaborations     Agency:  Rural Works Department   Scheme: All Scheme,Note : All Costs and Expenditures in Lakhs and Length in Kms.,Clearance,Progress During Month,Cumulative Progress,New Connectivity,Upgradation,Total,New Connectivity,Upgradation,Total,New Connectivity,Upgradation,Total,Sr.No.,Sanction Year,Nos.,Length,Cost,1000+,999-500,499-250 (Eligible),Nos.,Length,Cost,LSB Nos.,Road Nos.,Road Length,Cost,Funds Released,Nos.,Length,Expenditure,1000+,999-500,499-250 (Eligible),Nos.,Length,Expenditure,Nos.,Length,Expenditure,Nos.,Length,Expenditure,1000+,999-500,499-250 (Eligible),Nos.,Length,Expenditure,LSB Nos.,Road Nos.,Road Length,Expenditure,Upper Siang,2017 - 2018,2,37.470,"3,942.08",0,0,1,0,0,0.000,0.00,0,2,37.470,"3,942.08",0.00,0,0.500,"1,063.37",0,0,0,0,0,0.000,0.00,0,0.500,"1,063.37",0,30.000,"2,347.77",0,0,0,0,0,0.000,0.00,0,0,30.000,"2,347.77",Total,54,674.340,"69,694.03",0,7,27,0,6,38.120,"2,853.17",17,60,712.460,"72,547.19",0.00,0,0.500,"13,060.73",0,0,0,0,0,0.000,0.00,0,0.500,"13,674.74",33,298.825,"14,583.49",0,7,22,0,0,0.000,0.00,5,33,298.825,"15,197.50",Grand Total,"1,387","14,515.167","11,73,314.32",49,126,466,0,276,"2,265.694","2,16,564.43",303,"1,663","16,780.861","13,89,878.75",0.00,3,178.791,"4,73,770.52",0,0,3,0,0,10.600,"6,077.44",3,189.391,"4,92,131.11",883,"8,265.337","4,89,536.36",49,119,331,0,9,90.615,"6,948.40",34,892,"8,355.952","5,09,288.08","Page 1 of 1     Generated on : 12/03/2025 19:29 PM     2014 NRRDA, All rights reserved"
Pradhan Mantri Gram Sadak Yojana,Monthly Report Format for Physical & Financial Progress under PMGSY,State: Arunachal Pradesh     District: All Districts     Block: All Blocks     Year: 2020     Month: January     Collaboration: All Collaborations     Agency:  Rural Works Department   Scheme: All Scheme,Note : All Costs and Expenditures in Lakhs and Length in Kms.,Clearance,Progress During Month,Cumulative Progress,New Connectivity,Upgradation,Total,New Connectivity,Upgradation,Total,New Connectivity,Upgradation,Total,Sr.No.,Sanction Year,Nos.,Length,Cost,1000+,999-500,499-250 (Eligible),Nos.,Length,Cost,LSB Nos.,Road Nos.,Road Length,Cost,Funds Released,Nos.,Length,Expenditure,1000+,999-500,499-250 (Eligible),Nos.,Length,Expenditure,Nos.,Length,Expenditure,Nos.,Length,Expenditure,1000+,999-500,499-250 (Eligible),Nos.,Length,Expenditure,LSB Nos.,Road Nos.,Road Length,Expenditure,Upper Siang,2018 - 2019,9,221.370,"21,996.11",0,0,4,0,0,0.000,0.00,11,9,221.370,"21,996.11",0.00,0,0.000,55.19,0,0,0,0,0,0.000,0.00,0,0.000,55.19,0,8.500,227.41,0,0,0,0,0,0.000,0.00,0,0,8.500,227.41,Total,54,674.340,"69,694.03",0,7,27,0,6,38.120,"2,853.17",17,60,712.460,"72,547.19",0.00,0,0.500,"13,060.73",0,0,0,0,0,0.000,0.00,0,0.500,"13,674.74",33,298.825,"14,583.49",0,7,22,0,0,0.000,0.00,5,33,298.825,"15,197.50",Grand Total,"1,387","14,515.167","11,73,314.32",49,126,466,0,276,"2,265.694","2,16,564.43",303,"1,663","16,780.861","13,89,878.75",0.00,3,178.791,"4,73,770.52",0,0,3,0,0,10.600,"6,077.44",3,189.391,"4,92,131.11",883,"8,265.337","4,89,536.36",49,119,331,0,9,90.615,"6,948.40",34,892,"8,355.952","5,09,288.08","Page 1 of 1     Generated on : 12/03/2025 19:29 PM     2014 NRRDA, All rights reserved"
Pradhan Mantri Gram Sadak Yojana,Monthly Report Format for Physical & Financial Progress under PMGSY,State: Arunachal Pradesh     District: All Districts     Block: All Blocks     Year: 2020     Month: January     Collaboration: All Collaborations     Agency:  Rural Works Department   Scheme: All Scheme,Note : All Costs and Expenditures in Lakhs and Length in Kms.,Clearance,Progress During Month,Cumulative Progress,New Connectivity,Upgradation,Total,New Connectivity,Upgradation,Total,New Connectivity,Upgradation,Total,Sr.No.,Sanction Year,Nos.,Length,Cost,1000+,999-500,499-250 (Eligible),Nos.,Length,Cost,LSB Nos.,Road Nos.,Road Length,Cost,Funds Released,Nos.,Length,Expenditure,1000+,999-500,499-250 (Eligible),Nos.,Length,Expenditure,Nos.,Length,Expenditure,Nos.,Length,Expenditure,1000+,999-500,499-250 (Eligible),Nos.,Length,Expenditure,LSB Nos.,Road Nos.,Road Length,Expenditure,Upper Siang,2019 - 2020,0,0.000,0.00,0,0,0,0,2,11.020,483.24,0,2,11.020,483.24,0.00,0,0.000,0.00,0,0,0,0,0,0.000,0.00,0,0.000,0.00,0,0.000,,0,0,0,0,0,0.000,0.00,0,0,0.000,0.00,Total,54,674.340,"69,694.03",0,7,27,0,6,38.120,"2,853.17",17,60,712.460,"72,547.19",0.00,0,0.500,"13,060.73",0,0,0,0,0,0.000,0.00,0,0.500,"13,674.74",33,298.825,"14,583.49",0,7,22,0,0,0.000,0.00,5,33,298.825,"15,197.50",Grand Total,"1,387","14,515.167","11,73,314.32",49,126,466,0,276,"2,265.694","2,16,564.43",303,"1,663","16,780.861","13,89,878.75",0.00,3,178.791,"4,73,770.52",0,0,3,0,0,10.600,"6,077.44",3,189.391,"4,92,131.11",883,"8,265.337","4,89,536.36",49,119,331,0,9,90.615,"6,948.40",34,892,"8,355.952","5,09,288.08","Page 1 of 1     Generated on : 12/03/2025 19:29 PM     2014 NRRDA, All rights reserved"
Pradhan Mantri Gram Sadak Yojana,Monthly Report Format for Physical & Financial Progress under PMGSY,State: Arunachal Pradesh     District: All Districts     Block: All Blocks     Year: 2020     Month: January     Collaboration: All Collaborations     Agency:  Rural Works Department   Scheme: All Scheme,Note : All Costs and Expenditures in Lakhs and Length in Kms.,Clearance,Progress During Month,Cumulative Progress,New Connectivity,Upgradation,Total,New Connectivity,Upgradation,Total,New Connectivity,Upgradation,Total,Sr.No.,Sanction Year,Nos.,Length,Cost,1000+,999-500,499-250 (Eligible),Nos.,Length,Cost,LSB Nos.,Road Nos.,Road Length,Cost,Funds Released,Nos.,Length,Expenditure,1000+,999-500,499-250 (Eligible),Nos.,Length,Expenditure,Nos.,Length,Expenditure,Nos.,Length,Expenditure,1000+,999-500,499-250 (Eligible),Nos.,Length,Expenditure,LSB Nos.,Road Nos.,Road Length,Expenditure,Upper Siang,2023 - 2024,9,118.150,"28,425.80",0,0,0,0,1,5.400,406.66,0,10,123.550,"28,832.46",0.00,0,0.000,0.00,0,0,0,0,0,0.000,0.00,0,0.000,0.00,0,0.000,,0,0,0,0,0,0.000,0.00,0,0,0.000,0.00,Total,54,674.340,"69,694.03",0,7,27,0,6,38.120,"2,853.17",17,60,712.460,"72,547.19",0.00,0,0.500,"13,060.73",0,0,0,0,0,0.000,0.00,0,0.500,"13,674.74",33,298.825,"14,583.49",0,7,22,0,0,0.000,0.00,5,33,298.825,"15,197.50",Grand Total,"1,387","14,515.167","11,73,314.32",49,126,466,0,276,"2,265.694","2,16,564.43",303,"1,663","16,780.861","13,89,878.75",0.00,3,178.791,"4,73,770.52",0,0,3,0,0,10.600,"6,077.44",3,189.391,"4,92,131.11",883,"8,265.337","4,89,536.36",49,119,331,0,9,90.615,"6,948.40",34,892,"8,355.952","5,09,288.08","Page 1 of 1     Generated on : 12/03/2025 19:29 PM     2014 NRRDA, All rights reserved"
Pradhan Mantri Gram Sadak Yojana,Monthly Report Format for Physical & Financial Progress under PMGSY,State: Arunachal Pradesh     District: All Districts     Block: All Blocks     Year: 2020     Month: January     Collaboration: All Collaborations     Agency:  Rural Works Department   Scheme: All Scheme,Note : All Costs and Expenditures in Lakhs and Length in Kms.,Clearance,Progress During Month,Cumulative Progress,New Connectivity,Upgradation,Total,New Connectivity,Upgradation,Total,New Connectivity,Upgradation,Total,Sr.No.,Sanction Year,Nos.,Length,Cost,1000+,999-500,499-250 (Eligible),Nos.,Length,Cost,LSB Nos.,Road Nos.,Road Length,Cost,Funds Released,Nos.,Length,Expenditure,1000+,999-500,499-250 (Eligible),Nos.,Length,Expenditure,Nos.,Length,Expenditure,Nos.,Length,Expenditure,1000+,999-500,499-250 (Eligible),Nos.,Length,Expenditure,LSB Nos.,Road Nos.,Road Length,Expenditure,Upper Siang,2024 - 2025,0,0.000,0.00,0,0,0,0,3,21.700,"1,963.27",0,3,21.700,"1,963.27",0.00,0,0.000,0.00,0,0,0,0,0,0.000,0.00,0,0.000,0.00,0,0.000,,0,0,0,0,0,0.000,0.00,0,0,0.000,0.00,Total,54,674.340,"69,694.03",0,7,27,0,6,38.120,"2,853.17",17,60,712.460,"72,547.19",0.00,0,0.500,"13,060.73",0,0,0,0,0,0.000,0.00,0,0.500,"13,674.74",33,298.825,"14,583.49",0,7,22,0,0,0.000,0.00,5,33,298.825,"15,197.50",Grand Total,"1,387","14,515.167","11,73,314.32",49,126,466,0,276,"2,265.694","2,16,564.43",303,"1,663","16,780.861","13,89,878.75",0.00,3,178.791,"4,73,770.52",0,0,3,0,0,10.600,"6,077.44",3,189.391,"4,92,131.11",883,"8,265.337","4,89,536.36",49,119,331,0,9,90.615,"6,948.40",34,892,"8,355.952","5,09,288.08","Page 1 of 1     Generated on : 12/03/2025 19:29 PM     2014 NRRDA, All rights reserved"
Pradhan Mantri Gram Sadak Yojana,Monthly Report Format for Physical & Financial Progress under PMGSY,State: Arunachal Pradesh     District: All Districts     Block: All Blocks     Year: 2020     Month: January     Collaboration: All Collaborations     Agency:  Rural Works Department   Scheme: All Scheme,Note : All Costs and Expenditures in Lakhs and Length in Kms.,Clearance,Progress During Month,Cumulative Progress,New Connectivity,Upgradation,Total,New Connectivity,Upgradation,Total,New Connectivity,Upgradation,Total,Sr.No.,Sanction Year,Nos.,Length,Cost,1000+,999-500,499-250 (Eligible),Nos.,Length,Cost,LSB Nos.,Road Nos.,Road Length,Cost,Funds Released,Nos.,Length,Expenditure,1000+,999-500,499-250 (Eligible),Nos.,Length,Expenditure,Nos.,Length,Expenditure,Nos.,Length,Expenditure,1000+,999-500,499-250 (Eligible),Nos.,Length,Expenditure,LSB Nos.,Road Nos.,Road Length,Expenditure,Upper Subansiri,2000 - 2001,17,29.540,393.18,0,0,0,0,0,0.000,0.00,0,17,29.540,393.18,0.00,0,0.000,393.18,0,0,0,0,0,0.000,0.00,0,0.000,393.18,17,29.540,393.18,0,0,0,0,0,0.000,0.00,0,17,29.540,393.18,Total,109,"1,462.320","1,10,188.75",0,0,43,0,14,120.670,"14,364.53",25,123,"1,582.990","1,24,553.28",0.00,0,21.040,"43,871.30",0,0,0,0,0,1.600,105.00,0,22.640,"44,699.30",47,696.290,"48,321.20",0,1,15,0,0,2.000,315.00,2,47,698.290,"49,359.20",Grand Total,"1,387","14,515.167","11,73,314.32",49,126,466,0,276,"2,265.694","2,16,564.43",303,"1,663","16,780.861","13,89,878.75",0.00,3,178.791,"4,73,770.52",0,0,3,0,0,10.600,"6,077.44",3,189.391,"4,92,131.11",883,"8,265.337","4,89,536.36",49,119,331,0,9,90.615,"6,948.40",34,892,"8,355.952","5,09,288.08","Page 1 of 1     Generated on : 12/03/2025 19:29 PM     2014 NRRDA, All rights reserved"
Pradhan Mantri Gram Sadak Yojana,Monthly Report Format for Physical & Financial Progress under PMGSY,State: Arunachal Pradesh     District: All Districts     Block: All Blocks     Year: 2020     Month: January     Collaboration: All Collaborations     Agency:  Rural Works Department   Scheme: All Scheme,Note : All Costs and Expenditures in Lakhs and Length in Kms.,Clearance,Progress During Month,Cumulative Progress,New Connectivity,Upgradation,Total,New Connectivity,Upgradation,Total,New Connectivity,Upgradation,Total,Sr.No.,Sanction Year,Nos.,Length,Cost,1000+,999-500,499-250 (Eligible),Nos.,Length,Cost,LSB Nos.,Road Nos.,Road Length,Cost,Funds Released,Nos.,Length,Expenditure,1000+,999-500,499-250 (Eligible),Nos.,Length,Expenditure,Nos.,Length,Expenditure,Nos.,Length,Expenditure,1000+,999-500,499-250 (Eligible),Nos.,Length,Expenditure,LSB Nos.,Road Nos.,Road Length,Expenditure,Upper Subansiri,2001 - 2002,8,37.050,454.60,0,0,0,0,0,0.000,0.00,0,8,37.050,454.60,0.00,0,0.000,454.28,0,0,0,0,0,0.000,0.00,0,0.000,454.28,8,37.050,454.28,0,0,0,0,0,0.000,0.00,0,8,37.050,454.28,Total,109,"1,462.320","1,10,188.75",0,0,43,0,14,120.670,"14,364.53",25,123,"1,582.990","1,24,553.28",0.00,0,21.040,"43,871.30",0,0,0,0,0,1.600,105.00,0,22.640,"44,699.30",47,696.290,"48,321.20",0,1,15,0,0,2.000,315.00,2,47,698.290,"49,359.20",Grand Total,"1,387","14,515.167","11,73,314.32",49,126,466,0,276,"2,265.694","2,16,564.43",303,"1,663","16,780.861","13,89,878.75",0.00,3,178.791,"4,73,770.52",0,0,3,0,0,10.600,"6,077.44",3,189.391,"4,92,131.11",883,"8,265.337","4,89,536.36",49,119,331,0,9,90.615,"6,948.40",34,892,"8,355.952","5,09,288.08","Page 1 of 1     Generated on : 12/03/2025 19:29 PM     2014 NRRDA, All rights reserved"
Pradhan Mantri Gram Sadak Yojana,Monthly Report Format for Physical & Financial Progress under PMGSY,State: Arunachal Pradesh     District: All Districts     Block: All Blocks     Year: 2020     Month: January     Collaboration: All Collaborations     Agency:  Rural Works Department   Scheme: All Scheme,Note : All Costs and Expenditures in Lakhs and Length in Kms.,Clearance,Progress During Month,Cumulative Progress,New Connectivity,Upgradation,Total,New Connectivity,Upgradation,Total,New Connectivity,Upgradation,Total,Sr.No.,Sanction Year,Nos.,Length,Cost,1000+,999-500,499-250 (Eligible),Nos.,Length,Cost,LSB Nos.,Road Nos.,Road Length,Cost,Funds Released,Nos.,Length,Expenditure,1000+,999-500,499-250 (Eligible),Nos.,Length,Expenditure,Nos.,Length,Expenditure,Nos.,Length,Expenditure,1000+,999-500,499-250 (Eligible),Nos.,Length,Expenditure,LSB Nos.,Road Nos.,Road Length,Expenditure,Upper Subansiri,2005 - 2006,1,12.000,586.16,0,0,1,0,0,0.000,0.00,0,1,12.000,586.16,0.00,0,0.000,557.05,0,0,0,0,0,0.000,0.00,0,0.000,557.05,1,12.000,557.05,0,0,1,0,0,0.000,0.00,0,1,12.000,557.05,Total,109,"1,462.320","1,10,188.75",0,0,43,0,14,120.670,"14,364.53",25,123,"1,582.990","1,24,553.28",0.00,0,21.040,"43,871.30",0,0,0,0,0,1.600,105.00,0,22.640,"44,699.30",47,696.290,"48,321.20",0,1,15,0,0,2.000,315.00,2,47,698.290,"49,359.20",Grand Total,"1,387","14,515.167","11,73,314.32",49,126,466,0,276,"2,265.694","2,16,564.43",303,"1,663","16,780.861","13,89,878.75",0.00,3,178.791,"4,73,770.52",0,0,3,0,0,10.600,"6,077.44",3,189.391,"4,92,131.11",883,"8,265.337","4,89,536.36",49,119,331,0,9,90.615,"6,948.40",34,892,"8,355.952","5,09,288.08","Page 1 of 1     Generated on : 12/03/2025 19:29 PM     2014 NRRDA, All rights reserved"
Pradhan Mantri Gram Sadak Yojana,Monthly Report Format for Physical & Financial Progress under PMGSY,State: Arunachal Pradesh     District: All Districts     Block: All Blocks     Year: 2020     Month: January     Collaboration: All Collaborations     Agency:  Rural Works Department   Scheme: All Scheme,Note : All Costs and Expenditures in Lakhs and Length in Kms.,Clearance,Progress During Month,Cumulative Progress,New Connectivity,Upgradation,Total,New Connectivity,Upgradation,Total,New Connectivity,Upgradation,Total,Sr.No.,Sanction Year,Nos.,Length,Cost,1000+,999-500,499-250 (Eligible),Nos.,Length,Cost,LSB Nos.,Road Nos.,Road Length,Cost,Funds Released,Nos.,Length,Expenditure,1000+,999-500,499-250 (Eligible),Nos.,Length,Expenditure,Nos.,Length,Expenditure,Nos.,Length,Expenditure,1000+,999-500,499-250 (Eligible),Nos.,Length,Expenditure,LSB Nos.,Road Nos.,Road Length,Expenditure,Upper Subansiri,2006 - 2007,3,20.700,969.42,0,0,1,0,0,0.000,0.00,0,3,20.700,969.42,0.00,0,0.000,"1,018.48",0,0,0,0,0,0.000,0.00,0,0.000,"1,018.48",3,20.700,"1,018.48",0,0,1,0,0,0.000,0.00,0,3,20.700,"1,018.48",Total,109,"1,462.320","1,10,188.75",0,0,43,0,14,120.670,"14,364.53",25,123,"1,582.990","1,24,553.28",0.00,0,21.040,"43,871.30",0,0,0,0,0,1.600,105.00,0,22.640,"44,699.30",47,696.290,"48,321.20",0,1,15,0,0,2.000,315.00,2,47,698.290,"49,359.20",Grand Total,"1,387","14,515.167","11,73,314.32",49,126,466,0,276,"2,265.694","2,16,564.43",303,"1,663","16,780.861","13,89,878.75",0.00,3,178.791,"4,73,770.52",0,0,3,0,0,10.600,"6,077.44",3,189.391,"4,92,131.11",883,"8,265.337","4,89,536.36",49,119,331,0,9,90.615,"6,948.40",34,892,"8,355.952","5,09,288.08","Page 1 of 1     Generated on : 12/03/2025 19:29 PM     2014 NRRDA, All rights reserved"
Pradhan Mantri Gram Sadak Yojana,Monthly Report Format for Physical & Financial Progress under PMGSY,State: Arunachal Pradesh     District: All Districts     Block: All Blocks     Year: 2020     Month: January     Collaboration: All Collaborations     Agency:  Rural Works Department   Scheme: All Scheme,Note : All Costs and Expenditures in Lakhs and Length in Kms.,Clearance,Progress During Month,Cumulative Progress,New Connectivity,Upgradation,Total,New Connectivity,Upgradation,Total,New Connectivity,Upgradation,Total,Sr.No.,Sanction Year,Nos.,Length,Cost,1000+,999-500,499-250 (Eligible),Nos.,Length,Cost,LSB Nos.,Road Nos.,Road Length,Cost,Funds Released,Nos.,Length,Expenditure,1000+,999-500,499-250 (Eligible),Nos.,Length,Expenditure,Nos.,Length,Expenditure,Nos.,Length,Expenditure,1000+,999-500,499-250 (Eligible),Nos.,Length,Expenditure,LSB Nos.,Road Nos.,Road Length,Expenditure,Upper Subansiri,2007 - 2008,3,24.530,"1,570.89",0,0,3,0,0,0.000,0.00,0,3,24.530,"1,570.89",0.00,0,0.000,"1,596.40",0,0,0,0,0,0.000,0.00,0,0.000,"1,596.40",3,24.570,"1,596.40",0,0,3,0,0,0.000,0.00,0,3,24.570,"1,596.40",Total,109,"1,462.320","1,10,188.75",0,0,43,0,14,120.670,"14,364.53",25,123,"1,582.990","1,24,553.28",0.00,0,21.040,"43,871.30",0,0,0,0,0,1.600,105.00,0,22.640,"44,699.30",47,696.290,"48,321.20",0,1,15,0,0,2.000,315.00,2,47,698.290,"49,359.20",Grand Total,"1,387","14,515.167","11,73,314.32",49,126,466,0,276,"2,265.694","2,16,564.43",303,"1,663","16,780.861","13,89,878.75",0.00,3,178.791,"4,73,770.52",0,0,3,0,0,10.600,"6,077.44",3,189.391,"4,92,131.11",883,"8,265.337","4,89,536.36",49,119,331,0,9,90.615,"6,948.40",34,892,"8,355.952","5,09,288.08","Page 1 of 1     Generated on : 12/03/2025 19:29 PM     2014 NRRDA, All rights reserved"
Pradhan Mantri Gram Sadak Yojana,Monthly Report Format for Physical & Financial Progress under PMGSY,State: Arunachal Pradesh     District: All Districts     Block: All Blocks     Year: 2020     Month: January     Collaboration: All Collaborations     Agency:  Rural Works Department   Scheme: All Scheme,Note : All Costs and Expenditures in Lakhs and Length in Kms.,Clearance,Progress During Month,Cumulative Progress,New Connectivity,Upgradation,Total,New Connectivity,Upgradation,Total,New Connectivity,Upgradation,Total,Sr.No.,Sanction Year,Nos.,Length,Cost,1000+,999-500,499-250 (Eligible),Nos.,Length,Cost,LSB Nos.,Road Nos.,Road Length,Cost,Funds Released,Nos.,Length,Expenditure,1000+,999-500,499-250 (Eligible),Nos.,Length,Expenditure,Nos.,Length,Expenditure,Nos.,Length,Expenditure,1000+,999-500,499-250 (Eligible),Nos.,Length,Expenditure,LSB Nos.,Road Nos.,Road Length,Expenditure,Upper Subansiri,2008 - 2009,4,47.330,"2,858.14",0,0,4,0,0,0.000,0.00,0,4,47.330,"2,858.14",0.00,0,0.000,"2,721.28",0,0,0,0,0,0.000,0.00,0,0.000,"2,721.28",4,47.830,"2,721.28",0,0,4,0,0,0.000,0.00,0,4,47.830,"2,721.28",Total,109,"1,462.320","1,10,188.75",0,0,43,0,14,120.670,"14,364.53",25,123,"1,582.990","1,24,553.28",0.00,0,21.040,"43,871.30",0,0,0,0,0,1.600,105.00,0,22.640,"44,699.30",47,696.290,"48,321.20",0,1,15,0,0,2.000,315.00,2,47,698.290,"49,359.20",Grand Total,"1,387","14,515.167","11,73,314.32",49,126,466,0,276,"2,265.694","2,16,564.43",303,"1,663","16,780.861","13,89,878.75",0.00,3,178.791,"4,73,770.52",0,0,3,0,0,10.600,"6,077.44",3,189.391,"4,92,131.11",883,"8,265.337","4,89,536.36",49,119,331,0,9,90.615,"6,948.40",34,892,"8,355.952","5,09,288.08","Page 1 of 1     Generated on : 12/03/2025 19:29 PM     2014 NRRDA, All rights reserved"
Pradhan Mantri Gram Sadak Yojana,Monthly Report Format for Physical & Financial Progress under PMGSY,State: Arunachal Pradesh     District: All Districts     Block: All Blocks     Year: 2020     Month: January     Collaboration: All Collaborations     Agency:  Rural Works Department   Scheme: All Scheme,Note : All Costs and Expenditures in Lakhs and Length in Kms.,Clearance,Progress During Month,Cumulative Progress,New Connectivity,Upgradation,Total,New Connectivity,Upgradation,Total,New Connectivity,Upgradation,Total,Sr.No.,Sanction Year,Nos.,Length,Cost,1000+,999-500,499-250 (Eligible),Nos.,Length,Cost,LSB Nos.,Road Nos.,Road Length,Cost,Funds Released,Nos.,Length,Expenditure,1000+,999-500,499-250 (Eligible),Nos.,Length,Expenditure,Nos.,Length,Expenditure,Nos.,Length,Expenditure,1000+,999-500,499-250 (Eligible),Nos.,Length,Expenditure,LSB Nos.,Road Nos.,Road Length,Expenditure,Upper Subansiri,2009 - 2010,5,88.200,"6,326.68",0,0,5,0,0,0.000,0.00,0,5,88.200,"6,326.68",0.00,0,0.000,"5,908.18",0,0,0,0,0,0.000,0.00,0,0.000,"5,908.18",5,88.200,"5,908.18",0,1,4,0,0,0.000,0.00,0,5,88.200,"5,908.18",Total,109,"1,462.320","1,10,188.75",0,0,43,0,14,120.670,"14,364.53",25,123,"1,582.990","1,24,553.28",0.00,0,21.040,"43,871.30",0,0,0,0,0,1.600,105.00,0,22.640,"44,699.30",47,696.290,"48,321.20",0,1,15,0,0,2.000,315.00,2,47,698.290,"49,359.20",Grand Total,"1,387","14,515.167","11,73,314.32",49,126,466,0,276,"2,265.694","2,16,564.43",303,"1,663","16,780.861","13,89,878.75",0.00,3,178.791,"4,73,770.52",0,0,3,0,0,10.600,"6,077.44",3,189.391,"4,92,131.11",883,"8,265.337","4,89,536.36",49,119,331,0,9,90.615,"6,948.40",34,892,"8,355.952","5,09,288.08","Page 1 of 1     Generated on : 12/03/2025 19:29 PM     2014 NRRDA, All rights reserved"
Pradhan Mantri Gram Sadak Yojana,Monthly Report Format for Physical & Financial Progress under PMGSY,State: Arunachal Pradesh     District: All Districts     Block: All Blocks     Year: 2020     Month: January     Collaboration: All Collaborations     Agency:  Rural Works Department   Scheme: All Scheme,Note : All Costs and Expenditures in Lakhs and Length in Kms.,Clearance,Progress During Month,Cumulative Progress,New Connectivity,Upgradation,Total,New Connectivity,Upgradation,Total,New Connectivity,Upgradation,Total,Sr.No.,Sanction Year,Nos.,Length,Cost,1000+,999-500,499-250 (Eligible),Nos.,Length,Cost,LSB Nos.,Road Nos.,Road Length,Cost,Funds Released,Nos.,Length,Expenditure,1000+,999-500,499-250 (Eligible),Nos.,Length,Expenditure,Nos.,Length,Expenditure,Nos.,Length,Expenditure,1000+,999-500,499-250 (Eligible),Nos.,Length,Expenditure,LSB Nos.,Road Nos.,Road Length,Expenditure,Upper Subansiri,2012 - 2013,4,37.040,"1,909.07",0,0,0,0,0,0.000,0.00,0,4,37.040,"1,909.07",0.00,0,0.040,"1,898.31",0,0,0,0,0,0.000,0.00,0,0.040,"1,898.31",3,36.490,"1,898.31",0,0,0,0,0,0.000,0.00,0,3,36.490,"1,898.31",Total,109,"1,462.320","1,10,188.75",0,0,43,0,14,120.670,"14,364.53",25,123,"1,582.990","1,24,553.28",0.00,0,21.040,"43,871.30",0,0,0,0,0,1.600,105.00,0,22.640,"44,699.30",47,696.290,"48,321.20",0,1,15,0,0,2.000,315.00,2,47,698.290,"49,359.20",Grand Total,"1,387","14,515.167","11,73,314.32",49,126,466,0,276,"2,265.694","2,16,564.43",303,"1,663","16,780.861","13,89,878.75",0.00,3,178.791,"4,73,770.52",0,0,3,0,0,10.600,"6,077.44",3,189.391,"4,92,131.11",883,"8,265.337","4,89,536.36",49,119,331,0,9,90.615,"6,948.40",34,892,"8,355.952","5,09,288.08","Page 1 of 1     Generated on : 12/03/2025 19:29 PM     2014 NRRDA, All rights reserved"
Pradhan Mantri Gram Sadak Yojana,Monthly Report Format for Physical & Financial Progress under PMGSY,State: Arunachal Pradesh     District: All Districts     Block: All Blocks     Year: 2020     Month: January     Collaboration: All Collaborations     Agency:  Rural Works Department   Scheme: All Scheme,Note : All Costs and Expenditures in Lakhs and Length in Kms.,Clearance,Progress During Month,Cumulative Progress,New Connectivity,Upgradation,Total,New Connectivity,Upgradation,Total,New Connectivity,Upgradation,Total,Sr.No.,Sanction Year,Nos.,Length,Cost,1000+,999-500,499-250 (Eligible),Nos.,Length,Cost,LSB Nos.,Road Nos.,Road Length,Cost,Funds Released,Nos.,Length,Expenditure,1000+,999-500,499-250 (Eligible),Nos.,Length,Expenditure,Nos.,Length,Expenditure,Nos.,Length,Expenditure,1000+,999-500,499-250 (Eligible),Nos.,Length,Expenditure,LSB Nos.,Road Nos.,Road Length,Expenditure,Upper Subansiri,2013 - 2014,3,58.510,"5,370.35",0,0,3,0,0,0.000,0.00,3,3,58.510,"5,370.35",0.00,0,0.000,"3,840.38",0,0,0,0,0,0.000,0.00,0,0.000,"4,327.13",1,54.510,"3,840.38",0,0,1,0,0,0.000,0.00,2,1,54.510,"4,327.13",Total,109,"1,462.320","1,10,188.75",0,0,43,0,14,120.670,"14,364.53",25,123,"1,582.990","1,24,553.28",0.00,0,21.040,"43,871.30",0,0,0,0,0,1.600,105.00,0,22.640,"44,699.30",47,696.290,"48,321.20",0,1,15,0,0,2.000,315.00,2,47,698.290,"49,359.20",Grand Total,"1,387","14,515.167","11,73,314.32",49,126,466,0,276,"2,265.694","2,16,564.43",303,"1,663","16,780.861","13,89,878.75",0.00,3,178.791,"4,73,770.52",0,0,3,0,0,10.600,"6,077.44",3,189.391,"4,92,131.11",883,"8,265.337","4,89,536.36",49,119,331,0,9,90.615,"6,948.40",34,892,"8,355.952","5,09,288.08","Page 1 of 1     Generated on : 12/03/2025 19:29 PM     2014 NRRDA, All rights reserved"
Pradhan Mantri Gram Sadak Yojana,Monthly Report Format for Physical & Financial Progress under PMGSY,State: Arunachal Pradesh     District: All Districts     Block: All Blocks     Year: 2020     Month: January     Collaboration: All Collaborations     Agency:  Rural Works Department   Scheme: All Scheme,Note : All Costs and Expenditures in Lakhs and Length in Kms.,Clearance,Progress During Month,Cumulative Progress,New Connectivity,Upgradation,Total,New Connectivity,Upgradation,Total,New Connectivity,Upgradation,Total,Sr.No.,Sanction Year,Nos.,Length,Cost,1000+,999-500,499-250 (Eligible),Nos.,Length,Cost,LSB Nos.,Road Nos.,Road Length,Cost,Funds Released,Nos.,Length,Expenditure,1000+,999-500,499-250 (Eligible),Nos.,Length,Expenditure,Nos.,Length,Expenditure,Nos.,Length,Expenditure,1000+,999-500,499-250 (Eligible),Nos.,Length,Expenditure,LSB Nos.,Road Nos.,Road Length,Expenditure,Upper Subansiri,2014 - 2015,1,22.950,"1,386.04",0,0,1,0,0,0.000,0.00,0,1,22.950,"1,386.04",0.00,0,1.000,"1,014.93",0,0,0,0,0,0.000,0.00,0,1.000,"1,014.93",0,16.000,"1,146.18",0,0,0,0,0,0.000,0.00,0,0,16.000,"1,146.18",Total,109,"1,462.320","1,10,188.75",0,0,43,0,14,120.670,"14,364.53",25,123,"1,582.990","1,24,553.28",0.00,0,21.040,"43,871.30",0,0,0,0,0,1.600,105.00,0,22.640,"44,699.30",47,696.290,"48,321.20",0,1,15,0,0,2.000,315.00,2,47,698.290,"49,359.20",Grand Total,"1,387","14,515.167","11,73,314.32",49,126,466,0,276,"2,265.694","2,16,564.43",303,"1,663","16,780.861","13,89,878.75",0.00,3,178.791,"4,73,770.52",0,0,3,0,0,10.600,"6,077.44",3,189.391,"4,92,131.11",883,"8,265.337","4,89,536.36",49,119,331,0,9,90.615,"6,948.40",34,892,"8,355.952","5,09,288.08","Page 1 of 1     Generated on : 12/03/2025 19:29 PM     2014 NRRDA, All rights reserved"
Pradhan Mantri Gram Sadak Yojana,Monthly Report Format for Physical & Financial Progress under PMGSY,State: Arunachal Pradesh     District: All Districts     Block: All Blocks     Year: 2020     Month: January     Collaboration: All Collaborations     Agency:  Rural Works Department   Scheme: All Scheme,Note : All Costs and Expenditures in Lakhs and Length in Kms.,Clearance,Progress During Month,Cumulative Progress,New Connectivity,Upgradation,Total,New Connectivity,Upgradation,Total,New Connectivity,Upgradation,Total,Sr.No.,Sanction Year,Nos.,Length,Cost,1000+,999-500,499-250 (Eligible),Nos.,Length,Cost,LSB Nos.,Road Nos.,Road Length,Cost,Funds Released,Nos.,Length,Expenditure,1000+,999-500,499-250 (Eligible),Nos.,Length,Expenditure,Nos.,Length,Expenditure,Nos.,Length,Expenditure,1000+,999-500,499-250 (Eligible),Nos.,Length,Expenditure,LSB Nos.,Road Nos.,Road Length,Expenditure,Upper Subansiri,2016 - 2017,12,226.340,"19,835.79",0,0,10,0,0,0.000,0.00,3,12,226.340,"19,835.79",0.00,0,2.500,"11,269.72",0,0,0,0,0,0.000,0.00,0,2.500,"11,269.72",2,205.900,"12,422.62",0,0,1,0,0,0.000,0.00,0,2,205.900,"12,422.62",Total,109,"1,462.320","1,10,188.75",0,0,43,0,14,120.670,"14,364.53",25,123,"1,582.990","1,24,553.28",0.00,0,21.040,"43,871.30",0,0,0,0,0,1.600,105.00,0,22.640,"44,699.30",47,696.290,"48,321.20",0,1,15,0,0,2.000,315.00,2,47,698.290,"49,359.20",Grand Total,"1,387","14,515.167","11,73,314.32",49,126,466,0,276,"2,265.694","2,16,564.43",303,"1,663","16,780.861","13,89,878.75",0.00,3,178.791,"4,73,770.52",0,0,3,0,0,10.600,"6,077.44",3,189.391,"4,92,131.11",883,"8,265.337","4,89,536.36",49,119,331,0,9,90.615,"6,948.40",34,892,"8,355.952","5,09,288.08","Page 1 of 1     Generated on : 12/03/2025 19:29 PM     2014 NRRDA, All rights reserved"
Pradhan Mantri Gram Sadak Yojana,Monthly Report Format for Physical & Financial Progress under PMGSY,State: Arunachal Pradesh     District: All Districts     Block: All Blocks     Year: 2020     Month: January     Collaboration: All Collaborations     Agency:  Rural Works Department   Scheme: All Scheme,Note : All Costs and Expenditures in Lakhs and Length in Kms.,Clearance,Progress During Month,Cumulative Progress,New Connectivity,Upgradation,Total,New Connectivity,Upgradation,Total,New Connectivity,Upgradation,Total,Sr.No.,Sanction Year,Nos.,Length,Cost,1000+,999-500,499-250 (Eligible),Nos.,Length,Cost,LSB Nos.,Road Nos.,Road Length,Cost,Funds Released,Nos.,Length,Expenditure,1000+,999-500,499-250 (Eligible),Nos.,Length,Expenditure,Nos.,Length,Expenditure,Nos.,Length,Expenditure,1000+,999-500,499-250 (Eligible),Nos.,Length,Expenditure,LSB Nos.,Road Nos.,Road Length,Expenditure,Upper Subansiri,2017 - 2018,7,119.150,"13,018.45",0,0,7,0,0,0.000,0.00,3,7,119.150,"13,018.45",0.00,0,4.000,"5,832.31",0,0,0,0,0,0.000,0.00,0,4.000,"5,832.31",0,82.300,"6,147.31",0,0,0,0,0,0.000,0.00,0,0,82.300,"6,147.31",Total,109,"1,462.320","1,10,188.75",0,0,43,0,14,120.670,"14,364.53",25,123,"1,582.990","1,24,553.28",0.00,0,21.040,"43,871.30",0,0,0,0,0,1.600,105.00,0,22.640,"44,699.30",47,696.290,"48,321.20",0,1,15,0,0,2.000,315.00,2,47,698.290,"49,359.20",Grand Total,"1,387","14,515.167","11,73,314.32",49,126,466,0,276,"2,265.694","2,16,564.43",303,"1,663","16,780.861","13,89,878.75",0.00,3,178.791,"4,73,770.52",0,0,3,0,0,10.600,"6,077.44",3,189.391,"4,92,131.11",883,"8,265.337","4,89,536.36",49,119,331,0,9,90.615,"6,948.40",34,892,"8,355.952","5,09,288.08","Page 1 of 1     Generated on : 12/03/2025 19:29 PM     2014 NRRDA, All rights reserved"
Pradhan Mantri Gram Sadak Yojana,Monthly Report Format for Physical & Financial Progress under PMGSY,State: Arunachal Pradesh     District: All Districts     Block: All Blocks     Year: 2020     Month: January     Collaboration: All Collaborations     Agency:  Rural Works Department   Scheme: All Scheme,Note : All Costs and Expenditures in Lakhs and Length in Kms.,Clearance,Progress During Month,Cumulative Progress,New Connectivity,Upgradation,Total,New Connectivity,Upgradation,Total,New Connectivity,Upgradation,Total,Sr.No.,Sanction Year,Nos.,Length,Cost,1000+,999-500,499-250 (Eligible),Nos.,Length,Cost,LSB Nos.,Road Nos.,Road Length,Cost,Funds Released,Nos.,Length,Expenditure,1000+,999-500,499-250 (Eligible),Nos.,Length,Expenditure,Nos.,Length,Expenditure,Nos.,Length,Expenditure,1000+,999-500,499-250 (Eligible),Nos.,Length,Expenditure,LSB Nos.,Road Nos.,Road Length,Expenditure,Upper Subansiri,2018 - 2019,38,713.980,"49,370.53",0,0,8,0,1,19.000,"1,517.42",10,39,732.980,"50,887.95",0.00,0,13.500,"7,366.80",0,0,0,0,0,1.600,105.00,0,15.100,"7,708.05",0,41.200,"10,217.55",0,0,0,0,0,2.000,315.00,0,0,43.200,"10,768.80",Total,109,"1,462.320","1,10,188.75",0,0,43,0,14,120.670,"14,364.53",25,123,"1,582.990","1,24,553.28",0.00,0,21.040,"43,871.30",0,0,0,0,0,1.600,105.00,0,22.640,"44,699.30",47,696.290,"48,321.20",0,1,15,0,0,2.000,315.00,2,47,698.290,"49,359.20",Grand Total,"1,387","14,515.167","11,73,314.32",49,126,466,0,276,"2,265.694","2,16,564.43",303,"1,663","16,780.861","13,89,878.75",0.00,3,178.791,"4,73,770.52",0,0,3,0,0,10.600,"6,077.44",3,189.391,"4,92,131.11",883,"8,265.337","4,89,536.36",49,119,331,0,9,90.615,"6,948.40",34,892,"8,355.952","5,09,288.08","Page 1 of 1     Generated on : 12/03/2025 19:29 PM     2014 NRRDA, All rights reserved"
Pradhan Mantri Gram Sadak Yojana,Monthly Report Format for Physical & Financial Progress under PMGSY,State: Arunachal Pradesh     District: All Districts     Block: All Blocks     Year: 2020     Month: January     Collaboration: All Collaborations     Agency:  Rural Works Department   Scheme: All Scheme,Note : All Costs and Expenditures in Lakhs and Length in Kms.,Clearance,Progress During Month,Cumulative Progress,New Connectivity,Upgradation,Total,New Connectivity,Upgradation,Total,New Connectivity,Upgradation,Total,Sr.No.,Sanction Year,Nos.,Length,Cost,1000+,999-500,499-250 (Eligible),Nos.,Length,Cost,LSB Nos.,Road Nos.,Road Length,Cost,Funds Released,Nos.,Length,Expenditure,1000+,999-500,499-250 (Eligible),Nos.,Length,Expenditure,Nos.,Length,Expenditure,Nos.,Length,Expenditure,1000+,999-500,499-250 (Eligible),Nos.,Length,Expenditure,LSB Nos.,Road Nos.,Road Length,Expenditure,Upper Subansiri,2019 - 2020,0,0.000,0.00,0,0,0,0,4,38.370,"5,221.19",1,4,38.370,"5,221.19",0.00,0,0.000,0.00,0,0,0,0,0,0.000,0.00,0,0.000,0.00,0,0.000,,0,0,0,0,0,0.000,0.00,0,0,0.000,0.00,Total,109,"1,462.320","1,10,188.75",0,0,43,0,14,120.670,"14,364.53",25,123,"1,582.990","1,24,553.28",0.00,0,21.040,"43,871.30",0,0,0,0,0,1.600,105.00,0,22.640,"44,699.30",47,696.290,"48,321.20",0,1,15,0,0,2.000,315.00,2,47,698.290,"49,359.20",Grand Total,"1,387","14,515.167","11,73,314.32",49,126,466,0,276,"2,265.694","2,16,564.43",303,"1,663","16,780.861","13,89,878.75",0.00,3,178.791,"4,73,770.52",0,0,3,0,0,10.600,"6,077.44",3,189.391,"4,92,131.11",883,"8,265.337","4,89,536.36",49,119,331,0,9,90.615,"6,948.40",34,892,"8,355.952","5,09,288.08","Page 1 of 1     Generated on : 12/03/2025 19:29 PM     2014 NRRDA, All rights reserved"
Pradhan Mantri Gram Sadak Yojana,Monthly Report Format for Physical & Financial Progress under PMGSY,State: Arunachal Pradesh     District: All Districts     Block: All Blocks     Year: 2020     Month: January     Collaboration: All Collaborations     Agency:  Rural Works Department   Scheme: All Scheme,Note : All Costs and Expenditures in Lakhs and Length in Kms.,Clearance,Progress During Month,Cumulative Progress,New Connectivity,Upgradation,Total,New Connectivity,Upgradation,Total,New Connectivity,Upgradation,Total,Sr.No.,Sanction Year,Nos.,Length,Cost,1000+,999-500,499-250 (Eligible),Nos.,Length,Cost,LSB Nos.,Road Nos.,Road Length,Cost,Funds Released,Nos.,Length,Expenditure,1000+,999-500,499-250 (Eligible),Nos.,Length,Expenditure,Nos.,Length,Expenditure,Nos.,Length,Expenditure,1000+,999-500,499-250 (Eligible),Nos.,Length,Expenditure,LSB Nos.,Road Nos.,Road Length,Expenditure,Upper Subansiri,2023 - 2024,3,25.000,"6,139.44",0,0,0,0,9,63.300,"7,625.92",5,12,88.300,"13,765.36",0.00,0,0.000,0.00,0,0,0,0,0,0.000,0.00,0,0.000,0.00,0,0.000,,0,0,0,0,0,0.000,0.00,0,0,0.000,0.00,Total,109,"1,462.320","1,10,188.75",0,0,43,0,14,120.670,"14,364.53",25,123,"1,582.990","1,24,553.28",0.00,0,21.040,"43,871.30",0,0,0,0,0,1.600,105.00,0,22.640,"44,699.30",47,696.290,"48,321.20",0,1,15,0,0,2.000,315.00,2,47,698.290,"49,359.20",Grand Total,"1,387","14,515.167","11,73,314.32",49,126,466,0,276,"2,265.694","2,16,564.43",303,"1,663","16,780.861","13,89,878.75",0.00,3,178.791,"4,73,770.52",0,0,3,0,0,10.600,"6,077.44",3,189.391,"4,92,131.11",883,"8,265.337","4,89,536.36",49,119,331,0,9,90.615,"6,948.40",34,892,"8,355.952","5,09,288.08","Page 1 of 1     Generated on : 12/03/2025 19:29 PM     2014 NRRDA, All rights reserved"
Pradhan Mantri Gram Sadak Yojana,Monthly Report Format for Physical & Financial Progress under PMGSY,State: Arunachal Pradesh     District: All Districts     Block: All Blocks     Year: 2020     Month: January     Collaboration: All Collaborations     Agency:  Rural Works Department   Scheme: All Scheme,Note : All Costs and Expenditures in Lakhs and Length in Kms.,Clearance,Progress During Month,Cumulative Progress,New Connectivity,Upgradation,Total,New Connectivity,Upgradation,Total,New Connectivity,Upgradation,Total,Sr.No.,Sanction Year,Nos.,Length,Cost,1000+,999-500,499-250 (Eligible),Nos.,Length,Cost,LSB Nos.,Road Nos.,Road Length,Cost,Funds Released,Nos.,Length,Expenditure,1000+,999-500,499-250 (Eligible),Nos.,Length,Expenditure,Nos.,Length,Expenditure,Nos.,Length,Expenditure,1000+,999-500,499-250 (Eligible),Nos.,Length,Expenditure,LSB Nos.,Road Nos.,Road Length,Expenditure,West Kameng,2000 - 2001,12,18.830,297.50,0,1,0,0,0,0.000,0.00,0,12,18.830,297.50,0.00,0,0.000,297.47,0,0,0,0,0,0.000,0.00,0,0.000,297.47,12,18.830,297.47,0,1,0,0,0,0.000,0.00,0,12,18.830,297.47,Total,84,775.769,"45,179.83",3,5,20,0,12,80.520,"5,772.41",11,96,856.289,"50,952.24",0.00,2,2.411,"31,591.27",0,0,0,0,0,0.000,0.00,2,2.411,"32,850.05",72,569.414,"32,172.48",3,5,16,0,0,0.000,0.00,4,72,569.414,"33,431.26",Grand Total,"1,387","14,515.167","11,73,314.32",49,126,466,0,276,"2,265.694","2,16,564.43",303,"1,663","16,780.861","13,89,878.75",0.00,3,178.791,"4,73,770.52",0,0,3,0,0,10.600,"6,077.44",3,189.391,"4,92,131.11",883,"8,265.337","4,89,536.36",49,119,331,0,9,90.615,"6,948.40",34,892,"8,355.952","5,09,288.08","Page 1 of 1     Generated on : 12/03/2025 19:29 PM     2014 NRRDA, All rights reserved"
Pradhan Mantri Gram Sadak Yojana,Monthly Report Format for Physical & Financial Progress under PMGSY,State: Arunachal Pradesh     District: All Districts     Block: All Blocks     Year: 2020     Month: January     Collaboration: All Collaborations     Agency:  Rural Works Department   Scheme: All Scheme,Note : All Costs and Expenditures in Lakhs and Length in Kms.,Clearance,Progress During Month,Cumulative Progress,New Connectivity,Upgradation,Total,New Connectivity,Upgradation,Total,New Connectivity,Upgradation,Total,Sr.No.,Sanction Year,Nos.,Length,Cost,1000+,999-500,499-250 (Eligible),Nos.,Length,Cost,LSB Nos.,Road Nos.,Road Length,Cost,Funds Released,Nos.,Length,Expenditure,1000+,999-500,499-250 (Eligible),Nos.,Length,Expenditure,Nos.,Length,Expenditure,Nos.,Length,Expenditure,1000+,999-500,499-250 (Eligible),Nos.,Length,Expenditure,LSB Nos.,Road Nos.,Road Length,Expenditure,West Kameng,2001 - 2002,14,52.310,791.80,2,2,4,0,0,0.000,0.00,0,14,52.310,791.80,0.00,0,0.000,791.25,0,0,0,0,0,0.000,0.00,0,0.000,791.25,14,52.310,791.25,2,2,4,0,0,0.000,0.00,0,14,52.310,791.25,Total,84,775.769,"45,179.83",3,5,20,0,12,80.520,"5,772.41",11,96,856.289,"50,952.24",0.00,2,2.411,"31,591.27",0,0,0,0,0,0.000,0.00,2,2.411,"32,850.05",72,569.414,"32,172.48",3,5,16,0,0,0.000,0.00,4,72,569.414,"33,431.26",Grand Total,"1,387","14,515.167","11,73,314.32",49,126,466,0,276,"2,265.694","2,16,564.43",303,"1,663","16,780.861","13,89,878.75",0.00,3,178.791,"4,73,770.52",0,0,3,0,0,10.600,"6,077.44",3,189.391,"4,92,131.11",883,"8,265.337","4,89,536.36",49,119,331,0,9,90.615,"6,948.40",34,892,"8,355.952","5,09,288.08","Page 1 of 1     Generated on : 12/03/2025 19:29 PM     2014 NRRDA, All rights reserved"
Pradhan Mantri Gram Sadak Yojana,Monthly Report Format for Physical & Financial Progress under PMGSY,State: Arunachal Pradesh     District: All Districts     Block: All Blocks     Year: 2020     Month: January     Collaboration: All Collaborations     Agency:  Rural Works Department   Scheme: All Scheme,Note : All Costs and Expenditures in Lakhs and Length in Kms.,Clearance,Progress During Month,Cumulative Progress,New Connectivity,Upgradation,Total,New Connectivity,Upgradation,Total,New Connectivity,Upgradation,Total,Sr.No.,Sanction Year,Nos.,Length,Cost,1000+,999-500,499-250 (Eligible),Nos.,Length,Cost,LSB Nos.,Road Nos.,Road Length,Cost,Funds Released,Nos.,Length,Expenditure,1000+,999-500,499-250 (Eligible),Nos.,Length,Expenditure,Nos.,Length,Expenditure,Nos.,Length,Expenditure,1000+,999-500,499-250 (Eligible),Nos.,Length,Expenditure,LSB Nos.,Road Nos.,Road Length,Expenditure,West Kameng,2004 - 2005,4,30.810,"1,186.60",1,0,3,0,0,0.000,0.00,0,4,30.810,"1,186.60",0.00,0,0.000,"1,480.70",0,0,0,0,0,0.000,0.00,0,0.000,"1,480.70",4,30.810,"1,480.70",1,0,3,0,0,0.000,0.00,0,4,30.810,"1,480.70",Total,84,775.769,"45,179.83",3,5,20,0,12,80.520,"5,772.41",11,96,856.289,"50,952.24",0.00,2,2.411,"31,591.27",0,0,0,0,0,0.000,0.00,2,2.411,"32,850.05",72,569.414,"32,172.48",3,5,16,0,0,0.000,0.00,4,72,569.414,"33,431.26",Grand Total,"1,387","14,515.167","11,73,314.32",49,126,466,0,276,"2,265.694","2,16,564.43",303,"1,663","16,780.861","13,89,878.75",0.00,3,178.791,"4,73,770.52",0,0,3,0,0,10.600,"6,077.44",3,189.391,"4,92,131.11",883,"8,265.337","4,89,536.36",49,119,331,0,9,90.615,"6,948.40",34,892,"8,355.952","5,09,288.08","Page 1 of 1     Generated on : 12/03/2025 19:29 PM     2014 NRRDA, All rights reserved"
Pradhan Mantri Gram Sadak Yojana,Monthly Report Format for Physical & Financial Progress under PMGSY,State: Arunachal Pradesh     District: All Districts     Block: All Blocks     Year: 2020     Month: January     Collaboration: All Collaborations     Agency:  Rural Works Department   Scheme: All Scheme,Note : All Costs and Expenditures in Lakhs and Length in Kms.,Clearance,Progress During Month,Cumulative Progress,New Connectivity,Upgradation,Total,New Connectivity,Upgradation,Total,New Connectivity,Upgradation,Total,Sr.No.,Sanction Year,Nos.,Length,Cost,1000+,999-500,499-250 (Eligible),Nos.,Length,Cost,LSB Nos.,Road Nos.,Road Length,Cost,Funds Released,Nos.,Length,Expenditure,1000+,999-500,499-250 (Eligible),Nos.,Length,Expenditure,Nos.,Length,Expenditure,Nos.,Length,Expenditure,1000+,999-500,499-250 (Eligible),Nos.,Length,Expenditure,LSB Nos.,Road Nos.,Road Length,Expenditure,West Kameng,2005 - 2006,3,23.650,"1,627.54",0,2,0,0,0,0.000,0.00,0,3,23.650,"1,627.54",0.00,0,0.000,"1,687.68",0,0,0,0,0,0.000,0.00,0,0.000,"1,687.68",3,23.650,"1,687.68",0,2,0,0,0,0.000,0.00,0,3,23.650,"1,687.68",Total,84,775.769,"45,179.83",3,5,20,0,12,80.520,"5,772.41",11,96,856.289,"50,952.24",0.00,2,2.411,"31,591.27",0,0,0,0,0,0.000,0.00,2,2.411,"32,850.05",72,569.414,"32,172.48",3,5,16,0,0,0.000,0.00,4,72,569.414,"33,431.26",Grand Total,"1,387","14,515.167","11,73,314.32",49,126,466,0,276,"2,265.694","2,16,564.43",303,"1,663","16,780.861","13,89,878.75",0.00,3,178.791,"4,73,770.52",0,0,3,0,0,10.600,"6,077.44",3,189.391,"4,92,131.11",883,"8,265.337","4,89,536.36",49,119,331,0,9,90.615,"6,948.40",34,892,"8,355.952","5,09,288.08","Page 1 of 1     Generated on : 12/03/2025 19:29 PM     2014 NRRDA, All rights reserved"
Pradhan Mantri Gram Sadak Yojana,Monthly Report Format for Physical & Financial Progress under PMGSY,State: Arunachal Pradesh     District: All Districts     Block: All Blocks     Year: 2020     Month: January     Collaboration: All Collaborations     Agency:  Rural Works Department   Scheme: All Scheme,Note : All Costs and Expenditures in Lakhs and Length in Kms.,Clearance,Progress During Month,Cumulative Progress,New Connectivity,Upgradation,Total,New Connectivity,Upgradation,Total,New Connectivity,Upgradation,Total,Sr.No.,Sanction Year,Nos.,Length,Cost,1000+,999-500,499-250 (Eligible),Nos.,Length,Cost,LSB Nos.,Road Nos.,Road Length,Cost,Funds Released,Nos.,Length,Expenditure,1000+,999-500,499-250 (Eligible),Nos.,Length,Expenditure,Nos.,Length,Expenditure,Nos.,Length,Expenditure,1000+,999-500,499-250 (Eligible),Nos.,Length,Expenditure,LSB Nos.,Road Nos.,Road Length,Expenditure,West Kameng,2006 - 2007,15,73.830,"3,259.84",0,0,1,0,0,0.000,0.00,0,15,73.830,"3,259.84",0.00,0,0.000,"3,283.03",0,0,0,0,0,0.000,0.00,0,0.000,"3,283.03",15,74.030,"3,283.03",0,0,1,0,0,0.000,0.00,0,15,74.030,"3,283.03",Total,84,775.769,"45,179.83",3,5,20,0,12,80.520,"5,772.41",11,96,856.289,"50,952.24",0.00,2,2.411,"31,591.27",0,0,0,0,0,0.000,0.00,2,2.411,"32,850.05",72,569.414,"32,172.48",3,5,16,0,0,0.000,0.00,4,72,569.414,"33,431.26",Grand Total,"1,387","14,515.167","11,73,314.32",49,126,466,0,276,"2,265.694","2,16,564.43",303,"1,663","16,780.861","13,89,878.75",0.00,3,178.791,"4,73,770.52",0,0,3,0,0,10.600,"6,077.44",3,189.391,"4,92,131.11",883,"8,265.337","4,89,536.36",49,119,331,0,9,90.615,"6,948.40",34,892,"8,355.952","5,09,288.08","Page 1 of 1     Generated on : 12/03/2025 19:29 PM     2014 NRRDA, All rights reserved"
Pradhan Mantri Gram Sadak Yojana,Monthly Report Format for Physical & Financial Progress under PMGSY,State: Arunachal Pradesh     District: All Districts     Block: All Blocks     Year: 2020     Month: January     Collaboration: All Collaborations     Agency:  Rural Works Department   Scheme: All Scheme,Note : All Costs and Expenditures in Lakhs and Length in Kms.,Clearance,Progress During Month,Cumulative Progress,New Connectivity,Upgradation,Total,New Connectivity,Upgradation,Total,New Connectivity,Upgradation,Total,Sr.No.,Sanction Year,Nos.,Length,Cost,1000+,999-500,499-250 (Eligible),Nos.,Length,Cost,LSB Nos.,Road Nos.,Road Length,Cost,Funds Released,Nos.,Length,Expenditure,1000+,999-500,499-250 (Eligible),Nos.,Length,Expenditure,Nos.,Length,Expenditure,Nos.,Length,Expenditure,1000+,999-500,499-250 (Eligible),Nos.,Length,Expenditure,LSB Nos.,Road Nos.,Road Length,Expenditure,West Kameng,2007 - 2008,5,43.700,"3,188.95",0,0,4,0,0,0.000,0.00,1,5,43.700,"3,188.95",0.00,0,0.000,"2,978.51",0,0,0,0,0,0.000,0.00,0,0.000,"3,087.09",5,43.700,"2,978.51",0,0,4,0,0,0.000,0.00,0,5,43.700,"3,087.09",Total,84,775.769,"45,179.83",3,5,20,0,12,80.520,"5,772.41",11,96,856.289,"50,952.24",0.00,2,2.411,"31,591.27",0,0,0,0,0,0.000,0.00,2,2.411,"32,850.05",72,569.414,"32,172.48",3,5,16,0,0,0.000,0.00,4,72,569.414,"33,431.26",Grand Total,"1,387","14,515.167","11,73,314.32",49,126,466,0,276,"2,265.694","2,16,564.43",303,"1,663","16,780.861","13,89,878.75",0.00,3,178.791,"4,73,770.52",0,0,3,0,0,10.600,"6,077.44",3,189.391,"4,92,131.11",883,"8,265.337","4,89,536.36",49,119,331,0,9,90.615,"6,948.40",34,892,"8,355.952","5,09,288.08","Page 1 of 1     Generated on : 12/03/2025 19:29 PM     2014 NRRDA, All rights reserved"
Pradhan Mantri Gram Sadak Yojana,Monthly Report Format for Physical & Financial Progress under PMGSY,State: Arunachal Pradesh     District: All Districts     Block: All Blocks     Year: 2020     Month: January     Collaboration: All Collaborations     Agency:  Rural Works Department   Scheme: All Scheme,Note : All Costs and Expenditures in Lakhs and Length in Kms.,Clearance,Progress During Month,Cumulative Progress,New Connectivity,Upgradation,Total,New Connectivity,Upgradation,Total,New Connectivity,Upgradation,Total,Sr.No.,Sanction Year,Nos.,Length,Cost,1000+,999-500,499-250 (Eligible),Nos.,Length,Cost,LSB Nos.,Road Nos.,Road Length,Cost,Funds Released,Nos.,Length,Expenditure,1000+,999-500,499-250 (Eligible),Nos.,Length,Expenditure,Nos.,Length,Expenditure,Nos.,Length,Expenditure,1000+,999-500,499-250 (Eligible),Nos.,Length,Expenditure,LSB Nos.,Road Nos.,Road Length,Expenditure,West Kameng,2008 - 2009,4,44.750,"3,212.35",0,0,1,0,0,0.000,0.00,0,4,44.750,"3,212.35",0.00,0,0.000,"3,020.00",0,0,0,0,0,0.000,0.00,0,0.000,"3,020.00",4,44.750,"3,020.00",0,0,1,0,0,0.000,0.00,0,4,44.750,"3,020.00",Total,84,775.769,"45,179.83",3,5,20,0,12,80.520,"5,772.41",11,96,856.289,"50,952.24",0.00,2,2.411,"31,591.27",0,0,0,0,0,0.000,0.00,2,2.411,"32,850.05",72,569.414,"32,172.48",3,5,16,0,0,0.000,0.00,4,72,569.414,"33,431.26",Grand Total,"1,387","14,515.167","11,73,314.32",49,126,466,0,276,"2,265.694","2,16,564.43",303,"1,663","16,780.861","13,89,878.75",0.00,3,178.791,"4,73,770.52",0,0,3,0,0,10.600,"6,077.44",3,189.391,"4,92,131.11",883,"8,265.337","4,89,536.36",49,119,331,0,9,90.615,"6,948.40",34,892,"8,355.952","5,09,288.08","Page 1 of 1     Generated on : 12/03/2025 19:29 PM     2014 NRRDA, All rights reserved"
Pradhan Mantri Gram Sadak Yojana,Monthly Report Format for Physical & Financial Progress under PMGSY,State: Arunachal Pradesh     District: All Districts     Block: All Blocks     Year: 2020     Month: January     Collaboration: All Collaborations     Agency:  Rural Works Department   Scheme: All Scheme,Note : All Costs and Expenditures in Lakhs and Length in Kms.,Clearance,Progress During Month,Cumulative Progress,New Connectivity,Upgradation,Total,New Connectivity,Upgradation,Total,New Connectivity,Upgradation,Total,Sr.No.,Sanction Year,Nos.,Length,Cost,1000+,999-500,499-250 (Eligible),Nos.,Length,Cost,LSB Nos.,Road Nos.,Road Length,Cost,Funds Released,Nos.,Length,Expenditure,1000+,999-500,499-250 (Eligible),Nos.,Length,Expenditure,Nos.,Length,Expenditure,Nos.,Length,Expenditure,1000+,999-500,499-250 (Eligible),Nos.,Length,Expenditure,LSB Nos.,Road Nos.,Road Length,Expenditure,West Kameng,2009 - 2010,4,64.830,"4,356.66",0,0,2,0,0,0.000,0.00,0,4,64.830,"4,356.66",0.00,0,0.000,"3,478.70",0,0,0,0,0,0.000,0.00,0,0.000,"3,478.70",3,64.830,"3,478.70",0,0,1,0,0,0.000,0.00,0,3,64.830,"3,478.70",Total,84,775.769,"45,179.83",3,5,20,0,12,80.520,"5,772.41",11,96,856.289,"50,952.24",0.00,2,2.411,"31,591.27",0,0,0,0,0,0.000,0.00,2,2.411,"32,850.05",72,569.414,"32,172.48",3,5,16,0,0,0.000,0.00,4,72,569.414,"33,431.26",Grand Total,"1,387","14,515.167","11,73,314.32",49,126,466,0,276,"2,265.694","2,16,564.43",303,"1,663","16,780.861","13,89,878.75",0.00,3,178.791,"4,73,770.52",0,0,3,0,0,10.600,"6,077.44",3,189.391,"4,92,131.11",883,"8,265.337","4,89,536.36",49,119,331,0,9,90.615,"6,948.40",34,892,"8,355.952","5,09,288.08","Page 1 of 1     Generated on : 12/03/2025 19:29 PM     2014 NRRDA, All rights reserved"
Pradhan Mantri Gram Sadak Yojana,Monthly Report Format for Physical & Financial Progress under PMGSY,State: Arunachal Pradesh     District: All Districts     Block: All Blocks     Year: 2020     Month: January     Collaboration: All Collaborations     Agency:  Rural Works Department   Scheme: All Scheme,Note : All Costs and Expenditures in Lakhs and Length in Kms.,Clearance,Progress During Month,Cumulative Progress,New Connectivity,Upgradation,Total,New Connectivity,Upgradation,Total,New Connectivity,Upgradation,Total,Sr.No.,Sanction Year,Nos.,Length,Cost,1000+,999-500,499-250 (Eligible),Nos.,Length,Cost,LSB Nos.,Road Nos.,Road Length,Cost,Funds Released,Nos.,Length,Expenditure,1000+,999-500,499-250 (Eligible),Nos.,Length,Expenditure,Nos.,Length,Expenditure,Nos.,Length,Expenditure,1000+,999-500,499-250 (Eligible),Nos.,Length,Expenditure,LSB Nos.,Road Nos.,Road Length,Expenditure,West Kameng,2012 - 2013,7,68.540,"3,033.77",0,0,0,0,0,0.000,0.00,0,7,68.540,"3,033.77",0.00,1,1.911,"2,905.68",0,0,0,0,0,0.000,0.00,1,1.911,"2,905.68",7,68.220,"2,905.68",0,0,0,0,0,0.000,0.00,0,7,68.220,"2,905.68",Total,84,775.769,"45,179.83",3,5,20,0,12,80.520,"5,772.41",11,96,856.289,"50,952.24",0.00,2,2.411,"31,591.27",0,0,0,0,0,0.000,0.00,2,2.411,"32,850.05",72,569.414,"32,172.48",3,5,16,0,0,0.000,0.00,4,72,569.414,"33,431.26",Grand Total,"1,387","14,515.167","11,73,314.32",49,126,466,0,276,"2,265.694","2,16,564.43",303,"1,663","16,780.861","13,89,878.75",0.00,3,178.791,"4,73,770.52",0,0,3,0,0,10.600,"6,077.44",3,189.391,"4,92,131.11",883,"8,265.337","4,89,536.36",49,119,331,0,9,90.615,"6,948.40",34,892,"8,355.952","5,09,288.08","Page 1 of 1     Generated on : 12/03/2025 19:29 PM     2014 NRRDA, All rights reserved"
Pradhan Mantri Gram Sadak Yojana,Monthly Report Format for Physical & Financial Progress under PMGSY,State: Arunachal Pradesh     District: All Districts     Block: All Blocks     Year: 2020     Month: January     Collaboration: All Collaborations     Agency:  Rural Works Department   Scheme: All Scheme,Note : All Costs and Expenditures in Lakhs and Length in Kms.,Clearance,Progress During Month,Cumulative Progress,New Connectivity,Upgradation,Total,New Connectivity,Upgradation,Total,New Connectivity,Upgradation,Total,Sr.No.,Sanction Year,Nos.,Length,Cost,1000+,999-500,499-250 (Eligible),Nos.,Length,Cost,LSB Nos.,Road Nos.,Road Length,Cost,Funds Released,Nos.,Length,Expenditure,1000+,999-500,499-250 (Eligible),Nos.,Length,Expenditure,Nos.,Length,Expenditure,Nos.,Length,Expenditure,1000+,999-500,499-250 (Eligible),Nos.,Length,Expenditure,LSB Nos.,Road Nos.,Road Length,Expenditure,West Kameng,2013 - 2014,4,108.070,"11,790.16",0,0,3,0,0,0.000,0.00,9,4,108.070,"11,790.16",0.00,0,0.000,"7,482.48",0,0,0,0,0,0.000,0.00,0,0.000,"8,632.68",2,93.350,"7,482.48",0,0,1,0,0,0.000,0.00,4,2,93.350,"8,632.68",Total,84,775.769,"45,179.83",3,5,20,0,12,80.520,"5,772.41",11,96,856.289,"50,952.24",0.00,2,2.411,"31,591.27",0,0,0,0,0,0.000,0.00,2,2.411,"32,850.05",72,569.414,"32,172.48",3,5,16,0,0,0.000,0.00,4,72,569.414,"33,431.26",Grand Total,"1,387","14,515.167","11,73,314.32",49,126,466,0,276,"2,265.694","2,16,564.43",303,"1,663","16,780.861","13,89,878.75",0.00,3,178.791,"4,73,770.52",0,0,3,0,0,10.600,"6,077.44",3,189.391,"4,92,131.11",883,"8,265.337","4,89,536.36",49,119,331,0,9,90.615,"6,948.40",34,892,"8,355.952","5,09,288.08","Page 1 of 1     Generated on : 12/03/2025 19:29 PM     2014 NRRDA, All rights reserved"
Pradhan Mantri Gram Sadak Yojana,Monthly Report Format for Physical & Financial Progress under PMGSY,State: Arunachal Pradesh     District: All Districts     Block: All Blocks     Year: 2020     Month: January     Collaboration: All Collaborations     Agency:  Rural Works Department   Scheme: All Scheme,Note : All Costs and Expenditures in Lakhs and Length in Kms.,Clearance,Progress During Month,Cumulative Progress,New Connectivity,Upgradation,Total,New Connectivity,Upgradation,Total,New Connectivity,Upgradation,Total,Sr.No.,Sanction Year,Nos.,Length,Cost,1000+,999-500,499-250 (Eligible),Nos.,Length,Cost,LSB Nos.,Road Nos.,Road Length,Cost,Funds Released,Nos.,Length,Expenditure,1000+,999-500,499-250 (Eligible),Nos.,Length,Expenditure,Nos.,Length,Expenditure,Nos.,Length,Expenditure,1000+,999-500,499-250 (Eligible),Nos.,Length,Expenditure,LSB Nos.,Road Nos.,Road Length,Expenditure,West Kameng,2016 - 2017,6,88.229,"5,939.57",0,0,2,0,0,0.000,0.00,1,6,88.229,"5,939.57",0.00,1,0.500,"4,142.54",0,0,0,0,0,0.000,0.00,1,0.500,"4,142.54",3,54.934,"4,191.56",0,0,1,0,0,0.000,0.00,0,3,54.934,"4,191.56",Total,84,775.769,"45,179.83",3,5,20,0,12,80.520,"5,772.41",11,96,856.289,"50,952.24",0.00,2,2.411,"31,591.27",0,0,0,0,0,0.000,0.00,2,2.411,"32,850.05",72,569.414,"32,172.48",3,5,16,0,0,0.000,0.00,4,72,569.414,"33,431.26",Grand Total,"1,387","14,515.167","11,73,314.32",49,126,466,0,276,"2,265.694","2,16,564.43",303,"1,663","16,780.861","13,89,878.75",0.00,3,178.791,"4,73,770.52",0,0,3,0,0,10.600,"6,077.44",3,189.391,"4,92,131.11",883,"8,265.337","4,89,536.36",49,119,331,0,9,90.615,"6,948.40",34,892,"8,355.952","5,09,288.08","Page 1 of 1     Generated on : 12/03/2025 19:29 PM     2014 NRRDA, All rights reserved"
Pradhan Mantri Gram Sadak Yojana,Monthly Report Format for Physical & Financial Progress under PMGSY,State: Arunachal Pradesh     District: All Districts     Block: All Blocks     Year: 2020     Month: January     Collaboration: All Collaborations     Agency:  Rural Works Department   Scheme: All Scheme,Note : All Costs and Expenditures in Lakhs and Length in Kms.,Clearance,Progress During Month,Cumulative Progress,New Connectivity,Upgradation,Total,New Connectivity,Upgradation,Total,New Connectivity,Upgradation,Total,Sr.No.,Sanction Year,Nos.,Length,Cost,1000+,999-500,499-250 (Eligible),Nos.,Length,Cost,LSB Nos.,Road Nos.,Road Length,Cost,Funds Released,Nos.,Length,Expenditure,1000+,999-500,499-250 (Eligible),Nos.,Length,Expenditure,Nos.,Length,Expenditure,Nos.,Length,Expenditure,1000+,999-500,499-250 (Eligible),Nos.,Length,Expenditure,LSB Nos.,Road Nos.,Road Length,Expenditure,West Kameng,2018 - 2019,6,158.220,"6,495.09",0,0,0,0,0,0.000,0.00,0,6,158.220,"6,495.09",0.00,0,0.000,43.23,0,0,0,0,0,0.000,0.00,0,0.000,43.23,0,0.000,575.42,0,0,0,0,0,0.000,0.00,0,0,0.000,575.42,Total,84,775.769,"45,179.83",3,5,20,0,12,80.520,"5,772.41",11,96,856.289,"50,952.24",0.00,2,2.411,"31,591.27",0,0,0,0,0,0.000,0.00,2,2.411,"32,850.05",72,569.414,"32,172.48",3,5,16,0,0,0.000,0.00,4,72,569.414,"33,431.26",Grand Total,"1,387","14,515.167","11,73,314.32",49,126,466,0,276,"2,265.694","2,16,564.43",303,"1,663","16,780.861","13,89,878.75",0.00,3,178.791,"4,73,770.52",0,0,3,0,0,10.600,"6,077.44",3,189.391,"4,92,131.11",883,"8,265.337","4,89,536.36",49,119,331,0,9,90.615,"6,948.40",34,892,"8,355.952","5,09,288.08","Page 1 of 1     Generated on : 12/03/2025 19:29 PM     2014 NRRDA, All rights reserved"
Pradhan Mantri Gram Sadak Yojana,Monthly Report Format for Physical & Financial Progress under PMGSY,State: Arunachal Pradesh     District: All Districts     Block: All Blocks     Year: 2020     Month: January     Collaboration: All Collaborations     Agency:  Rural Works Department   Scheme: All Scheme,Note : All Costs and Expenditures in Lakhs and Length in Kms.,Clearance,Progress During Month,Cumulative Progress,New Connectivity,Upgradation,Total,New Connectivity,Upgradation,Total,New Connectivity,Upgradation,Total,Sr.No.,Sanction Year,Nos.,Length,Cost,1000+,999-500,499-250 (Eligible),Nos.,Length,Cost,LSB Nos.,Road Nos.,Road Length,Cost,Funds Released,Nos.,Length,Expenditure,1000+,999-500,499-250 (Eligible),Nos.,Length,Expenditure,Nos.,Length,Expenditure,Nos.,Length,Expenditure,1000+,999-500,499-250 (Eligible),Nos.,Length,Expenditure,LSB Nos.,Road Nos.,Road Length,Expenditure,West Kameng,2019 - 2020,0,0.000,0.00,0,0,0,0,2,8.220,395.95,0,2,8.220,395.95,0.00,0,0.000,0.00,0,0,0,0,0,0.000,0.00,0,0.000,0.00,0,0.000,,0,0,0,0,0,0.000,0.00,0,0,0.000,0.00,Total,84,775.769,"45,179.83",3,5,20,0,12,80.520,"5,772.41",11,96,856.289,"50,952.24",0.00,2,2.411,"31,591.27",0,0,0,0,0,0.000,0.00,2,2.411,"32,850.05",72,569.414,"32,172.48",3,5,16,0,0,0.000,0.00,4,72,569.414,"33,431.26",Grand Total,"1,387","14,515.167","11,73,314.32",49,126,466,0,276,"2,265.694","2,16,564.43",303,"1,663","16,780.861","13,89,878.75",0.00,3,178.791,"4,73,770.52",0,0,3,0,0,10.600,"6,077.44",3,189.391,"4,92,131.11",883,"8,265.337","4,89,536.36",49,119,331,0,9,90.615,"6,948.40",34,892,"8,355.952","5,09,288.08","Page 1 of 1     Generated on : 12/03/2025 19:29 PM     2014 NRRDA, All rights reserved"
Pradhan Mantri Gram Sadak Yojana,Monthly Report Format for Physical & Financial Progress under PMGSY,State: Arunachal Pradesh     District: All Districts     Block: All Blocks     Year: 2020     Month: January     Collaboration: All Collaborations     Agency:  Rural Works Department   Scheme: All Scheme,Note : All Costs and Expenditures in Lakhs and Length in Kms.,Clearance,Progress During Month,Cumulative Progress,New Connectivity,Upgradation,Total,New Connectivity,Upgradation,Total,New Connectivity,Upgradation,Total,Sr.No.,Sanction Year,Nos.,Length,Cost,1000+,999-500,499-250 (Eligible),Nos.,Length,Cost,LSB Nos.,Road Nos.,Road Length,Cost,Funds Released,Nos.,Length,Expenditure,1000+,999-500,499-250 (Eligible),Nos.,Length,Expenditure,Nos.,Length,Expenditure,Nos.,Length,Expenditure,1000+,999-500,499-250 (Eligible),Nos.,Length,Expenditure,LSB Nos.,Road Nos.,Road Length,Expenditure,West Kameng,2023 - 2024,0,0.000,0.00,0,0,0,0,3,20.560,"1,435.64",0,3,20.560,"1,435.64",0.00,0,0.000,0.00,0,0,0,0,0,0.000,0.00,0,0.000,0.00,0,0.000,,0,0,0,0,0,0.000,0.00,0,0,0.000,0.00,Total,84,775.769,"45,179.83",3,5,20,0,12,80.520,"5,772.41",11,96,856.289,"50,952.24",0.00,2,2.411,"31,591.27",0,0,0,0,0,0.000,0.00,2,2.411,"32,850.05",72,569.414,"32,172.48",3,5,16,0,0,0.000,0.00,4,72,569.414,"33,431.26",Grand Total,"1,387","14,515.167","11,73,314.32",49,126,466,0,276,"2,265.694","2,16,564.43",303,"1,663","16,780.861","13,89,878.75",0.00,3,178.791,"4,73,770.52",0,0,3,0,0,10.600,"6,077.44",3,189.391,"4,92,131.11",883,"8,265.337","4,89,536.36",49,119,331,0,9,90.615,"6,948.40",34,892,"8,355.952","5,09,288.08","Page 1 of 1     Generated on : 12/03/2025 19:29 PM     2014 NRRDA, All rights reserved"
Pradhan Mantri Gram Sadak Yojana,Monthly Report Format for Physical & Financial Progress under PMGSY,State: Arunachal Pradesh     District: All Districts     Block: All Blocks     Year: 2020     Month: January     Collaboration: All Collaborations     Agency:  Rural Works Department   Scheme: All Scheme,Note : All Costs and Expenditures in Lakhs and Length in Kms.,Clearance,Progress During Month,Cumulative Progress,New Connectivity,Upgradation,Total,New Connectivity,Upgradation,Total,New Connectivity,Upgradation,Total,Sr.No.,Sanction Year,Nos.,Length,Cost,1000+,999-500,499-250 (Eligible),Nos.,Length,Cost,LSB Nos.,Road Nos.,Road Length,Cost,Funds Released,Nos.,Length,Expenditure,1000+,999-500,499-250 (Eligible),Nos.,Length,Expenditure,Nos.,Length,Expenditure,Nos.,Length,Expenditure,1000+,999-500,499-250 (Eligible),Nos.,Length,Expenditure,LSB Nos.,Road Nos.,Road Length,Expenditure,West Kameng,2024 - 2025,0,0.000,0.00,0,0,0,0,7,51.740,"3,940.82",0,7,51.740,"3,940.82",0.00,0,0.000,0.00,0,0,0,0,0,0.000,0.00,0,0.000,0.00,0,0.000,,0,0,0,0,0,0.000,0.00,0,0,0.000,0.00,Total,84,775.769,"45,179.83",3,5,20,0,12,80.520,"5,772.41",11,96,856.289,"50,952.24",0.00,2,2.411,"31,591.27",0,0,0,0,0,0.000,0.00,2,2.411,"32,850.05",72,569.414,"32,172.48",3,5,16,0,0,0.000,0.00,4,72,569.414,"33,431.26",Grand Total,"1,387","14,515.167","11,73,314.32",49,126,466,0,276,"2,265.694","2,16,564.43",303,"1,663","16,780.861","13,89,878.75",0.00,3,178.791,"4,73,770.52",0,0,3,0,0,10.600,"6,077.44",3,189.391,"4,92,131.11",883,"8,265.337","4,89,536.36",49,119,331,0,9,90.615,"6,948.40",34,892,"8,355.952","5,09,288.08","Page 1 of 1     Generated on : 12/03/2025 19:29 PM     2014 NRRDA, All rights reserved"
Pradhan Mantri Gram Sadak Yojana,Monthly Report Format for Physical & Financial Progress under PMGSY,State: Arunachal Pradesh     District: All Districts     Block: All Blocks     Year: 2020     Month: January     Collaboration: All Collaborations     Agency:  Rural Works Department   Scheme: All Scheme,Note : All Costs and Expenditures in Lakhs and Length in Kms.,Clearance,Progress During Month,Cumulative Progress,New Connectivity,Upgradation,Total,New Connectivity,Upgradation,Total,New Connectivity,Upgradation,Total,Sr.No.,Sanction Year,Nos.,Length,Cost,1000+,999-500,499-250 (Eligible),Nos.,Length,Cost,LSB Nos.,Road Nos.,Road Length,Cost,Funds Released,Nos.,Length,Expenditure,1000+,999-500,499-250 (Eligible),Nos.,Length,Expenditure,Nos.,Length,Expenditure,Nos.,Length,Expenditure,1000+,999-500,499-250 (Eligible),Nos.,Length,Expenditure,LSB Nos.,Road Nos.,Road Length,Expenditure,West Siang,2000 - 2001,3,3.500,55.00,0,0,2,0,0,0.000,0.00,0,3,3.500,55.00,0.00,0,0.000,55.00,0,0,0,0,0,0.000,0.00,0,0.000,55.00,3,3.500,55.00,0,0,2,0,0,0.000,0.00,0,3,3.500,55.00,Total,58,417.790,"26,465.55",0,4,29,0,17,113.060,"10,764.71",10,75,530.850,"37,230.26",0.00,0,0.000,"16,037.02",0,0,0,0,0,0.000,0.00,0,0.000,"16,395.28",42,284.370,"16,186.30",0,4,24,0,0,0.000,0.00,1,42,284.370,"16,544.56",Grand Total,"1,387","14,515.167","11,73,314.32",49,126,466,0,276,"2,265.694","2,16,564.43",303,"1,663","16,780.861","13,89,878.75",0.00,3,178.791,"4,73,770.52",0,0,3,0,0,10.600,"6,077.44",3,189.391,"4,92,131.11",883,"8,265.337","4,89,536.36",49,119,331,0,9,90.615,"6,948.40",34,892,"8,355.952","5,09,288.08","Page 1 of 1     Generated on : 12/03/2025 19:29 PM     2014 NRRDA, All rights reserved"
Pradhan Mantri Gram Sadak Yojana,Monthly Report Format for Physical & Financial Progress under PMGSY,State: Arunachal Pradesh     District: All Districts     Block: All Blocks     Year: 2020     Month: January     Collaboration: All Collaborations     Agency:  Rural Works Department   Scheme: All Scheme,Note : All Costs and Expenditures in Lakhs and Length in Kms.,Clearance,Progress During Month,Cumulative Progress,New Connectivity,Upgradation,Total,New Connectivity,Upgradation,Total,New Connectivity,Upgradation,Total,Sr.No.,Sanction Year,Nos.,Length,Cost,1000+,999-500,499-250 (Eligible),Nos.,Length,Cost,LSB Nos.,Road Nos.,Road Length,Cost,Funds Released,Nos.,Length,Expenditure,1000+,999-500,499-250 (Eligible),Nos.,Length,Expenditure,Nos.,Length,Expenditure,Nos.,Length,Expenditure,1000+,999-500,499-250 (Eligible),Nos.,Length,Expenditure,LSB Nos.,Road Nos.,Road Length,Expenditure,West Siang,2001 - 2002,6,23.480,294.01,0,1,3,0,0,0.000,0.00,0,6,23.480,294.01,0.00,0,0.000,294.01,0,0,0,0,0,0.000,0.00,0,0.000,294.01,6,23.480,294.01,0,1,3,0,0,0.000,0.00,0,6,23.480,294.01,Total,58,417.790,"26,465.55",0,4,29,0,17,113.060,"10,764.71",10,75,530.850,"37,230.26",0.00,0,0.000,"16,037.02",0,0,0,0,0,0.000,0.00,0,0.000,"16,395.28",42,284.370,"16,186.30",0,4,24,0,0,0.000,0.00,1,42,284.370,"16,544.56",Grand Total,"1,387","14,515.167","11,73,314.32",49,126,466,0,276,"2,265.694","2,16,564.43",303,"1,663","16,780.861","13,89,878.75",0.00,3,178.791,"4,73,770.52",0,0,3,0,0,10.600,"6,077.44",3,189.391,"4,92,131.11",883,"8,265.337","4,89,536.36",49,119,331,0,9,90.615,"6,948.40",34,892,"8,355.952","5,09,288.08","Page 1 of 1     Generated on : 12/03/2025 19:29 PM     2014 NRRDA, All rights reserved"
Pradhan Mantri Gram Sadak Yojana,Monthly Report Format for Physical & Financial Progress under PMGSY,State: Arunachal Pradesh     District: All Districts     Block: All Blocks     Year: 2020     Month: January     Collaboration: All Collaborations     Agency:  Rural Works Department   Scheme: All Scheme,Note : All Costs and Expenditures in Lakhs and Length in Kms.,Clearance,Progress During Month,Cumulative Progress,New Connectivity,Upgradation,Total,New Connectivity,Upgradation,Total,New Connectivity,Upgradation,Total,Sr.No.,Sanction Year,Nos.,Length,Cost,1000+,999-500,499-250 (Eligible),Nos.,Length,Cost,LSB Nos.,Road Nos.,Road Length,Cost,Funds Released,Nos.,Length,Expenditure,1000+,999-500,499-250 (Eligible),Nos.,Length,Expenditure,Nos.,Length,Expenditure,Nos.,Length,Expenditure,1000+,999-500,499-250 (Eligible),Nos.,Length,Expenditure,LSB Nos.,Road Nos.,Road Length,Expenditure,West Siang,2004 - 2005,7,31.070,741.87,0,2,6,0,0,0.000,0.00,0,7,31.070,741.87,0.00,0,0.000,683.98,0,0,0,0,0,0.000,0.00,0,0.000,683.98,7,31.070,683.98,0,2,6,0,0,0.000,0.00,0,7,31.070,683.98,Total,58,417.790,"26,465.55",0,4,29,0,17,113.060,"10,764.71",10,75,530.850,"37,230.26",0.00,0,0.000,"16,037.02",0,0,0,0,0,0.000,0.00,0,0.000,"16,395.28",42,284.370,"16,186.30",0,4,24,0,0,0.000,0.00,1,42,284.370,"16,544.56",Grand Total,"1,387","14,515.167","11,73,314.32",49,126,466,0,276,"2,265.694","2,16,564.43",303,"1,663","16,780.861","13,89,878.75",0.00,3,178.791,"4,73,770.52",0,0,3,0,0,10.600,"6,077.44",3,189.391,"4,92,131.11",883,"8,265.337","4,89,536.36",49,119,331,0,9,90.615,"6,948.40",34,892,"8,355.952","5,09,288.08","Page 1 of 1     Generated on : 12/03/2025 19:29 PM     2014 NRRDA, All rights reserved"
Pradhan Mantri Gram Sadak Yojana,Monthly Report Format for Physical & Financial Progress under PMGSY,State: Arunachal Pradesh     District: All Districts     Block: All Blocks     Year: 2020     Month: January     Collaboration: All Collaborations     Agency:  Rural Works Department   Scheme: All Scheme,Note : All Costs and Expenditures in Lakhs and Length in Kms.,Clearance,Progress During Month,Cumulative Progress,New Connectivity,Upgradation,Total,New Connectivity,Upgradation,Total,New Connectivity,Upgradation,Total,Sr.No.,Sanction Year,Nos.,Length,Cost,1000+,999-500,499-250 (Eligible),Nos.,Length,Cost,LSB Nos.,Road Nos.,Road Length,Cost,Funds Released,Nos.,Length,Expenditure,1000+,999-500,499-250 (Eligible),Nos.,Length,Expenditure,Nos.,Length,Expenditure,Nos.,Length,Expenditure,1000+,999-500,499-250 (Eligible),Nos.,Length,Expenditure,LSB Nos.,Road Nos.,Road Length,Expenditure,West Siang,2006 - 2007,10,84.660,"4,111.82",0,0,2,0,0,0.000,0.00,0,10,84.660,"4,111.82",0.00,0,0.000,"3,688.04",0,0,0,0,0,0.000,0.00,0,0.000,"3,688.04",8,65.160,"3,688.04",0,0,2,0,0,0.000,0.00,0,8,65.160,"3,688.04",Total,58,417.790,"26,465.55",0,4,29,0,17,113.060,"10,764.71",10,75,530.850,"37,230.26",0.00,0,0.000,"16,037.02",0,0,0,0,0,0.000,0.00,0,0.000,"16,395.28",42,284.370,"16,186.30",0,4,24,0,0,0.000,0.00,1,42,284.370,"16,544.56",Grand Total,"1,387","14,515.167","11,73,314.32",49,126,466,0,276,"2,265.694","2,16,564.43",303,"1,663","16,780.861","13,89,878.75",0.00,3,178.791,"4,73,770.52",0,0,3,0,0,10.600,"6,077.44",3,189.391,"4,92,131.11",883,"8,265.337","4,89,536.36",49,119,331,0,9,90.615,"6,948.40",34,892,"8,355.952","5,09,288.08","Page 1 of 1     Generated on : 12/03/2025 19:29 PM     2014 NRRDA, All rights reserved"
Pradhan Mantri Gram Sadak Yojana,Monthly Report Format for Physical & Financial Progress under PMGSY,State: Arunachal Pradesh     District: All Districts     Block: All Blocks     Year: 2020     Month: January     Collaboration: All Collaborations     Agency:  Rural Works Department   Scheme: All Scheme,Note : All Costs and Expenditures in Lakhs and Length in Kms.,Clearance,Progress During Month,Cumulative Progress,New Connectivity,Upgradation,Total,New Connectivity,Upgradation,Total,New Connectivity,Upgradation,Total,Sr.No.,Sanction Year,Nos.,Length,Cost,1000+,999-500,499-250 (Eligible),Nos.,Length,Cost,LSB Nos.,Road Nos.,Road Length,Cost,Funds Released,Nos.,Length,Expenditure,1000+,999-500,499-250 (Eligible),Nos.,Length,Expenditure,Nos.,Length,Expenditure,Nos.,Length,Expenditure,1000+,999-500,499-250 (Eligible),Nos.,Length,Expenditure,LSB Nos.,Road Nos.,Road Length,Expenditure,West Siang,2007 - 2008,12,80.980,"5,062.07",0,1,5,0,0,0.000,0.00,0,12,80.980,"5,062.07",0.00,0,0.000,"4,968.95",0,0,0,0,0,0.000,0.00,0,0.000,"4,968.95",12,80.980,"4,968.95",0,1,5,0,0,0.000,0.00,0,12,80.980,"4,968.95",Total,58,417.790,"26,465.55",0,4,29,0,17,113.060,"10,764.71",10,75,530.850,"37,230.26",0.00,0,0.000,"16,037.02",0,0,0,0,0,0.000,0.00,0,0.000,"16,395.28",42,284.370,"16,186.30",0,4,24,0,0,0.000,0.00,1,42,284.370,"16,544.56",Grand Total,"1,387","14,515.167","11,73,314.32",49,126,466,0,276,"2,265.694","2,16,564.43",303,"1,663","16,780.861","13,89,878.75",0.00,3,178.791,"4,73,770.52",0,0,3,0,0,10.600,"6,077.44",3,189.391,"4,92,131.11",883,"8,265.337","4,89,536.36",49,119,331,0,9,90.615,"6,948.40",34,892,"8,355.952","5,09,288.08","Page 1 of 1     Generated on : 12/03/2025 19:29 PM     2014 NRRDA, All rights reserved"
Pradhan Mantri Gram Sadak Yojana,Monthly Report Format for Physical & Financial Progress under PMGSY,State: Arunachal Pradesh     District: All Districts     Block: All Blocks     Year: 2020     Month: January     Collaboration: All Collaborations     Agency:  Rural Works Department   Scheme: All Scheme,Note : All Costs and Expenditures in Lakhs and Length in Kms.,Clearance,Progress During Month,Cumulative Progress,New Connectivity,Upgradation,Total,New Connectivity,Upgradation,Total,New Connectivity,Upgradation,Total,Sr.No.,Sanction Year,Nos.,Length,Cost,1000+,999-500,499-250 (Eligible),Nos.,Length,Cost,LSB Nos.,Road Nos.,Road Length,Cost,Funds Released,Nos.,Length,Expenditure,1000+,999-500,499-250 (Eligible),Nos.,Length,Expenditure,Nos.,Length,Expenditure,Nos.,Length,Expenditure,1000+,999-500,499-250 (Eligible),Nos.,Length,Expenditure,LSB Nos.,Road Nos.,Road Length,Expenditure,West Siang,2012 - 2013,2,17.880,914.27,0,0,0,0,0,0.000,0.00,0,2,17.880,914.27,0.00,0,0.000,808.05,0,0,0,0,0,0.000,0.00,0,0.000,808.05,1,17.120,808.05,0,0,0,0,0,0.000,0.00,0,1,17.120,808.05,Total,58,417.790,"26,465.55",0,4,29,0,17,113.060,"10,764.71",10,75,530.850,"37,230.26",0.00,0,0.000,"16,037.02",0,0,0,0,0,0.000,0.00,0,0.000,"16,395.28",42,284.370,"16,186.30",0,4,24,0,0,0.000,0.00,1,42,284.370,"16,544.56",Grand Total,"1,387","14,515.167","11,73,314.32",49,126,466,0,276,"2,265.694","2,16,564.43",303,"1,663","16,780.861","13,89,878.75",0.00,3,178.791,"4,73,770.52",0,0,3,0,0,10.600,"6,077.44",3,189.391,"4,92,131.11",883,"8,265.337","4,89,536.36",49,119,331,0,9,90.615,"6,948.40",34,892,"8,355.952","5,09,288.08","Page 1 of 1     Generated on : 12/03/2025 19:29 PM     2014 NRRDA, All rights reserved"
Pradhan Mantri Gram Sadak Yojana,Monthly Report Format for Physical & Financial Progress under PMGSY,State: Arunachal Pradesh     District: All Districts     Block: All Blocks     Year: 2020     Month: January     Collaboration: All Collaborations     Agency:  Rural Works Department   Scheme: All Scheme,Note : All Costs and Expenditures in Lakhs and Length in Kms.,Clearance,Progress During Month,Cumulative Progress,New Connectivity,Upgradation,Total,New Connectivity,Upgradation,Total,New Connectivity,Upgradation,Total,Sr.No.,Sanction Year,Nos.,Length,Cost,1000+,999-500,499-250 (Eligible),Nos.,Length,Cost,LSB Nos.,Road Nos.,Road Length,Cost,Funds Released,Nos.,Length,Expenditure,1000+,999-500,499-250 (Eligible),Nos.,Length,Expenditure,Nos.,Length,Expenditure,Nos.,Length,Expenditure,1000+,999-500,499-250 (Eligible),Nos.,Length,Expenditure,LSB Nos.,Road Nos.,Road Length,Expenditure,West Siang,2016 - 2017,7,67.480,"6,845.59",0,0,6,0,0,0.000,0.00,4,7,67.480,"6,845.59",0.00,0,0.000,"5,247.85",0,0,0,0,0,0.000,0.00,0,0.000,"5,606.11",5,59.560,"5,247.85",0,0,5,0,0,0.000,0.00,1,5,59.560,"5,606.11",Total,58,417.790,"26,465.55",0,4,29,0,17,113.060,"10,764.71",10,75,530.850,"37,230.26",0.00,0,0.000,"16,037.02",0,0,0,0,0,0.000,0.00,0,0.000,"16,395.28",42,284.370,"16,186.30",0,4,24,0,0,0.000,0.00,1,42,284.370,"16,544.56",Grand Total,"1,387","14,515.167","11,73,314.32",49,126,466,0,276,"2,265.694","2,16,564.43",303,"1,663","16,780.861","13,89,878.75",0.00,3,178.791,"4,73,770.52",0,0,3,0,0,10.600,"6,077.44",3,189.391,"4,92,131.11",883,"8,265.337","4,89,536.36",49,119,331,0,9,90.615,"6,948.40",34,892,"8,355.952","5,09,288.08","Page 1 of 1     Generated on : 12/03/2025 19:29 PM     2014 NRRDA, All rights reserved"
Pradhan Mantri Gram Sadak Yojana,Monthly Report Format for Physical & Financial Progress under PMGSY,State: Arunachal Pradesh     District: All Districts     Block: All Blocks     Year: 2020     Month: January     Collaboration: All Collaborations     Agency:  Rural Works Department   Scheme: All Scheme,Note : All Costs and Expenditures in Lakhs and Length in Kms.,Clearance,Progress During Month,Cumulative Progress,New Connectivity,Upgradation,Total,New Connectivity,Upgradation,Total,New Connectivity,Upgradation,Total,Sr.No.,Sanction Year,Nos.,Length,Cost,1000+,999-500,499-250 (Eligible),Nos.,Length,Cost,LSB Nos.,Road Nos.,Road Length,Cost,Funds Released,Nos.,Length,Expenditure,1000+,999-500,499-250 (Eligible),Nos.,Length,Expenditure,Nos.,Length,Expenditure,Nos.,Length,Expenditure,1000+,999-500,499-250 (Eligible),Nos.,Length,Expenditure,LSB Nos.,Road Nos.,Road Length,Expenditure,West Siang,2017 - 2018,2,6.960,828.84,0,0,2,0,0,0.000,0.00,0,2,6.960,828.84,0.00,0,0.000,175.10,0,0,0,0,0,0.000,0.00,0,0.000,175.10,0,3.500,217.34,0,0,1,0,0,0.000,0.00,0,0,3.500,217.34,Total,58,417.790,"26,465.55",0,4,29,0,17,113.060,"10,764.71",10,75,530.850,"37,230.26",0.00,0,0.000,"16,037.02",0,0,0,0,0,0.000,0.00,0,0.000,"16,395.28",42,284.370,"16,186.30",0,4,24,0,0,0.000,0.00,1,42,284.370,"16,544.56",Grand Total,"1,387","14,515.167","11,73,314.32",49,126,466,0,276,"2,265.694","2,16,564.43",303,"1,663","16,780.861","13,89,878.75",0.00,3,178.791,"4,73,770.52",0,0,3,0,0,10.600,"6,077.44",3,189.391,"4,92,131.11",883,"8,265.337","4,89,536.36",49,119,331,0,9,90.615,"6,948.40",34,892,"8,355.952","5,09,288.08","Page 1 of 1     Generated on : 12/03/2025 19:29 PM     2014 NRRDA, All rights reserved"
Pradhan Mantri Gram Sadak Yojana,Monthly Report Format for Physical & Financial Progress under PMGSY,State: Arunachal Pradesh     District: All Districts     Block: All Blocks     Year: 2020     Month: January     Collaboration: All Collaborations     Agency:  Rural Works Department   Scheme: All Scheme,Note : All Costs and Expenditures in Lakhs and Length in Kms.,Clearance,Progress During Month,Cumulative Progress,New Connectivity,Upgradation,Total,New Connectivity,Upgradation,Total,New Connectivity,Upgradation,Total,Sr.No.,Sanction Year,Nos.,Length,Cost,1000+,999-500,499-250 (Eligible),Nos.,Length,Cost,LSB Nos.,Road Nos.,Road Length,Cost,Funds Released,Nos.,Length,Expenditure,1000+,999-500,499-250 (Eligible),Nos.,Length,Expenditure,Nos.,Length,Expenditure,Nos.,Length,Expenditure,1000+,999-500,499-250 (Eligible),Nos.,Length,Expenditure,LSB Nos.,Road Nos.,Road Length,Expenditure,West Siang,2018 - 2019,9,101.780,"7,612.08",0,0,3,0,0,0.000,0.00,2,9,101.780,"7,612.08",0.00,0,0.000,116.04,0,0,0,0,0,0.000,0.00,0,0.000,116.04,0,0.000,223.08,0,0,0,0,0,0.000,0.00,0,0,0.000,223.08,Total,58,417.790,"26,465.55",0,4,29,0,17,113.060,"10,764.71",10,75,530.850,"37,230.26",0.00,0,0.000,"16,037.02",0,0,0,0,0,0.000,0.00,0,0.000,"16,395.28",42,284.370,"16,186.30",0,4,24,0,0,0.000,0.00,1,42,284.370,"16,544.56",Grand Total,"1,387","14,515.167","11,73,314.32",49,126,466,0,276,"2,265.694","2,16,564.43",303,"1,663","16,780.861","13,89,878.75",0.00,3,178.791,"4,73,770.52",0,0,3,0,0,10.600,"6,077.44",3,189.391,"4,92,131.11",883,"8,265.337","4,89,536.36",49,119,331,0,9,90.615,"6,948.40",34,892,"8,355.952","5,09,288.08","Page 1 of 1     Generated on : 12/03/2025 19:29 PM     2014 NRRDA, All rights reserved"
Pradhan Mantri Gram Sadak Yojana,Monthly Report Format for Physical & Financial Progress under PMGSY,State: Arunachal Pradesh     District: All Districts     Block: All Blocks     Year: 2020     Month: January     Collaboration: All Collaborations     Agency:  Rural Works Department   Scheme: All Scheme,Note : All Costs and Expenditures in Lakhs and Length in Kms.,Clearance,Progress During Month,Cumulative Progress,New Connectivity,Upgradation,Total,New Connectivity,Upgradation,Total,New Connectivity,Upgradation,Total,Sr.No.,Sanction Year,Nos.,Length,Cost,1000+,999-500,499-250 (Eligible),Nos.,Length,Cost,LSB Nos.,Road Nos.,Road Length,Cost,Funds Released,Nos.,Length,Expenditure,1000+,999-500,499-250 (Eligible),Nos.,Length,Expenditure,Nos.,Length,Expenditure,Nos.,Length,Expenditure,1000+,999-500,499-250 (Eligible),Nos.,Length,Expenditure,LSB Nos.,Road Nos.,Road Length,Expenditure,West Siang,2019 - 2020,0,0.000,0.00,0,0,0,0,4,21.050,"1,721.34",0,4,21.050,"1,721.34",0.00,0,0.000,0.00,0,0,0,0,0,0.000,0.00,0,0.000,0.00,0,0.000,,0,0,0,0,0,0.000,0.00,0,0,0.000,0.00,Total,58,417.790,"26,465.55",0,4,29,0,17,113.060,"10,764.71",10,75,530.850,"37,230.26",0.00,0,0.000,"16,037.02",0,0,0,0,0,0.000,0.00,0,0.000,"16,395.28",42,284.370,"16,186.30",0,4,24,0,0,0.000,0.00,1,42,284.370,"16,544.56",Grand Total,"1,387","14,515.167","11,73,314.32",49,126,466,0,276,"2,265.694","2,16,564.43",303,"1,663","16,780.861","13,89,878.75",0.00,3,178.791,"4,73,770.52",0,0,3,0,0,10.600,"6,077.44",3,189.391,"4,92,131.11",883,"8,265.337","4,89,536.36",49,119,331,0,9,90.615,"6,948.40",34,892,"8,355.952","5,09,288.08","Page 1 of 1     Generated on : 12/03/2025 19:29 PM     2014 NRRDA, All rights reserved"
Pradhan Mantri Gram Sadak Yojana,Monthly Report Format for Physical & Financial Progress under PMGSY,State: Arunachal Pradesh     District: All Districts     Block: All Blocks     Year: 2020     Month: January     Collaboration: All Collaborations     Agency:  Rural Works Department   Scheme: All Scheme,Note : All Costs and Expenditures in Lakhs and Length in Kms.,Clearance,Progress During Month,Cumulative Progress,New Connectivity,Upgradation,Total,New Connectivity,Upgradation,Total,New Connectivity,Upgradation,Total,Sr.No.,Sanction Year,Nos.,Length,Cost,1000+,999-500,499-250 (Eligible),Nos.,Length,Cost,LSB Nos.,Road Nos.,Road Length,Cost,Funds Released,Nos.,Length,Expenditure,1000+,999-500,499-250 (Eligible),Nos.,Length,Expenditure,Nos.,Length,Expenditure,Nos.,Length,Expenditure,1000+,999-500,499-250 (Eligible),Nos.,Length,Expenditure,LSB Nos.,Road Nos.,Road Length,Expenditure,West Siang,2023 - 2024,0,0.000,0.00,0,0,0,0,5,30.100,"3,036.44",1,5,30.100,"3,036.44",0.00,0,0.000,0.00,0,0,0,0,0,0.000,0.00,0,0.000,0.00,0,0.000,,0,0,0,0,0,0.000,0.00,0,0,0.000,0.00,Total,58,417.790,"26,465.55",0,4,29,0,17,113.060,"10,764.71",10,75,530.850,"37,230.26",0.00,0,0.000,"16,037.02",0,0,0,0,0,0.000,0.00,0,0.000,"16,395.28",42,284.370,"16,186.30",0,4,24,0,0,0.000,0.00,1,42,284.370,"16,544.56",Grand Total,"1,387","14,515.167","11,73,314.32",49,126,466,0,276,"2,265.694","2,16,564.43",303,"1,663","16,780.861","13,89,878.75",0.00,3,178.791,"4,73,770.52",0,0,3,0,0,10.600,"6,077.44",3,189.391,"4,92,131.11",883,"8,265.337","4,89,536.36",49,119,331,0,9,90.615,"6,948.40",34,892,"8,355.952","5,09,288.08","Page 1 of 1     Generated on : 12/03/2025 19:29 PM     2014 NRRDA, All rights reserved"
Pradhan Mantri Gram Sadak Yojana,Monthly Report Format for Physical & Financial Progress under PMGSY,State: Arunachal Pradesh     District: All Districts     Block: All Blocks     Year: 2020     Month: January     Collaboration: All Collaborations     Agency:  Rural Works Department   Scheme: All Scheme,Note : All Costs and Expenditures in Lakhs and Length in Kms.,Clearance,Progress During Month,Cumulative Progress,New Connectivity,Upgradation,Total,New Connectivity,Upgradation,Total,New Connectivity,Upgradation,Total,Sr.No.,Sanction Year,Nos.,Length,Cost,1000+,999-500,499-250 (Eligible),Nos.,Length,Cost,LSB Nos.,Road Nos.,Road Length,Cost,Funds Released,Nos.,Length,Expenditure,1000+,999-500,499-250 (Eligible),Nos.,Length,Expenditure,Nos.,Length,Expenditure,Nos.,Length,Expenditure,1000+,999-500,499-250 (Eligible),Nos.,Length,Expenditure,LSB Nos.,Road Nos.,Road Length,Expenditure,West Siang,2024 - 2025,0,0.000,0.00,0,0,0,0,8,61.910,"6,006.93",3,8,61.910,"6,006.93",0.00,0,0.000,0.00,0,0,0,0,0,0.000,0.00,0,0.000,0.00,0,0.000,,0,0,0,0,0,0.000,0.00,0,0,0.000,0.00,Total,58,417.790,"26,465.55",0,4,29,0,17,113.060,"10,764.71",10,75,530.850,"37,230.26",0.00,0,0.000,"16,037.02",0,0,0,0,0,0.000,0.00,0,0.000,"16,395.28",42,284.370,"16,186.30",0,4,24,0,0,0.000,0.00,1,42,284.370,"16,544.56",Grand Total,"1,387","14,515.167","11,73,314.32",49,126,466,0,276,"2,265.694","2,16,564.43",303,"1,663","16,780.861","13,89,878.75",0.00,3,178.791,"4,73,770.52",0,0,3,0,0,10.600,"6,077.44",3,189.391,"4,92,131.11",883,"8,265.337","4,89,536.36",49,119,331,0,9,90.615,"6,948.40",34,892,"8,355.952","5,09,288.08","Page 1 of 1     Generated on : 12/03/2025 19:29 PM     2014 NRRDA, All rights reserved"

